raw_data = """
[[[2481.1572 2381.9932 2284.4844 2189.8286 2099.1094 2013.2532 1933.0017
   1858.884  1791.2068 1730.0616]
  [2482.89   2385.1738 2289.1316 2196.0105 2106.923  2022.7938 1944.3245
   1871.9716 1805.9467 1746.2441]
  [2483.824  2388.7637 2295.3972 2204.9697 2118.569  2037.0673 1961.08
   1890.9579 1826.803  1768.5186]
  [2483.9792 2392.8018 2303.3445 2216.7864 2134.124  2056.1118 1983.2332
   1915.7045 1853.5182 1796.5112]
  [2483.6914 2397.531  2313.1184 2231.4917 2153.484  2079.6729 2010.3684
   1945.6423 1885.3964 1829.4442]
  [2483.617  2403.399  2324.9229 2249.0225 2176.3076 2107.1372 2041.6313
   1979.7329 1921.2903 1866.1464]
  [2484.6294 2410.948  2338.9243 2269.1423 2201.9595 2137.5095 2075.7441
   2016.5165 1959.6744 1905.1383]
  [2487.5986 2420.6272 2355.1016 2291.3467 2229.483  2169.455  2111.103
   2054.254  1998.804  1944.7793]
  [2493.1235 2432.5652 2373.089  2314.7944 2257.6216 2201.4058 2145.9536
   2091.128  2036.9131 1983.4408]
  [2501.3005 2446.407  2392.096  2338.3162 2284.9202 2231.726  2178.5884
   2125.4568 2072.4126 2019.6703]]

 [[2490.8347 2391.1382 2293.0884 2197.9316 2106.7974 2020.654  1940.2725
   1866.1979 1798.7413 1737.9844]
  [2494.254  2396.077  2299.5225 2205.8843 2116.3193 2031.7914 1953.0319
   1880.5164 1814.4645 1754.8658]
  [2497.368  2401.9343 2308.0767 2217.0789 2130.0693 2047.9579 1971.396
   1900.7622 1836.1813 1777.5704]
  [2500.1772 2408.7222 2318.7769 2231.544  2148.0542 2069.1057 1995.2275
   1926.687  1863.5267 1805.6321]
  [2502.9387 2416.587  2331.6484 2249.1714 2170.019  2094.8213 2023.9584
   1957.588  1895.7063 1838.2196]
  [2506.1633 2425.7905 2346.68   2269.6616 2195.379  2124.2617 2056.5386
   1992.2861 1931.4994 1874.1627]
  [2510.4944 2436.6003 2363.7273 2292.4526 2223.1836 2156.1577 2091.482
   2029.1982 1969.3505 1912.0371]
  [2516.4946 2449.1128 2382.393  2316.67   2252.143  2188.9082 2127.0105
   2066.5098 2007.533  1950.2992]
  [2524.3992 2463.0715 2401.9343 2341.1313 2280.7283 2220.7583 2161.2737
   2102.3967 2044.3457 1987.4375]
  [2533.9412 2477.7773 2421.2646 2364.4438 2307.3433 2250.0173 2192.5835
   2135.2466 2078.2996 2022.1104]]

 [[2500.2039 2400.6204 2302.6611 2207.5986 2116.5881 2030.6221 1950.4918
   1876.7562 1809.7303 1749.4907]
  [2505.7078 2407.733  2311.303  2217.7278 2128.1855 2043.664  1964.9175
   1892.4418 1826.4724 1767.0077]
  [2511.4023 2416.2485 2322.5073 2231.4675 2144.2734 2061.8628 1984.9203
   1913.8643 1848.8591 1789.8589]
  [2517.231  2426.1055 2336.207  2248.7324 2164.726  2085.023  2010.2112
   1940.6302 1876.4034 1817.4932]
  [2523.3218 2437.293  2352.2485 2269.2178 2189.085  2112.538  2040.0538
   1971.913  1908.2427 1849.075 ]
  [2529.9712 2449.825  2370.347  2292.3467 2216.5037 2143.3433 2073.2417
   2006.4551 1943.1649 1883.521 ]
  [2537.5295 2463.6406 2390.0166 2317.2275 2245.7485 2175.9604 2108.1733
   2042.662  1979.6976 1919.5679]
  [2546.2068 2478.4639 2410.4988 2342.6672 2275.2847 2208.6396 2143.0278
   2078.7754 2016.2521 1955.867 ]
  [2555.878  2493.6929 2430.7466 2367.2534 2303.4424 2239.582  2175.9983
   2113.0835 2051.2861 1991.0889]
  [2565.9797 2508.3865 2449.5115 2389.5186 2328.637  2267.1755 2205.5198
   2144.118  2083.4565 2024.0317]]

 [[2508.9731 2410.1218 2312.8706 2218.4917 2128.1458 2042.8333 1963.3534
   1890.2733 1823.9103 1764.3385]
  [2516.8682 2419.7305 2324.0442 2231.106  2142.0928 2057.998  1979.5911
   1907.3882 1841.6449 1782.3789]
  [2525.4194 2431.1658 2338.127  2247.5679 2160.6255 2078.2507 2001.1621
   1929.8245 1864.4573 1805.0687]
  [2534.4758 2444.2417 2354.9026 2267.617  2183.4268 2103.1997 2027.5901
   1957.0302 1891.7457 1831.7971]
  [2543.9844 2458.7405 2373.9863 2290.71   2209.8071 2132.0344 2057.9854
   1988.0897 1922.6332 1861.7874]
  [2553.9783 2474.385  2394.7942 2315.984  2238.678  2163.518  2091.0566
   2021.758  1956.0095 1894.1307]
  [2564.477  2490.7693 2416.5105 2342.2676 2268.603  2196.0706 2125.2114
   2056.5522 1990.5977 1927.8145]
  [2575.338  2507.279  2438.0842 2368.1514 2297.9321 2227.9365 2158.7256
   2090.8938 2025.0446 1961.7546]
  [2586.1274 2523.0532 2458.2874 2392.134  2325.0044 2257.4111 2189.9512
   2123.2715 2058.0273 1994.8433]
  [2596.0935 2537.0442 2475.853  2412.8164 2348.3667 2283.0544 2217.5095
   2152.3958 2088.3647 2026.018 ]]

 [[2516.8472 2419.2998 2323.3364 2230.2078 2141.0593 2056.8809 1978.4666
   1906.3802 1840.9363 1782.202 ]
  [2527.323  2431.6035 2337.2393 2245.4895 2157.5046 2074.2695 1996.5566
   1924.8966 1859.5667 1800.6073]
  [2538.8572 2446.0593 2354.2673 2264.6914 2178.442  2096.4705 2019.5223
   1948.1134 1882.5247 1822.8263]
  [2551.1665 2462.3184 2374.0088 2287.3367 2203.3252 2122.8696 2046.6948
   1975.3339 1909.1259 1848.2356]
  [2563.9849 2479.9214 2395.8247 2312.63   2231.239  2152.481  2077.0771
   2005.6173 1938.5499 1876.1852]
  [2577.0579 2498.2925 2418.845  2339.4634 2260.919  2183.9834 2109.395
   2037.8308 1969.8774 1906.0106]
  [2590.0798 2516.7146 2441.989  2366.4778 2290.8438 2215.8228 2142.1895
   2070.7139 2002.1122 1937.0076]
  [2602.5999 2534.313  2464.022  2392.1812 2319.3892 2246.374  2173.9492
   2102.9548 2034.1964 1968.3901]
  [2613.9658 2550.084  2483.6667 2415.1177 2345.0237 2274.124  2203.2568
   2133.2886 2065.0493 1999.2787]
  [2623.3535 2562.9954 2499.754  2434.0493 2366.4934 2297.8428 2228.9312
   2160.601  2093.64   2028.7415]]

 [[2523.55   2427.8145 2333.669  2242.3213 2154.883  2072.3154 1995.3895
   1924.6497 1860.395  1802.6783]
  [2536.6711 2442.8784 2350.3577 2260.309  2173.8374 2091.8997 2015.2573
   1944.4451 1879.7546 1821.2467]
  [2551.1587 2460.295  2370.2334 2282.1118 2196.9956 2115.8218 2039.356
   1968.1569 1902.5636 1842.7089]
  [2566.575  2479.5269 2392.6675 2307.0205 2223.5803 2143.2622 2066.856
   1994.991  1928.114  1866.4883]
  [2582.4302 2499.8743 2416.778  2334.018  2252.5005 2173.1238 2096.731
   2024.0623 1955.7146 1892.1201]
  [2598.1987 2520.498  2441.4697 2361.8342 2282.415  2204.108  2127.8267
   2054.4392 1984.7046 1919.228 ]
  [2613.294  2540.4446 2465.497  2389.0415 2311.8435 2234.808  2158.919
   2085.1555 2014.4108 1947.4302]
  [2627.0352 2558.682  2487.5623 2414.1904 2339.3037 2263.8228 2188.7764
   2115.2075 2044.0857 1976.2354]
  [2638.6497 2574.1711 2506.4434 2435.961  2363.4622 2289.8743 2216.2314
   2143.5776 2072.882  2004.9788]
  [2647.3323 2585.9766 2521.1287 2453.3098 2383.2717 2311.9307 2240.2793
   2169.301  2099.897  2032.84  ]]

 [[2528.8533 2435.3687 2343.5105 2254.4302 2169.1843 2088.6855 2013.6602
   1944.6133 1881.8104 1825.2811]
  [2544.5703 2453.1318 2362.9082 2275.023  2190.5195 2110.3064 2035.1171
   1965.4727 1901.6677 1843.7765]
  [2561.8516 2473.3118 2385.396  2299.1562 2215.5977 2135.6313 2060.0244
   1989.366  1924.0419 1864.2362]
  [2580.0986 2495.1824 2410.1372 2325.9072 2243.4492 2163.6863 2087.4595
   2015.477  1948.2739 1886.1953]
  [2598.6204 2517.8374 2436.0608 2354.109  2272.8887 2193.357  2116.4585
   2043.0554 1973.865  1909.4155]
  [2616.6667 2540.2473 2461.9358 2382.4329 2302.6104 2223.4702 2146.0708
   2071.4314 2000.444  1933.8119]
  [2633.4465 2561.3167 2486.4624 2409.4978 2331.2778 2252.8496 2175.3628
   2099.9578 2027.6595 1959.3047]
  [2648.1367 2579.9548 2508.3806 2433.984  2357.6187 2280.3572 2203.3955
   2127.93   2055.05   1985.6635]
  [2659.921  2595.1614 2526.58   2454.7446 2380.5103 2304.947  2229.2346
   2154.551  2081.9722 2012.408 ]
  [2668.0605 2606.124  2540.2104 2470.9119 2399.0784 2325.7405 2252.0078
   2178.9712 2107.624  2038.8129]]

 [[2532.612  2441.7463 2352.5813 2266.1958 2183.5754 2105.5605 2032.8093
   1965.7649 1904.6414 1849.4353]
  [2550.7883 2462.0476 2374.498  2289.1753 2207.0435 2128.9456 2055.566
   1987.3942 1924.7124 1867.5996]
  [2570.6145 2484.7    2399.268  2315.2783 2233.666  2155.298  2080.9282
   2011.1548 1946.3928 1886.8662]
  [2591.349  2508.8152 2425.8877 2343.4287 2262.352  2183.5754 2107.969
   2036.294  1969.1478 1906.937 ]
  [2612.1443 2533.3445 2453.1738 2372.3987 2291.922  2212.7405 2135.8696
   2062.2593 1992.7081 1927.8141]
  [2632.0964 2557.1536 2479.8613 2400.906  2321.1992 2241.8223 2163.9355
   2088.6633 2016.9888 1949.679 ]
  [2650.2896 2579.0986 2504.6895 2427.6997 2349.0562 2269.9102 2191.5283
   2115.1606 2041.9204 1972.7029]
  [2665.833  2598.1023 2526.4946 2451.628  2374.4426 2296.122  2217.9756
   2141.3037 2067.278  1996.8634]
  [2677.914  2613.235  2544.2927 2471.7102 2396.425  2319.605  2242.5303
   2166.4717 2092.5818 2021.8287]
  [2685.8674 2623.7932 2557.361  2487.208  2414.2478 2339.586  2264.4126
   2189.898  2117.1082 2046.9519]]

 [[2534.7886 2446.842  2360.7034 2277.3687 2197.7312 2122.5405 2052.3623
   1987.5583 1928.2797 1874.4846]
  [2555.2336 2469.4521 2384.8696 2302.4258 2222.9917 2147.329  2076.0537
   2009.608  1948.2496 1892.0566]
  [2577.3171 2494.2422 2411.5474 2330.0977 2250.7502 2174.3164 2101.518
   2032.9448 1969.0228 1910.0029]
  [2600.1897 2520.21   2439.6287 2359.2327 2279.8857 2202.4883 2127.917
   2056.958  1990.2461 1928.2272]
  [2622.9026 2546.2368 2467.9075 2388.636  2309.3164 2230.9648 2154.6362
   2081.3296 2011.8911 1946.9601]
  [2644.4724 2571.1675 2495.1672 2417.151  2338.0557 2259.0142 2181.2476
   2105.9402 2034.1233 1966.6005]
  [2663.928  2593.8796 2520.2493 2443.6978 2365.203  2285.984  2207.3772
   2130.6938 2057.0947 1987.5065]
  [2680.3608 2613.3503 2542.1096 2467.2974 2389.913  2311.2104 2232.567
   2155.3433 2080.7563 2009.8035]
  [2692.98   2628.7217 2559.8748 2487.1025 2411.3962 2333.9849 2256.2092
   2179.396  2104.7476 2033.2678]
  [2701.181  2639.368  2572.904  2502.4531 2428.9666 2353.5952 2277.5796
   2202.1426 2128.4023 2057.3164]]

 [[2535.4644 2450.667  2367.8079 2287.785  2211.3872 2139.252  2071.839
   2009.4169 1952.0697 1899.7197]
  [2557.9626 2475.3196 2393.9043 2314.5532 2238.0386 2165.0273 2096.0571
   2031.514  1971.6237 1916.4624]
  [2582.017  2501.9077 2422.1077 2343.3887 2266.5278 2192.2727 2121.3013
   2054.1804 1991.3347 1933.0302]
  [2606.7078 2529.3733 2451.2812 2373.1501 2295.7957 2220.0894 2146.8962
   2077.0051 2011.0641 1949.5394]
  [2631.0452 2556.597  2480.2695 2402.7517 2324.9238 2247.8044 2172.461
   2099.9072 2031.0076 1966.4174]
  [2654.0242 2582.4644 2507.965  2431.2065 2353.1418 2274.9277 2197.811
   2122.9949 2051.5264 1984.2197]
  [2674.671  2605.9204 2533.3408 2457.617  2379.7612 2301.0283 2222.7837
   2146.359  2072.928  2003.424 ]
  [2692.0874 2626.012  2555.4705 2481.1555 2404.1055 2325.611  2247.079
   2169.8896 2095.2773 2024.2463]
  [2705.5105 2641.9434 2573.5664 2501.0725 2425.4856 2348.0654 2270.1807
   2193.1812 2118.2908 2046.5327]
  [2714.3723 2653.1338 2587.0312 2516.7449 2443.2458 2367.7075 2291.3945
   2215.5574 2141.3462 2069.749 ]]]
"""
