raw_data = """
[[[2888.2024 2735.5781 2584.1316 2435.9492 2293.0103 2157.0874 2029.6499
   1911.7947 1804.1995 1707.1267]
  [2902.109  2750.3997 2599.6675 2452.0837 2309.7012 2174.3406 2047.4827
   1930.1957 1823.1016 1726.3958]
  [2913.3857 2764.1235 2615.6702 2470.2078 2329.792  2196.2202 2070.9253
   1954.9048 1848.7084 1752.4767]
  [2921.6826 2776.425  2631.8591 2490.0923 2353.0906 2222.545  2099.7717
   1985.6622 1880.6886 1784.9639]
  [2927.0566 2787.257  2648.083  2511.476  2379.2166 2252.8052 2133.3843
   2021.7137 1918.2014 1822.9773]
  [2930.019  2796.8855 2664.333  2534.0544 2407.567  2286.1187 2170.6458
   2061.7773 1959.8883 1865.1704]
  [2931.4365 2805.7964 2680.661  2557.4197 2437.2844 2321.2324 2210.
   2104.1182 2003.9663 1909.8347]
  [2932.2905 2814.4868 2697.0205 2580.9678 2467.2441 2356.5896 2249.5916
   2146.729  2048.4258 1955.0813]
  [2933.3662 2823.2034 2713.0906 2603.8257 2496.0933 2390.4714 2287.4722
   2187.5776 2091.274  1999.0549]
  [2934.9683 2831.742  2728.171  2624.86   2522.3582 2421.1804 2321.8364
   2224.85   2130.7651 2040.1285]]

 [[2883.614  2729.7747 2577.143  2427.882  2284.0454 2147.4675 2019.6658
   1901.7607 1794.4324 1697.9227]
  [2899.1335 2746.2104 2594.2427 2445.478  2302.0479 2165.8408 2038.3928
   1920.806  1813.7131 1717.2999]
  [2912.6074 2762.16   2612.4185 2465.6387 2323.955  2189.2427 2063.0032
   1946.287  1839.6765 1743.3252]
  [2923.646  2777.255  2631.3418 2488.0781 2349.5085 2217.415  2093.2063
   1977.8575 1871.9106 1775.5282]
  [2932.199  2791.3235 2650.7185 2512.3787 2378.1653 2249.69   2128.2197
   2014.6456 1909.495  1812.9934]
  [2938.592  2804.4062 2670.2861 2537.9668 2409.0564 2284.9414 2166.7285
   2055.2334 1951.0065 1854.382 ]
  [2943.4194 2816.6687 2689.741  2564.0696 2440.9778 2321.6196 2206.956
   2097.7576 1994.6298 1898.0394]
  [2947.3125 2828.2117 2708.6206 2589.6763 2472.4426 2357.8828 2246.8562
   2140.125  2038.3644 1942.1637]
  [2950.6592 2838.8655 2726.1973 2613.5525 2501.8076 2391.8098 2284.374
   2180.2822 2080.2686 1985.0011]
  [2953.3853 2848.0728 2741.4739 2634.3413 2527.463  2421.6484 2317.7168
   2216.474  2118.6797 2025.0186]]

 [[2876.8977 2722.6628 2569.6729 2420.134  2276.1406 2139.5637 2011.9492
   1894.4326 1787.6954 1691.9661]
  [2894.2642 2740.9675 2588.6018 2439.4502 2295.6873 2159.2446 2031.6982
   1914.1792 1807.3391 1711.3666]
  [2910.1775 2759.3762 2609.1572 2461.807  2319.504  2184.1807 2057.3994
   1940.2695 1833.4221 1737.0424]
  [2924.1792 2777.4363 2630.913  2486.8044 2347.2078 2213.9824 2088.6348
   1972.2415 1865.4391 1768.4629]
  [2936.0635 2794.7944 2653.376  2513.8184 2378.0515 2247.7969 2124.4692
   2009.119  1902.4231 1804.7233]
  [2945.9038 2811.2078 2675.9788 2541.9731 2410.89   2284.2742 2163.4375
   2049.4175 1942.9683 1844.5771]
  [2953.958  2826.47   2698.0388 2570.1365 2444.2166 2321.6455 2203.646
   2091.2637 1985.3442 1886.5273]
  [2960.466  2840.2727 2718.698  2596.954  2476.2825 2357.9094 2242.999
   2132.6147 2027.6824 1928.9585]
  [2965.428  2852.079  2736.9133 2620.9531 2505.3003 2391.097  2279.478
   2171.5198 2068.186  1970.2853]
  [2968.4712 2861.096  2751.5344 2640.7139 2529.677  2419.5354 2311.407
   2206.3545 2105.322  2009.0967]]

 [[2867.7617 2713.9294 2561.401  2412.386  2268.9883 2133.0881 2006.2386
   1889.5792 1783.7894 1689.0874]
  [2887.0876 2734.2388 2582.3044 2433.5662 2290.205  2154.169  2027.0553
   1910.0203 1803.736  1708.4017]
  [2905.5256 2755.1765 2605.2832 2458.1213 2315.8813 2180.5286 2053.6758
   1936.4934 1829.6694 1733.4335]
  [2922.515  2776.1677 2629.7659 2485.4895 2345.4614 2211.606  2085.525
   1968.4078 1860.9987 1763.6151]
  [2937.6519 2796.6355 2655.0195 2514.8064 2377.9766 2246.3638 2121.5386
   2004.7253 1896.7622 1798.1105]
  [2950.7168 2816.0183 2680.159  2544.9026 2412.0417 2283.2903 2160.182
   2043.988  1935.6669 1835.8475]
  [2961.602  2833.736  2704.1477 2574.351  2445.9438 2320.5195 2199.579
   2084.4414 1976.1781 1875.5745]
  [2970.1653 2849.1174 2725.8193 2601.5735 2477.8162 2356.0457 2237.731
   2124.2202 2016.6575 1915.9321]
  [2976.0852 2861.3599 2743.948  2625.0105 2505.8809 2387.9912 2272.774
   2161.5652 2055.5176 1955.545 ]
  [2978.8135 2869.5798 2757.382  2643.3215 2528.684  2414.8525 2303.205
   2195.0137 2091.3687 1993.1277]]

 [[2855.942  2703.2715 2551.992  2404.2876 2262.2368 2127.7017 2002.2189
   1886.9182 1782.4668 1689.0704]
  [2877.206  2725.5798 2574.8767 2427.3398 2285.1235 2150.1646 2024.0614
   1907.982  1802.6145 1708.1716]
  [2898.0781 2748.938  2600.1453 2453.9302 2312.4639 2177.7202 2051.3472
   1934.5671 1828.124  1732.2946]
  [2917.872  2772.6172 2627.0486 2483.303  2343.503  2209.622  2083.3467
   1965.9735 1858.3494 1760.873 ]
  [2935.966  2795.8008 2654.608  2514.3591 2377.0732 2244.6873 2118.9204
   2001.1628 1892.4005 1793.1984]
  [2951.8389 2817.6216 2681.6516 2545.6948 2411.6323 2281.3438 2156.5732
   2038.8075 1929.1819 1828.439 ]
  [2965.0376 2837.1746 2706.875  2575.701  2445.3938 2317.768  2194.5776
   2077.3823 1967.4398 1865.6421]
  [2975.0999 2853.5205 2728.9285 2602.7214 2476.5256 2352.09   2231.1501
   2115.2905 2005.8274 1903.7395]
  [2981.4856 2865.72   2746.5415 2625.2476 2503.3809 2382.6223 2264.651
   2151.0083 2042.989  1941.5776]
  [2983.5896 2872.921  2758.6746 2642.1057 2524.7    2408.0576 2293.756
   2183.228  2077.6675 1977.9865]]

 [[2841.2358 2690.4292 2541.1426 2395.5037 2255.538  2123.059  1999.5635
   1886.1471 1783.4503 1691.6594]
  [2864.286  2714.5952 2565.8757 2420.3018 2279.9717 2146.7803 2022.3035
   1907.7018 1803.665  1710.4142]
  [2887.3428 2740.1023 2593.143  2448.6208 2308.66   2175.2163 2049.9507
   1934.1167 1828.5006 1733.4174]
  [2909.5854 2766.059  2622.01   2479.5103 2340.6604 2207.4585 2081.6543
   1964.6276 1857.307  1760.1537]
  [2930.183  2791.4282 2651.2852 2511.685  2374.6685 2242.254  2116.2817
   1998.2742 1889.3312 1790.0925]
  [2948.3481 2815.0945 2679.5928 2543.6091 2409.1008 2278.0864 2152.483
   2033.9446 1923.7369 1822.677 ]
  [2963.3496 2835.9233 2705.4797 2573.628  2442.236  2313.3013 2188.7812
   2070.4163 1959.5931 1857.2689]
  [2974.4963 2852.8257 2727.544  2600.138  2472.3933 2346.2598 2223.6768
   2106.399  1995.859  1893.0895]
  [2981.1333 2864.833  2744.5745 2621.7678 2498.1216 2375.5022 2255.7686
   2140.606  2031.4044 1929.1947]
  [2982.6846 2871.1958 2755.6885 2637.5295 2518.3486 2399.8948 2283.8843
   2171.8574 2065.085  1964.5194]]

 [[2823.537  2675.2332 2528.6272 2385.7673 2248.5977 2118.8542 1997.9634
   1886.9596 1786.439  1696.554 ]
  [2848.121  2701.0085 2554.9666 2412.0774 2274.354  2143.6223 2021.4053
   1908.8287 1806.5648 1714.83  ]
  [2873.0022 2728.2817 2583.836  2441.7268 2304.005  2172.582  2049.0981
   1934.8114 1830.5243 1736.572 ]
  [2897.2373 2756.0156 2614.1416 2473.6062 2336.4678 2204.7195 2080.1377
   1964.1473 1857.7239 1761.3661]
  [2919.8267 2783.01   2644.5505 2506.3318 2370.396  2238.8079 2113.4834
   1996.0254 1887.6005 1788.8896]
  [2939.7869 2807.9915 2673.5935 2538.354  2404.2825 2273.4922 2148.0137
   2029.6041 1919.6025 1818.862 ]
  [2956.1997 2829.7092 2699.7915 2568.094  2436.5784 2307.3691 2182.5544
   2063.9849 1953.1183 1850.9387]
  [2968.2422 2847.0269 2721.7905 2594.0886 2465.8196 2339.0679 2215.9014
   2098.1768 1987.3904 1884.5994]
  [2975.2178 2859.0146 2738.4895 2615.1306 2490.7537 2367.3452 2246.871
   2131.1038 2021.4897 1919.0867]
  [2976.6145 2865.0342 2749.1443 2630.3784 2510.4478 2391.189  2274.3965
   2161.6812 2054.3616 1953.4265]]

 [[2802.8772 2657.6484 2514.349  2374.925  2241.2148 2114.8457 1997.1426
   1889.052  1791.1002 1703.3964]
  [2828.693  2684.726  2541.9866 2402.445  2268.0051 2140.393  2021.0474
   1911.0297 1810.971  1721.0704]
  [2854.9973 2713.3425 2572.0266 2433.0015 2298.2231 2169.5264 2048.4988
   1936.3647 1833.914  1741.4839]
  [2880.758  2742.359  2603.2705 2465.3938 2330.7224 2201.211  2078.6196
   1964.3716 1859.4497 1764.3644]
  [2904.8708 2770.4895 2634.3362 2498.238  2364.2153 2234.337  2110.5366
   1994.4409 1887.2335 1789.6044]
  [2926.2424 2796.4062 2663.7698 2530.0793 2397.3647 2267.7793 2143.3984
   2026.0156 1916.9885 1817.1721]
  [2943.857  2818.8394 2690.163  2559.4963 2428.8518 2300.4165 2176.335
   2058.4985 1948.382  1846.9688]
  [2956.8313 2836.6743 2712.2646 2585.1995 2457.4395 2331.1338 2208.4077
   2091.1572 1980.8969 1878.6855]
  [2964.4663 2849.0386 2729.0815 2606.1252 2482.0388 2358.8623 2238.6094
   2123.088  2013.7683 1911.7197]
  [2966.3003 2855.3718 2739.9592 2621.52   2501.7969 2382.6602 2265.9382
   2153.273  2046.0156 1945.1818]]

 [[2779.454  2637.8054 2498.3647 2362.9595 2233.295  2110.8633 1996.8584
   1892.1113 1797.0614 1711.7662]
  [2806.2039 2665.8733 2526.9797 2391.366  2260.806  2136.898  2020.9668
   1913.9827 1816.5142 1728.7316]
  [2833.56   2695.4407 2557.7903 2422.4421 2291.2363 2165.9036 2047.9435
   1938.5143 1838.3649 1747.8184]
  [2860.4512 2725.327  2589.5674 2454.9768 2323.4634 2196.9092 2077.0146
   1965.158  1862.2935 1768.9191]
  [2885.7356 2754.2434 2620.9685 2487.6775 2356.3418 2228.9897 2107.5212
   1993.5293 1888.1729 1792.1256]
  [2908.2876 2780.8901 2650.639  2519.256  2388.7559 2261.2793 2138.8823
   2023.3331 1915.9642 1817.6075]
  [2927.064  2804.0466 2677.2954 2548.483  2419.628  2292.92   2170.4954
   2054.2239 1945.5564 1845.4523]
  [2941.1653 2822.6514 2699.8037 2574.235  2447.92   2323.0137 2201.6367
   2085.6714 1976.6147 1875.5087]
  [2949.8926 2835.877  2717.2507 2595.5537 2472.6616 2350.617  2231.4297
   2116.903  2008.5024 1907.2958]
  [2952.8042 2843.1948 2729.0146 2611.7139 2493.0269 2374.8164 2258.9087
   2146.9497 2040.3021 1940.0002]]

 [[2753.6353 2615.9998 2480.885  2349.9805 2224.8394 2106.794  1996.8838
   1895.8086 1803.909  1721.1897]
  [2781.0703 2644.7837 2510.1816 2378.9678 2252.7664 2133.0283 2020.9432
   1917.3685 1822.798  1737.3666]
  [2809.1902 2674.9893 2541.4402 2410.2488 2283.1248 2161.6733 2047.2778
   1941.0062 1843.5441 1755.1888]
  [2836.929  2705.453  2573.4695 2442.6814 2314.8955 2191.8926 2075.2783
   1966.3506 1866.0072 1774.718 ]
  [2863.169  2734.9487 2605.0361 2475.128  2347.126  2222.9802 2104.5103
   1993.2361 1890.2578 1796.2133]
  [2886.807  2762.263  2634.9314 2506.4983 2378.9326 2254.316  2134.6343
   2021.585  1916.4401 1819.9902]
  [2906.8145 2786.2566 2662.0176 2535.754  2409.4563 2285.267  2165.26
   2051.2402 1944.601  1846.2606]
  [2922.2954 2805.9275 2685.2642 2561.9106 2437.8171 2315.0986 2195.8228
   2081.8176 1974.5336 1874.9797]
  [2932.544  2820.4727 2703.8076 2584.0735 2463.1208 2342.9526 2225.537
   2112.6387 2005.6947 1905.7572]
  [2937.1038 2829.3545 2717.0151 2601.5085 2484.535  2367.9194 2253.4568
   2142.7725 2037.2223 1937.8475]]]
"""
