raw_data = """
[[[2660.051  2538.0886 2417.5571 2300.0054 2186.871  2079.4197 1978.6879
   1885.4414 1800.1499 1722.9917]
  [2667.4426 2546.752  2427.416  2311.0461 2199.124  2092.9321 1993.487
   1901.4999 1817.363  1741.171 ]
  [2673.257  2555.193  2438.4211 2324.553  2215.0562 2111.1694 2013.8379
   1923.682  1841.0005 1765.8134]
  [2677.352  2563.2896 2450.481  2340.4668 2234.6199 2134.0652 2039.6215
   1951.7859 1870.7617 1796.5199]
  [2679.9382 2571.1538 2463.6062 2358.6814 2257.5793 2161.2407 2070.3096
   1985.1447 1905.8695 1832.4492]
  [2681.6072 2579.148  2477.8972 2379.0166 2283.4639 2191.9468 2104.913
   2022.5912 1945.0602 1872.329 ]
  [2683.225  2587.783  2493.4602 2401.1458 2311.5232 2225.055  2142.0088
   2062.5198 1986.6694 1914.5521]
  [2685.7068 2597.5186 2510.2493 2424.5044 2340.7065 2259.1113 2179.859
   2103.049  2028.8096 1957.3424]
  [2689.7244 2608.5247 2527.9036 2448.2207 2369.6985 2292.4622 2216.604
   2142.2468 2069.5952 1998.9507]
  [2695.458  2620.5012 2545.6602 2471.1272 2397.0203 2323.4312 2250.4802
   2178.359  2107.3535 2037.8346]]

 [[2663.024  2540.2305 2418.8691 2300.5488 2186.7651 2078.833  1977.8274
   1884.5359 1799.4333 1722.687 ]
  [2672.0742 2550.594  2430.4226 2313.2302 2200.5562 2093.7344 1993.8231
   1901.5614 1817.353  1741.29  ]
  [2680.0835 2561.2917 2443.6733 2328.892  2218.4707 2113.7039 2015.5878
   1924.7837 1841.6206 1766.1355]
  [2686.881  2572.1672 2458.4873 2347.4202 2240.3926 2138.593  2042.9077
   1953.9008 1871.8385 1796.7448]
  [2692.5874 2583.223  2474.744  2368.5613 2265.9287 2167.8628 2075.104
   1988.1189 1907.1394 1832.2299]
  [2697.6267 2594.6165 2492.3098 2391.8828 2294.3528 2200.5266 2110.99
   2026.1299 1946.1896 1871.3221]
  [2702.6172 2606.561  2510.959  2416.7136 2324.584  2235.171  2148.9275
   2066.2031 1987.2919 1912.469 ]
  [2708.143  2619.1433 2530.25   2442.1    2355.2263 2270.0662 2186.9976
   2106.3765 2028.5741 1953.9874]
  [2714.4973 2632.1326 2549.4314 2466.821  2384.681  2303.3662 2223.2405
   2144.7053 2068.21   1994.2388]
  [2721.4878 2644.88   2567.4424 2489.4875 2411.3354 2333.3413 2255.9106
   2179.503  2104.621  2031.785 ]]

 [[2664.855  2541.9485 2420.4717 2302.0632 2188.2524 2080.3838 1979.5571
   1886.5762 1801.9221 1725.7555]
  [2675.885  2554.3528 2434.0667 2316.7197 2203.882  2096.9204 1996.9249
   1904.6613 1820.5529 1744.702 ]
  [2686.416  2567.624  2449.8499 2334.772  2223.9434 2118.6968 2020.0778
   1928.797  1845.2308 1769.4557]
  [2696.215  2581.527  2467.5923 2355.9937 2248.19   2145.4238 2048.6592
   1958.5492 1875.4493 1799.463 ]
  [2705.2593 2595.8965 2486.9832 2379.9282 2276.024  2176.3706 2081.829
   1993.007  1910.2809 1833.8391]
  [2713.7424 2610.6243 2507.6035 2405.853  2306.4507 2210.3286 2118.2454
   2030.7906 1948.4042 1871.4044]
  [2721.9673 2625.5742 2528.8647 2432.7537 2338.097  2245.669  2156.1548
   2070.1575 1988.2074 1910.7661]
  [2730.1475 2640.4438 2549.9492 2459.3472 2369.3127 2280.5105 2193.5923
   2109.2    2027.9536 1950.4333]
  [2738.2024 2654.6458 2569.7974 2484.179  2398.361  2312.9614 2228.641
   2146.084  2065.971  1988.9458]
  [2745.6418 2667.293  2587.1912 2505.7913 2423.6418 2341.374  2259.677
   2179.2617 2100.8218 2024.9968]]

 [[2665.25   2542.9255 2422.0325 2304.2146 2191.0054 2083.7598 1983.5869
   1891.2988 1807.3802 1731.9886]
  [2678.4766 2557.6035 2437.9082 2321.0737 2208.6738 2102.0854 2002.4199
   1910.4667 1826.6733 1751.1609]
  [2691.7163 2573.6187 2456.3633 2341.6096 2230.91   2125.6235 2026.8362
   1935.3163 1851.4991 1775.5146]
  [2704.637  2590.612  2477.0222 2365.4243 2257.2856 2153.8975 2056.3062
   1965.2683 1881.2488 1804.4459]
  [2717.0286 2608.2021 2499.3396 2391.8225 2286.9739 2185.9824 2089.8455
   1999.3352 1914.9899 1837.1343]
  [2728.8066 2625.9773 2522.586  2419.792  2318.7393 2220.5012 2126.0361
   2036.1555 1951.5082 1872.5743]
  [2739.9263 2643.4434 2545.834  2448.031  2351.0042 2255.726  2163.1365
   2074.1025 1989.3882 1909.6232]
  [2750.2341 2659.9465 2567.9658 2475.0383 2382.0044 2289.7725 2199.2812
   2111.4497 2027.1284 1947.0524]
  [2759.3352 2674.6392 2587.7402 2499.2725 2410.0122 2320.8438 2232.7114
   2146.5605 2063.2725 1983.6183]
  [2766.5566 2686.5356 2603.9307 2519.3506 2433.5654 2347.4634 2261.9858
   2178.0596 2096.5366 2018.1497]]

 [[2663.927  2542.833  2423.1917 2306.6213 2194.6382 2088.5835 1989.5599
   1898.3748 1815.5089 1741.1134]
  [2679.4414 2559.8884 2441.453  2325.7808 2214.4194 2108.7388 2009.8531
   1918.57   1835.3586 1760.3625]
  [2695.4138 2578.649  2462.5508 2348.7292 2238.7139 2133.8691 2035.3162
   1943.8765 1860.0488 1784.0219]
  [2711.3843 2598.5977 2485.9224 2374.8623 2266.876  2163.2942 2065.2424
   1973.5858 1888.9004 1811.4828]
  [2726.9265 2619.1125 2510.7708 2403.2407 2297.8667 2195.9263 2098.5576
   2006.6971 1921.045  1842.0511]
  [2741.6624 2639.4795 2536.0815 2432.612  2330.2834 2230.316  2133.869
   2041.9705 1955.463  1874.9663]
  [2755.2122 2658.8875 2560.661  2461.491  2362.4695 2264.77   2169.5781
   2078.0059 1991.0211 1909.3905]
  [2767.108  2676.4194 2583.2083 2488.2966 2392.6917 2297.5378 2204.0344
   2113.3457 2026.5128 1944.3916]
  [2776.7363 2691.0872 2602.436  2511.5364 2419.3547 2327.0156 2235.7087
   2146.596  2060.7205 1978.952 ]
  [2783.36   2701.929  2617.2239 2529.992  2441.1943 2351.9312 2263.3499
   2176.5488 2092.504  2012.024 ]]

 [[2660.6443 2541.3696 2423.5977 2308.9001 2198.7505 2094.456  1997.0895
   1907.4371 1825.9618 1752.8013]
  [2678.4102 2560.7695 2444.211  2330.3176 2220.5884 2116.3613 2018.7378
   1928.527  1846.2122 1771.953 ]
  [2696.9841 2582.1167 2467.762  2355.4583 2246.6907 2142.811  2044.96
   1954.0012 1870.4883 1794.664 ]
  [2715.7603 2604.7163 2493.485  2383.5017 2276.2007 2172.9387 2074.9087
   1983.0693 1898.0975 1820.3746]
  [2734.0964 2627.7158 2520.3552 2413.3042 2307.9229 2205.566  2107.496
   2014.7972 1928.3049 1848.574 ]
  [2751.3452 2650.1458 2547.1426 2443.4663 2340.394  2239.2808 2141.463
   2048.1538 1960.3511 1878.7837]
  [2766.846  2670.9612 2572.4968 2472.4446 2372.0107 2272.5493 2175.454
   2082.038  1993.4269 1910.4868]
  [2779.9038 2689.0916 2595.0598 2498.7063 2401.188  2303.8486 2208.1016
   2115.3018 2026.6353 1943.0446]
  [2789.7852 2703.5176 2613.6028 2520.897  2426.5278 2331.809  2238.1228
   2146.794  2058.9897 1975.6523]
  [2795.7769 2713.376  2627.1611 2537.9893 2446.964  2355.3445 2264.4297
   2175.4468 2089.47   2007.3711]]

 [[2655.233  2538.2988 2422.9578 2310.7139 2202.9775 2100.996  2005.7898
   1918.0995 1838.3524 1766.6603]
  [2675.108  2559.8955 2445.767  2334.2239 2226.6948 2124.4634 2028.596
   1939.8826 1858.803  1785.5249]
  [2696.031  2583.545  2471.4592 2361.224  2254.2617 2151.8928 2055.254
   1965.2319 1882.4159 1807.0896]
  [2717.2544 2608.3843 2499.083  2390.7068 2284.6533 2182.2861 2084.8418
   1993.347  1908.5519 1830.902 ]
  [2737.9487 2633.375  2527.4463 2421.4016 2316.6047 2214.468  2116.3481
   2023.4359 1936.667  1856.6691]
  [2757.2563 2657.3718 2555.2043 2451.8726 2348.7078 2247.17   2148.73
   2054.7344 1966.2909 1884.1995]
  [2774.32   2679.201  2580.9658 2480.637  2379.517  2279.0986 2180.9292
   2086.4644 1996.9359 1913.2744]
  [2788.306  2697.739  2603.415  2506.2976 2407.6611 2308.998  2211.8738
   2117.7773 2027.9913 1943.5165]
  [2798.4395 2712.0034 2621.435  2527.6682 2431.9478 2335.722  2240.5056
   2147.7383 2058.6729 1974.3075]
  [2804.0706 2721.2493 2634.2114 2543.8845 2451.4678 2358.325  2265.8574
   2175.3853 2088.0566 2004.7999]]

 [[2647.634  2533.4934 2421.0798 2311.8147 2207.0227 2107.8672 2015.2888
   1929.9578 1852.2454 1782.2284]
  [2669.406  2557.058  2445.8403 2337.1577 2232.35   2132.6238 2038.9844
   1952.1794 1872.6666 1800.6107]
  [2692.3613 2582.6584 2473.2966 2365.627  2260.995  2160.6675 2065.7537
   1977.1345 1895.4128 1820.8967]
  [2715.633  2609.2986 2502.3596 2396.09   2291.8394 2190.954  2094.6855
   2004.092  1919.9645 1842.7893]
  [2738.2598 2635.8228 2531.7551 2427.2449 2323.648  2222.4045 2124.9248
   2032.4607 1946.0034 1866.2246]
  [2759.2498 2661.005  2560.1262 2457.7234 2355.161  2253.9666 2155.6917
   2061.7603 1973.3408 1891.2704]
  [2777.634  2683.6355 2586.136  2486.186  2385.1526 2284.6194 2186.228
   2091.5146 2001.7705 1917.9584]
  [2792.514  2702.6086 2608.569  2511.4062 2412.4763 2313.3638 2215.728
   2121.1338 2030.9209 1946.1205]
  [2803.1143 2717.0066 2626.4246 2532.356  2436.1167 2339.2388 2243.316
   2149.858  2060.171  1975.2906]
  [2808.8484 2726.1777 2638.9985 2548.2776 2455.2656 2361.387  2268.105
   2176.7988 2088.6729 2004.7018]]

 [[2637.9238 2526.9612 2417.9014 2312.066  2210.6753 2114.7842 2025.2288
   1942.585  1867.1547 1798.9712]
  [2661.355  2552.2278 2444.3198 2338.9272 2237.2847 2140.501  2049.4976
   1964.9587 1887.3035 1816.6846]
  [2686.0183 2579.4202 2473.155  2368.4712 2266.6245 2168.809  2076.0815
   1989.293  1909.0358 1835.6273]
  [2710.9695 2607.4612 2503.2476 2399.5215 2297.5728 2198.71   2104.1655
   2014.9968 1932.0032 1855.6871]
  [2735.177  2635.1558 2533.3289 2430.8367 2329.012  2229.2944 2133.104
   2041.7095 1956.118  1877.0161]
  [2757.5886 2661.2798 2562.1147 2461.191  2359.888  2259.759  2162.3857
   2069.2163 1981.4363 1899.8931]
  [2777.194  2684.6577 2588.38   2489.428  2389.208  2289.3442 2191.518
   2097.293  2007.9757 1924.5354]
  [2793.0757 2704.2366 2611.027  2514.4907 2416.0273 2317.2683 2219.911
   2125.5496 2035.5424 1950.93  ]
  [2804.471  2719.1582 2629.152  2535.469  2439.4636 2342.7056 2246.8237
   2153.3574 2063.6396 1978.7242]
  [2810.8328 2728.827  2642.1106 2551.663  2458.758  2364.8447 2271.415
   2179.8804 2091.4792 2007.2211]]

 [[2626.3196 2518.851  2413.4875 2311.439  2213.8022 2121.5044 2035.2573
   1955.532  1882.5497 1816.3027]
  [2651.1829 2545.5513 2441.2566 2339.48   2241.3374 2147.8252 2059.7656
   1977.7653 1902.1935 1833.1868]
  [2677.2693 2574.0107 2471.1184 2369.7373 2271.025  2176.0894 2085.9167
   2001.3071 1922.8264 1850.7877]
  [2703.6008 2603.1284 2501.9138 2401.0718 2301.8235 2205.423  2113.059
   2025.7566 1944.2981 1869.1853]
  [2729.1318 2631.738  2532.4524 2432.3706 2332.7925 2235.1296 2140.7769
   2050.981  1966.7343 1888.715 ]
  [2752.8098 2658.676  2561.5745 2462.5918 2363.1008 2264.648  2168.8005
   2076.9888 1990.3805 1909.8079]
  [2773.628  2682.8398 2588.1921 2490.7637 2391.9714 2293.4429 2196.851
   2103.7441 2015.4109 1932.8048]
  [2790.6758 2703.242  2611.3208 2515.9756 2418.6223 2320.898  2224.496
   2130.9993 2041.754  1957.7899]
  [2803.202  2719.0686 2630.1243 2537.4001 2442.2612 2346.2805 2251.086
   2158.2148 2068.9973 1984.4911]
  [2810.673  2729.7444 2643.977  2554.3523 2462.143  2368.796  2275.805
   2184.5894 2096.401  2012.2684]]]
"""
