raw_data = """
[[[2098.0874 2033.4813 1971.3324 1912.3619 1857.1503 1806.1277 1759.571
   1717.6106 1680.2443 1647.3625]
  [2084.848  2021.2004 1960.1852 1902.5852 1849.0165 1799.904  1755.4769
   1715.7787 1680.6976 1650.0055]
  [2072.2007 2010.4226 1951.425  1896.0156 1844.808  1798.189  1756.3109
   1719.1097 1686.3536 1657.7035]
  [2060.5107 2001.5491 1945.4883 1893.109  1844.9739 1801.3876 1762.3936
   1727.8066 1697.28   1670.3884]
  [2050.3896 1995.142  1942.8773 1894.2909 1849.8384 1809.698  1773.7793
   1741.7751 1713.2473 1687.7266]
  [2042.6715 1991.8894 1944.1086 1899.8837 1859.5135 1823.0188 1790.1685
   1760.5516 1733.6807 1709.0925]
  [2038.292  1992.483  1949.5935 1909.9952 1873.8038 1840.877  1810.862
   1783.2865 1757.6631 1733.5858]
  [2038.0905 1997.4353 1959.4802 1924.4    1892.1327 1862.4012 1834.7803
   1808.7906 1783.9982 1760.0885]
  [2042.5769 2006.8779 1973.5027 1942.4493 1913.5203 1886.3645 1860.55
   1835.6516 1811.3267 1787.3663]
  [2051.7412 2020.4181 1990.9001 1963.0624 1936.6439 1911.2972 1886.6538
   1862.3892 1838.2717 1814.1876]]

 [[2127.4692 2062.7158 2000.4036 1941.2936 1886.0045 1834.9938 1788.5555
   1746.8271 1709.8036 1677.3617]
  [2115.85   2052.1528 1991.0447 1933.3473 1879.709  1830.5806 1786.204
   1746.6257 1711.7255 1681.2604]
  [2105.1973 2043.482  1984.456  1928.9585 1877.6316 1830.8828 1788.8759
   1751.5507 1718.6718 1689.8932]
  [2095.8767 2037.0992 1981.0577 1928.5543 1880.1724 1836.2356 1796.8029
   1761.7035 1730.6041 1703.0952]
  [2088.4634 2033.511  1981.2778 1932.4661 1887.5444 1846.7137 1809.9124
   1776.8713 1747.1984 1720.4741]
  [2083.696  2033.2797 1985.4784 1940.8387 1899.6713 1862.0308 1827.7412
   1796.4672 1767.8094 1741.3969]
  [2082.3477 2036.8904 1993.8287 1953.5197 1916.0981 1881.4802 1849.4065
   1819.5254 1791.4833 1765.0021]
  [2085.0127 2044.5673 2006.1617 1969.9633 1935.9521 1903.9464 1873.6582
   1844.7727 1817.024  1790.2466]
  [2091.8884 2056.1    2021.8654 1989.1986 1957.9827 1928.004  1899.0085
   1870.7644 1843.111  1815.9886]
  [2102.6228 2070.761  2039.875  2009.898  1980.6927 1952.0881 1923.9172
   1896.0549 1868.4417 1841.0929]]

 [[2158.773  2094.433  2032.4874 1973.7212 1918.775  1868.1262 1822.0833
   1780.7897 1744.2389 1712.2964]
  [2149.3794 2086.2207 2025.5619 1968.2389 1914.9182 1866.0645 1821.9307
   1782.5688 1747.8589 1717.552 ]
  [2141.3267 2080.266  2021.7368 1966.5824 1915.4546 1868.7728 1826.7137
   1789.2314 1756.1036 1726.9973]
  [2134.939  2076.9072 2021.3572 1969.0817 1920.6661 1876.4498 1836.5165
   1800.7311 1768.8026 1740.3663]
  [2130.6963 2076.532  2024.7085 1975.9048 1930.5916 1888.9956 1851.1068
   1816.7279 1785.5518 1757.2454]
  [2129.1777 2079.5088 2031.9325 1986.966  1944.928  1905.9246 1869.8705
   1836.5503 1805.6969 1777.0658]
  [2130.9229 2086.0542 2042.9116 2001.8268 1962.9657 1926.3328 1891.8065
   1859.2026 1828.3412 1799.0981]
  [2136.2307 2096.0713 2057.1555 2019.648  1983.5951 1948.9475 1915.5995
   1883.439  1852.3947 1822.4637]
  [2144.9727 2109.0254 2073.758  2039.2198 2005.4034 1972.2684 1939.7701
   1907.8921 1876.6658 1846.1813]
  [2156.5005 2123.9321 2091.46   2059.0977 2026.8577 1994.764  1962.8641
   1931.2341 1899.9822 1869.2457]]

 [[2191.7603 2128.3794 2067.3247 2009.3842 1955.2083 1905.2833 1859.9255
   1819.2819 1783.342  1751.9595]
  [2185.1516 2123.1045 2063.4287 2006.9523 1954.3402 1906.0594 1862.37
   1823.3302 1788.8256 1758.6091]
  [2180.2332 2120.3994 2062.8813 2008.4978 1957.8899 1911.4788 1869.4547
   1831.7949 1798.3066 1768.6881]
  [2177.2395 2120.4878 2065.8838 2014.1802 1965.9481 1921.5355 1881.0625
   1844.4492 1811.4745 1781.8453]
  [2176.4949 2123.5718 2072.5103 2023.942  1978.3258 1935.9211 1896.7911
   1860.8414 1827.883  1797.6987]
  [2178.3555 2129.7659 2082.6348 2037.4313 1994.4847 1953.969  1915.921
   1880.281  1846.9468 1815.8236]
  [2183.0762 2138.983  2095.8376 2053.9429 2013.5085 1974.6538 1937.428
   1901.8467 1867.9254 1835.7072]
  [2190.6409 2150.8125 2111.3481 2072.417  2034.1533 1996.6663 1960.056
   1924.4332 1889.9305 1856.7079]
  [2200.6267 2164.4624 2128.0635 2091.5288 2054.9797 2018.5624 1982.4507
   1946.8452 1911.967  1878.0497]
  [2212.1797 2178.8105 2144.6685 2109.8594 2074.5486 2038.9526 2003.3228
   1967.9249 1933.024  1898.8734]]

 [[2226.1338 2164.2173 2104.546  2047.8954 1994.9094 1946.0719 1901.6974
   1861.9276 1826.7413 1795.9741]
  [2222.7834 2162.3735 2104.1797 2048.9995 1997.4761 1950.0671 1907.0305
   1868.4293 1834.1545 1803.9663]
  [2221.4165 2163.3274 2107.2925 2054.082  2004.3048 1958.3724 1916.4874
   1878.6561 1844.7272 1814.4438]
  [2222.1294 2167.128  2113.8765 2063.0657 2015.2324 1970.7301 1929.7208
   1892.1974 1858.0275 1827.0096]
  [2225.0374 2173.7368 2123.7454 2075.6255 2029.8184 1986.619  1946.1796
   1908.5315 1873.6263 1841.3779]
  [2230.2275 2182.9805 2136.4834 2091.1494 2047.3184 2005.247  1965.1133
   1927.0339 1891.0879 1857.3384]
  [2237.649  2194.4692 2151.402  2108.724  2066.6978 2025.5724 1985.5844
   1946.9594 1909.9144 1874.6576]
  [2246.992  2207.5332 2167.5352 2127.1814 2086.7031 2046.376  2006.5099
   1967.4353 1929.4836 1892.9718]
  [2257.612  2221.2244 2183.706  2145.2139 2105.996  2066.3794 2026.7454
   1987.4987 1949.0363 1911.7297]
  [2268.5618 2234.4097 2198.6729 2161.5432 2123.3237 2084.4016 2045.2083
   2006.1804 1967.7279 1930.2175]]

 [[2261.5447 2201.5347 2143.6895 2088.7578 2037.3601 1989.9642 1946.8671
   1908.1913 1873.891  1843.7748]
  [2261.8066 2203.487  2147.2148 2093.7354 2043.6544 1997.4037 1955.228
   1917.1852 1883.1699 1852.9501]
  [2264.2588 2208.3457 2154.1987 2102.5146 2053.8538 2008.6066 1966.9811
   1929.0139 1894.6008 1863.5399]
  [2268.8145 2215.938  2164.3772 2114.737  2067.5093 2023.0475 1981.5581
   1943.1139 1907.6821 1875.1627]
  [2275.3462 2225.9556 2177.2812 2129.806  2083.9446 2040.0327 1998.3174
   1958.9642 1922.0728 1887.6936]
  [2283.6543 2237.9365 2192.2324 2146.896  2102.2803 2058.7295 2016.5679
   1976.0913 1937.5587 1901.1869]
  [2293.4028 2251.2354 2208.344  2164.9824 2121.4717 2078.1904 2035.5585
   1994.0039 1953.9348 1915.7148]
  [2304.0454 2265.0093 2224.5625 2182.9087 2140.3726 2097.3875 2054.4575
   2012.1152 1970.8746 1931.1978]
  [2314.8096 2278.2622 2239.753  2199.4902 2157.8362 2115.276  2072.3735
   2029.7141 1987.8577 1947.3047]
  [2324.7573 2289.9536 2252.8335 2213.6572 2172.8374 2130.9011 2088.4316
   2046.0149 2004.1967 1963.4557]]

 [[2297.6084 2239.8716 2184.232  2131.3962 2081.948  2036.3184 1994.7676
   1957.3778 1924.063  1894.5936]
  [2301.6987 2245.8298 2191.838  2140.4019 2092.0698 2047.2323 2006.1039
   1968.7273 1934.9921 1904.6743]
  [2308.0706 2254.6587 2202.7114 2152.8389 2105.5361 2061.1606 2019.9185
   1981.8718 1946.9635 1915.0509]
  [2316.4265 2265.9365 2216.3115 2168.0615 2121.624  2077.3462 2035.4767
   1996.1667 1959.4845 1925.433 ]
  [2326.3872 2279.0889 2231.9082 2185.2422 2139.4812 2094.997  2052.1296
   2011.1748 1972.3738 1935.9088]
  [2337.4893 2293.41   2248.623  2203.4268 2158.1895 2113.3384 2069.336
   2026.6426 1985.6831 1946.8163]
  [2349.163  2308.0742 2265.4702 2221.5864 2176.7993 2131.6086 2086.5967
   2042.3718 1999.5127 1958.5219]
  [2360.7068 2322.1626 2281.4104 2238.6719 2194.3547 2149.0278 2103.3633
   2058.0684 2013.818  1971.2052]
  [2371.3047 2334.7212 2295.4316 2253.6865 2209.9385 2164.8032 2118.9966
   2073.2603 2028.2975 1984.7295]
  [2380.104  2344.858  2306.6482 2265.7803 2222.749  2178.1885 2132.8076
   2087.3215 2042.3999 1998.6323]]

 [[2333.9263 2278.7473 2225.618  2175.1895 2127.9902 2084.395  2044.6019
   2008.6317 1976.3417 1947.4607]
  [2341.9165 2288.7554 2237.308  2188.1719 2141.8245 2098.5957 2058.6538
   2022.013  1988.5531 1958.0604]
  [2352.1465 2301.4404 2251.898  2204.0312 2158.2622 2114.9023 2074.1472
   2036.0784 2000.684  1967.8826]
  [2364.1023 2316.1362 2268.5886 2221.871  2176.3638 2132.4028 2090.2734
   2050.1987 2012.3403 1976.801 ]
  [2377.1755 2332.0425 2286.4482 2240.711  2195.1963 2150.309  2106.4734
   2064.1    2023.558  1985.1483]
  [2390.6917 2348.2817 2304.4902 2259.5693 2213.9033 2167.9932 2122.4204
   2077.789  2034.6653 1993.5308]
  [2403.9204 2363.939  2321.7258 2277.5068 2231.7073 2184.9294 2137.8926
   2091.356  2046.0399 2002.5665]
  [2416.0837 2378.1025 2337.2085 2293.6416 2247.8794 2200.6    2152.6128
   2104.7693 2057.8782 2012.6453]
  [2426.3904 2389.914  2350.0835 2307.1802 2261.7268 2214.4414 2166.1616
   2117.7578 2070.0566 2023.7852]
  [2434.104  2398.646  2359.6565 2317.4702 2272.6387 2225.878  2177.997
   2129.8218 2082.1316 2035.6182]]

 [[2370.116  2317.6953 2267.2954 2219.499  2174.7612 2133.3755 2095.458
   2060.9507 2029.6461 2001.2349]
  [2381.9373 2331.6316 2282.8848 2236.2026 2191.9756 2150.4604 2111.767
   2075.873  2042.6481 2011.8948]
  [2395.8203 2347.9004 2300.8484 2255.0747 2210.9214 2168.6514 2128.442
   2090.3914 2054.5298 2020.839 ]
  [2411.0544 2365.6238 2320.181  2275.0444 2230.5396 2186.9912 2144.7136
   2103.9946 2065.08   2028.1627]
  [2426.8496 2383.844  2339.8374 2295.081  2249.9219 2204.795  2160.1958
   2116.633  2074.582  2034.4453]
  [2442.3904 2401.5981 2358.8184 2314.2715 2268.358  2221.6445 2174.8105
   2128.5747 2083.6177 2040.5205]
  [2456.8625 2417.965  2376.2114 2331.8271 2285.2822 2237.2627 2188.5972
   2140.1616 2092.7883 2047.1938]
  [2469.4768 2432.0972 2391.2039 2347.0557 2300.188  2251.3662 2201.5054
   2151.568  2102.4683 2055.0017]
  [2479.5051 2443.2556 2403.1018 2359.349  2312.576  2263.578  2213.2864
   2162.6733 2112.6633 2064.0708]
  [2486.3313 2450.8599 2411.3682 2368.209  2321.974  2273.4429 2223.502
   2173.066  2123.0068 2074.1035]]

 [[2405.8333 2356.285  2308.7363 2263.6885 2221.505  2182.3806 2146.3345
   2113.2249 2082.7844 2054.6787]
  [2421.2886 2373.8767 2327.8682 2283.669  2241.5776 2201.767  2164.288
   2129.0828 2096.0176 2064.921 ]
  [2438.505  2393.327  2348.7253 2305.0107 2262.4492 2221.255  2181.5894
   2143.5679 2107.2632 2072.7197]
  [2456.6125 2413.607  2370.1797 2326.5698 2283.0566 2239.9575 2197.615
   2156.374  2116.5518 2078.42  ]
  [2474.7034 2433.6804 2391.1672 2347.365  2302.6128 2257.3755 2212.208
   2167.7002 2124.4111 2082.8228]
  [2491.8923 2452.5828 2410.7585 2366.6243 2320.6057 2273.3245 2225.5378
   2178.0508 2131.6294 2086.9287]
  [2507.3508 2469.4492 2428.1672 2383.7417 2336.687  2287.7563 2237.8594
   2187.9575 2138.9634 2091.6602]
  [2520.3247 2483.5308 2442.7292 2398.205  2350.5422 2300.5732 2249.291
   2197.7363 2146.898  2097.6343]
  [2530.1636 2494.2058 2453.8928 2409.5564 2361.8176 2311.5325 2259.699
   2207.3613 2155.5151 2105.0393]
  [2536.3604 2501.0132 2461.2385 2417.4048 2370.1355 2320.2554 2268.708
   2216.4749 2164.4978 2113.622 ]]]
"""
