raw_data = """
[[[1880.1677 1811.2499 1745.5065 1683.6595 1626.2726 1573.7457 1526.3214
   1484.0974 1447.0494 1415.0548]
  [1857.4266 1788.4348 1722.8318 1661.4393 1604.8915 1553.6162 1507.8373
   1467.5917 1432.7632 1403.1223]
  [1835.621  1767.4049 1702.7476 1642.5404 1587.4614 1537.9458 1494.1821
   1456.1359 1423.5946 1396.2267]
  [1815.2605 1748.7408 1685.9062 1627.6736 1574.7251 1527.4725 1486.0477
   1450.3373 1420.0386 1394.7316]
  [1797.102  1733.1937 1673.0516 1617.5616 1567.3636 1522.807  1483.9501
   1450.598  1422.3726 1398.7942]
  [1782.1094 1721.6368 1664.9493 1612.8494 1565.8854 1524.315  1488.1083
   1456.9983 1430.5568 1408.2803]
  [1771.3312 1714.9354 1662.2572 1613.9705 1570.4993 1531.991  1498.3314
   1469.2018 1444.1573 1422.7094]
  [1765.7032 1713.7603 1665.3512 1620.998  1580.9896 1545.3684 1513.958
   1486.4214 1462.3345 1441.258 ]
  [1765.8257 1718.383  1674.1571 1633.52   1596.6422 1563.4932 1533.8735
   1507.468  1483.9078 1462.8252]
  [1771.772  1728.524  1688.0474 1650.5948 1616.2621 1584.996  1556.622
   1530.8849 1507.4922 1486.1552]]

 [[1924.6677 1854.8969 1788.2332 1725.4636 1667.2148 1613.9397 1565.9229
   1523.2921 1486.0367 1454.0305]
  [1903.113  1833.3086 1766.8112 1704.5132 1647.1149 1595.1012 1548.7362
   1508.0812 1473.0237 1443.3193]
  [1882.7623 1813.8004 1748.2844 1687.179  1631.2318 1580.9368 1536.5228
   1497.9751 1465.0793 1437.4817]
  [1864.1542 1796.9827 1733.3339 1674.1962 1620.3224 1572.1837 1529.9548
   1493.5428 1462.6438 1436.819 ]
  [1848.0518 1783.605  1722.6926 1666.2657 1615.0333 1569.4069 1529.4924
   1495.1238 1465.9331 1441.4355]
  [1835.3884 1774.4875 1717.0521 1663.9414 1615.7698 1572.861  1535.2454
   1502.7018 1474.8344 1451.1583]
  [1827.1199 1770.3672 1716.9114 1667.4747 1622.5475 1582.3538 1546.858
   1515.8132 1488.8357 1465.4835]
  [1824.0088 1771.6967 1722.3937 1676.668  1634.8817 1597.1724 1563.4668
   1533.5278 1507.0212 1483.5787]
  [1826.3962 1778.4498 1733.1041 1690.7863 1651.7584 1616.1077 1583.763
   1554.5337 1528.158  1504.353 ]
  [1834.0342 1790.0103 1748.0841 1708.5853 1671.7264 1637.5945 1606.1617
   1577.3071 1550.8494 1526.5802]]

 [[1972.8458 1902.818  1835.7782 1772.5645 1713.8553 1660.1561 1611.795
   1568.9321 1531.573  1499.589 ]
  [1953.2332 1883.2478 1816.4198 1753.6932 1695.8237 1643.3484 1596.5745
   1555.5912 1520.2957 1490.4331]
  [1935.0961 1866.0356 1800.2219 1738.67   1682.1837 1631.3107 1586.3232
   1547.2352 1513.8418 1485.7784]
  [1918.958  1851.7697 1787.8353 1728.1874 1673.6354 1624.7072 1581.6271
   1544.3376 1512.5531 1485.8362]
  [1905.5328 1841.1367 1779.9142 1722.8555 1670.7244 1623.9967 1582.8397
   1547.1401 1516.5686 1490.6641]
  [1895.6569 1834.8331 1777.0074 1723.0703 1673.6952 1629.2815 1589.9413
   1555.5323 1525.7263 1500.0916]
  [1890.1246 1833.4005 1779.393  1728.8551 1682.3442 1640.1785 1602.4308
   1568.9641 1539.4938 1513.659 ]
  [1889.4647 1837.0242 1786.9106 1739.7314 1695.9329 1655.77   1619.3063
   1586.4421 1556.9653 1530.6074]
  [1893.7249 1845.3674 1798.859  1754.6853 1713.2163 1674.6809 1639.1652
   1606.6301 1576.9459 1549.9329]
  [1902.3555 1857.5255 1814.0249 1772.2695 1732.6031 1695.27   1660.4048
   1628.0356 1598.1045 1570.4962]]

 [[2024.5742 1954.911  1888.0748 1824.935  1766.2136 1712.4592 1664.0414
   1621.15   1583.804  1551.8683]
  [2007.6659 1938.1647 1871.6123 1808.9813 1751.0664 1698.4473 1651.4711
   1610.2549 1574.7073 1544.5652]
  [1992.4918 1924.0177 1858.5132 1797.0148 1740.362  1689.146  1643.6818
   1604.016  1569.962  1541.1587]
  [1979.5061 1912.9722 1849.3231 1789.6045 1734.66   1685.0656 1641.0988
   1602.7502 1569.7731 1541.7548]
  [1969.3077 1905.577  1844.5385 1787.1893 1734.3289 1686.4928 1643.9221
   1606.5786 1574.2021 1546.3876]
  [1962.5625 1902.3313 1844.4943 1789.9468 1739.4067 1693.3538 1652.0022
   1615.3197 1583.0818 1554.9447]
  [1959.8368 1903.523  1849.2059 1797.6488 1749.4731 1705.1031 1664.7465
   1628.4089 1595.94   1567.0918]
  [1961.384  1909.0485 1858.2317 1809.57   1763.5979 1720.7045 1681.114
   1644.8921 1611.9778 1582.2267]
  [1966.9656 1918.2977 1870.6318 1824.5114 1780.4193 1738.7389 1699.7278
   1663.5178 1630.1287 1599.5015]
  [1975.7942 1930.1726 1885.0609 1840.9606 1798.3457 1757.6188 1719.0797
   1682.912  1649.1914 1617.9093]]

 [[2079.6206 2010.9388 1944.8933 1882.3694 1824.1144 1770.7096 1722.5554
   1679.8616 1642.6494 1610.7666]
  [2066.1362 1997.7815 1932.1221 1870.1339 1812.6292 1760.2152 1713.2671
   1671.9225 1636.0974 1605.5221]
  [2054.6062 1987.3994 1922.8214 1861.8973 1805.4778 1754.1788 1708.3501
   1668.071  1633.1805 1603.3339]
  [2045.3566 1980.1376 1917.3499 1858.0171 1802.9895 1752.8759 1708.0044
   1668.4247 1633.947  1604.2101]
  [2038.801  1976.3301 1915.9692 1858.6855 1805.2911 1756.3727 1712.2507
   1672.9825 1638.4052 1608.202 ]
  [2035.3682 1976.2162 1918.7439 1863.8213 1812.1953 1764.4244 1720.8394
   1681.5427 1646.4459 1615.3251]
  [2035.3483 1979.7972 1925.4165 1872.9617 1823.1078 1776.3912 1733.1702
   1693.6177 1657.7454 1625.445 ]
  [2038.7113 1986.7014 1935.3169 1885.2135 1837.0096 1791.2329 1748.2799
   1708.3994 1671.7014 1638.186 ]
  [2044.9805 1996.1235 1947.3732 1899.3213 1852.5585 1807.6185 1764.9354
   1724.818  1687.4495 1652.9073]
  [2053.2332 2006.9014 1960.2484 1913.8485 1868.2917 1824.1257 1781.8093
   1741.6821 1703.9625 1668.7621]]

 [[2137.6362 2070.516  2005.8315 1944.4628 1887.165  1834.5342 1786.9801
   1744.7125 1707.7369 1675.8705]
  [2128.2004 2061.6128 1997.4403 1936.6339 1879.9993 1828.1478 1781.4635
   1740.0894 1703.9401 1672.7393]
  [2120.868  2055.5583 1992.4904 1932.6459 1876.8555 1825.7386 1779.6624
   1738.7333 1702.8214 1671.6136]
  [2115.7761 2052.4702 1991.0786 1932.5668 1877.7628 1827.2872 1781.5121
   1740.5508 1704.2882 1672.4402]
  [2113.0957 2052.4077 1993.1715 1936.2924 1882.5697 1832.6273 1786.8662
   1745.4535 1708.3467 1675.3475]
  [2112.9702 2055.3118 1998.5431 1943.4822 1890.8871 1841.3884 1795.4388
   1753.2927 1715.02   1680.5433]
  [2115.3984 2060.9065 2006.697  1953.4984 1902.0288 1852.9316 1806.7207
   1763.7494 1724.2091 1688.1505]
  [2120.0986 2068.6118 2016.8226 1965.3907 1915.0083 1866.334  1819.9362
   1776.252  1735.5742 1698.0615]
  [2126.4365 2077.536  2027.8408 1977.9777 1928.6277 1880.4628 1834.0834
   1789.9769 1748.4962 1709.8674]
  [2133.4683 2086.5747 2038.547  1990.0111 1941.6486 1894.1332 1848.0693
   1803.9502 1762.1426 1722.8912]]

 [[2198.1543 2133.1135 2070.313  2010.6101 1954.7444 1903.2992 1856.666
   1815.0247 1778.3418 1746.3932]
  [2193.2476 2128.9688 2066.8125 2007.681  1952.3434 1901.3873 1855.1772
   1813.8422 1777.2867 1745.2316]
  [2190.4834 2127.6025 2066.5476 2008.226  1953.419  1902.7205 1856.496
   1814.8712 1777.7517 1744.8738]
  [2189.7634 2128.8528 2069.298  2011.976  1957.6626 1906.9708 1860.3043
   1817.8427 1779.5603 1745.2734]
  [2190.9756 2132.4712 2074.7148 2018.5236 1964.6621 1913.7769 1866.3456
   1822.6512 1782.7899 1746.7025]
  [2193.9673 2138.1057 2082.3066 2027.3184 1973.8933 1922.7241 1874.3832
   1829.2822 1787.6621 1749.6079]
  [2198.4695 2145.252  2091.4124 2037.6398 1984.6819 1933.2783 1884.0927
   1837.6586 1794.3528 1754.3947]
  [2204.0134 2153.2112 2101.1877 2048.5962 1996.1847 1944.7297 1894.959
   1847.4941 1802.81   1761.2292]
  [2209.9006 2161.1108 2110.6567 2059.1816 2007.4368 1956.2117 1906.2604
   1858.239  1812.6704 1769.9321]
  [2215.2646 2168.0005 2118.8286 2068.4019 2017.4689 1966.8064 1917.15
   1869.1404 1823.292  1779.989 ]]

 [[2260.5996 2198.0693 2137.603  2080.0132 2025.9987 1976.0956 1930.6423
   1889.7585 1853.3517 1821.1512]
  [2260.516  2198.973  2139.2612 2082.2075 2028.5156 1978.7166 1933.1287
   1891.8469 1854.7605 1821.6003]
  [2262.4722 2202.4092 2143.7412 2087.2769 2033.7178 1983.6082 1937.2937
   1894.912  1856.4111 1821.5963]
  [2266.103  2207.909  2150.4907 2094.6135 2040.981  1990.1797 1942.6357
   1898.5961 1858.134  1821.1854]
  [2271.0093 2214.9263 2158.8708 2103.5583 2049.7021 1997.9608 1948.8827
   1902.8676 1860.1559 1820.8402]
  [2276.7708 2222.8657 2168.1982 2113.4377 2059.3218 2006.5934 1955.937
   1907.9166 1862.9429 1821.2662]
  [2282.909  2231.0762 2177.7441 2123.5566 2069.2788 2015.7335 1963.7205
   1913.9423 1866.9526 1823.1367]
  [2288.8499 2238.8354 2186.7305 2133.1711 2078.9492 2024.9384 1972.0094
   1920.9503 1872.4089 1826.864 ]
  [2293.9146 2245.3733 2194.3564 2141.5103 2087.638  2033.6256 1980.3599
   1928.6508 1879.1792 1832.4695]
  [2297.3801 2249.9424 2199.878  2147.8472 2094.6455 2041.1313 1988.1545
   1936.4896 1886.7927 1839.5825]]

 [[2324.3086 2264.6155 2206.83   2151.6997 2099.8513 2051.7412 2007.6189
   1967.5199 1931.2831 1898.6006]
  [2329.1294 2270.607  2213.6282 2158.921  2107.0967 2058.6018 2013.6866
   1972.4021 1934.6267 1900.1174]
  [2335.7195 2278.69   2222.6172 2168.1907 2116.0156 2066.5674 2020.1622
   1976.948  1936.9261 1899.9852]
  [2343.4473 2288.101  2232.9434 2178.6204 2125.7515 2074.8884 2026.4761
   1980.8282 1938.1249 1898.4271]
  [2351.6604 2298.0498 2243.7578 2189.3945 2135.621  2083.1016 2032.4492
   1984.1757 1938.6619 1896.1487]
  [2359.7295 2307.7827 2254.2842 2199.8298 2145.1392 2091.     2038.1937
   1987.4241 1939.2574 1894.0978]
  [2367.05   2316.595  2263.8262 2209.3457 2153.9324 2098.478  2043.8983
   1991.0431 1940.6234 1893.1725]
  [2373.0217 2323.8223 2271.7424 2217.4028 2161.6267 2105.3667 2049.6123
   1995.2946 1943.2091 1893.9755]
  [2377.0476 2328.846  2277.441  2223.4749 2167.788  2111.3428 2055.1343
   2000.1035 1947.0684 1896.6835]
  [2378.5762 2331.132  2280.4136 2227.0784 2171.9512 2115.9556 2060.0344
   2005.078  1951.8663 1901.0398]]

 [[2388.5645 2331.9106 2277.0212 2224.5552 2175.0383 2128.8174 2086.0337
   2046.6273 2010.3744 1976.9493]
  [2398.1423 2342.7642 2288.637  2236.3748 2186.4766 2139.2886 2094.9844
   2053.5747 2014.9397 1978.8829]
  [2409.0493 2355.0774 2301.6182 2249.2349 2198.4285 2149.6028 2103.0444
   2058.9207 2017.2937 1978.1477]
  [2420.4165 2367.8486 2314.8906 2262.0708 2209.9307 2158.9897 2109.714
   2062.4849 2017.5854 1975.2018]
  [2431.4014 2380.13   2327.5015 2274.0354 2220.3486 2167.113  2115.0015
   2064.6274 2016.4972 1970.9854]
  [2441.2505 2391.1084 2338.6924 2284.5398 2229.3596 2173.9783 2119.2617
   2066.029  2014.978  1966.6444]
  [2449.3162 2400.1152 2347.8796 2293.1826 2236.8162 2179.7295 2122.9302
   2067.3862 2013.9357 1963.2341]
  [2455.0403 2406.5996 2354.597  2299.6416 2242.583  2184.4355 2126.2788
   2069.1553 2013.9784 1961.481 ]
  [2457.9426 2410.1118 2358.455  2303.611  2246.4463 2187.9795 2129.2886
   2071.4158 2015.2874 1961.6627]
  [2457.6428 2410.3113 2359.1477 2304.802  2248.1191 2190.069  2131.666
   2073.8901 2017.6222 1963.6017]]]
"""
