raw_data = """
[[[2033.733  1970.0458 1908.9966 1851.2837 1797.4608 1747.9272 1702.9287
   1662.5687 1626.8254 1595.5768]
  [2017.4185 1954.4047 1894.217  1837.6266 1785.2303 1737.4324 1694.438
   1656.2712 1622.803  1593.7964]
  [2001.8444 1940.3822 1881.9015 1827.21   1776.9159 1731.3972 1690.7943
   1655.0332 1623.8716 1596.9634]
  [1987.4294 1928.4419 1872.5577 1820.5719 1773.0575 1730.327  1692.4275
   1659.1754 1630.2213 1605.134 ]
  [1974.8356 1919.2097 1866.7661 1818.2312 1774.0887 1734.5446 1699.5294
   1668.7511 1641.7753 1618.124 ]
  [1964.9375 1913.4298 1865.119  1820.607  1780.2411 1744.0889 1711.958
   1683.4641 1658.1263 1635.467 ]
  [1958.7017 1911.8433 1868.0989 1827.9031 1791.4388 1758.6279 1729.1705
   1702.6266 1678.5156 1656.4076]
  [1956.9852 1915.0006 1875.9136 1839.9769 1807.21   1777.4121 1750.218
   1725.1821 1701.8715 1679.9387]
  [1960.3094 1923.0609 1888.343  1856.2421 1826.6506 1799.2982 1773.8129
   1749.7985 1726.9071 1704.8884]
  [1968.6708 1935.6487 1904.6534 1875.6514 1848.4735 1822.8496 1798.465
   1775.0165 1752.2599 1730.0369]]

 [[2067.8203 2003.8976 1942.5864 1884.6289 1830.6194 1780.9878 1736.0016
   1695.7739 1660.2828 1629.3951]
  [2053.051  1989.89   1929.5048 1872.709  1820.1388 1772.2264 1729.1963
   1691.076  1657.7319 1628.9103]
  [2039.3679 1977.8634 1919.2451 1864.36   1813.8514 1768.1239 1727.334
   1691.4121 1660.112  1633.0765]
  [2027.196  1968.2826 1912.3097 1860.1024 1812.2634 1769.1306 1730.7706
   1697.013  1667.5178 1641.8599]
  [2017.1697 1961.7302 1909.2184 1860.3766 1815.7136 1775.4631 1739.5875
   1707.8271 1679.785  1655.0188]
  [2010.086  1958.8429 1910.4276 1865.4452 1824.2653 1786.9935 1753.4915
   1723.4415 1696.4369 1672.074 ]
  [2006.763  1960.1735 1916.1987 1875.2706 1837.6    1803.1678 1771.7626
   1743.0516 1716.6696 1692.2955]
  [2007.8315 1966.0009 1926.4397 1889.4032 1854.9574 1822.9944 1793.2759
   1765.505  1739.3966 1714.7333]
  [2013.513  1976.1543 1940.5919 1906.9352 1875.1577 1845.1193 1816.6128
   1789.4176 1763.3489 1738.2898]
  [2023.4678 1989.9226 1957.6107 1926.5604 1896.7211 1867.9889 1840.2361
   1813.3423 1787.2196 1761.8262]]

 [[2104.3325 2040.7426 1979.7014 1921.9805 1868.1991 1818.8134 1774.1086
   1734.209  1699.0933 1668.6187]
  [2091.7617 2029.0521 1969.0154 1912.4878 1860.1274 1812.3887 1769.5098
   1731.5282 1698.3105 1669.5956]
  [2080.6226 2019.6812 1961.4602 1906.8186 1856.4167 1810.6775 1769.7754
   1733.6552 1702.0819 1674.7053]
  [2071.3032 2013.0455 1957.4714 1905.4066 1857.4651 1814.0062 1775.1244
   1740.6824 1710.3755 1683.8135]
  [2064.3542 2009.6202 1957.4395 1908.5442 1863.4526 1822.43   1785.4895
   1752.4366 1722.9476 1696.6516]
  [2060.4258 2009.8635 1961.6193 1916.2797 1874.2311 1835.6324 1800.4315
   1768.4187 1739.3032 1712.7911]
  [2060.121  2014.0773 1969.999  1928.303  1889.2355 1852.8644 1819.1064
   1787.7817 1758.6796 1731.6155]
  [2063.7896 2022.2322 1982.1744 1943.8743 1907.466  1872.9678 1840.3102
   1809.3818 1780.0747 1752.3191]
  [2071.3342 2033.8368 1997.2894 1961.8395 1927.5667 1894.4939 1862.609
   1831.8904 1802.33   1773.9486]
  [2082.119  2047.9174 2014.0944 1980.7574 1947.9993 1915.8997 1884.5309
   1853.96   1824.2545 1795.488 ]]

 [[2143.0562 2080.359  2020.1218 1963.1245 1910.001  1861.222  1817.0859
   1777.7246 1743.116  1713.1052]
  [2133.3022 2071.6357 2012.4966 1956.7186 1904.9656 1857.7001 1815.1722
   1777.429  1744.3419 1715.6489]
  [2125.3027 2065.5225 2008.2336 1954.2786 1904.3142 1858.7715 1817.8414
   1781.4929 1749.5165 1721.5857]
  [2119.3604 2062.3247 2007.6304 1956.0735 1908.2603 1864.564  1825.1158
   1789.8309 1758.4651 1730.6892]
  [2115.8772 2062.3398 2010.877  1962.1805 1916.7654 1874.9305 1836.7598
   1802.1533 1770.8931 1742.7103]
  [2115.291  2065.7852 2017.9692 1972.3907 1929.4498 1889.3727 1852.2216
   1817.9296 1786.3573 1757.3453]
  [2117.9336 2072.6685 2028.6028 1986.13   1945.5403 1907.0114 1870.6194
   1836.369  1804.231  1774.1748]
  [2123.8474 2082.6533 2042.093  2002.4326 1963.8905 1926.6339 1890.7869
   1856.4457 1823.6929 1792.6125]
  [2132.645  2094.9873 2057.379  2020.0159 1983.0992 1946.8282 1911.3962
   1876.9855 1843.7671 1811.9011]
  [2143.4768 2108.5488 2073.1401 2037.4462 2001.7043 1966.1759 1931.1261
   1896.8011 1863.4194 1831.1674]]

 [[2183.703  2122.4243 2063.5005 2007.7037 1955.6661 1907.8622 1864.5939
   1825.9917 1792.0242 1762.5175]
  [2177.3076 2117.2378 2059.518  2004.9573 1954.2036 1907.716  1865.7472
   1828.3496 1795.4001 1766.6393]
  [2172.9385 2114.8713 2059.0166 2006.1721 1956.9702 1911.8374 1870.978
   1834.3896 1801.8983 1773.2166]
  [2170.7583 2115.4556 2062.0847 2011.3824 1963.9274 1920.1013 1880.0762
   1843.834  1811.2125 1781.9641]
  [2170.9644 2119.052  2068.6538 2020.3971 1974.7811 1932.142  1892.6453
   1856.3102 1823.0475 1792.7114]
  [2173.729  2125.5916 2078.4321 2032.7448 1988.9401 1947.3226 1908.0873
   1871.333  1837.09   1805.3496]
  [2179.0845 2134.7825 2090.844  2047.6361 2005.4984 1964.7307 1925.5853
   1888.266  1852.935  1819.7229]
  [2186.7817 2146.0273 2105.002  2063.9854 2023.2843 1983.2239 1944.127
   1906.2983 1870.0135 1835.5112]
  [2196.2095 2158.4102 2119.7617 2080.5127 2040.9824 2001.5421 1962.581
   1924.4785 1887.5785 1852.1787]
  [2206.4165 2170.7896 2133.8638 2095.914  2057.3079 2018.4675 1979.8307
   1941.8094 1904.7664 1869.0037]]

 [[2225.9153 2166.5227 2109.377  2055.2256 2004.6862 1958.2196 1916.1161
   1878.489  1845.2825 1816.2941]
  [2223.3062 2165.3176 2109.4844 2056.5674 2007.1823 1961.766  1920.561
   1883.6161 1850.8079 1821.881 ]
  [2222.9102 2167.0269 2113.043  2061.6885 2013.5502 1969.0354 1928.3553
   1891.5345 1858.4418 1828.8391]
  [2224.7021 2171.5522 2119.878  2070.3337 2023.4556 1979.6234 1939.0516
   1901.7969 1867.7904 1836.881 ]
  [2228.6323 2178.6797 2129.63   2082.0308 2036.3549 1992.9735 1952.143
   1914.0093 1878.6254 1845.9785]
  [2234.585  2188.0474 2141.7346 2096.0798 2051.5024 2008.3877 1967.0684
   1927.816  1890.8357 1856.2728]
  [2242.3027 2199.1    2155.4082 2111.566  2067.965  2025.0262 1983.1765
   1942.8157 1904.2953 1867.9023]
  [2251.2988 2211.0605 2169.6646 2127.401  2084.663  2041.9242 1999.6932
   1958.4735 1918.7228 1880.8293]
  [2260.8262 2222.9602 2183.3943 2142.4214 2100.4663 2058.0503 2015.739
   1974.091  1933.6143 1894.7412]
  [2269.9429 2233.7454 2195.496  2155.5312 2114.3203 2072.4192 2030.414
   1988.8651 1948.2733 1909.0596]]

 [[2269.2773 2212.162  2157.1958 2105.0874 2056.4214 2011.6268 1970.959
   1934.4923 1902.1289 1873.6261]
  [2270.739  2215.2231 2161.6633 2110.7542 2063.0586 2018.974  1978.7135
   1942.3079 1909.6277 1880.4221]
  [2274.4844 2221.1462 2169.377  2119.8193 2072.9976 2029.2845 1988.8873
   1951.8535 1918.0968 1887.435 ]
  [2280.268  2229.5715 2179.87   2131.7231 2085.6084 2041.898  2000.8436
   1962.5775 1927.1285 1894.4496]
  [2287.7764 2240.004  2192.5046 2145.7393 2100.1484 2056.1355 2014.0437
   1974.1456 1936.6362 1901.6366]
  [2296.6206 2251.8232 2206.499  2161.0193 2115.8103 2071.333  2028.0529
   1986.4043 1946.7596 1909.4121]
  [2306.2988 2264.283  2220.954  2176.6265 2131.7366 2086.8188 2042.4576
   1999.2334 1957.671  1918.2056]
  [2316.163  2276.5212 2234.8906 2191.571  2147.0308 2101.8706 2056.7646
   2012.391  1969.3741 1928.2422]
  [2325.4238 2287.6108 2247.3208 2204.88   2160.7964 2115.7158 2070.3535
   2025.4265 1981.5918 1939.4116]
  [2333.2246 2296.6528 2257.3496 2215.6897 2172.2178 2127.5942 2082.527
   2037.7119 1993.7777 1951.2642]]

 [[2313.3342 2258.8022 2206.3403 2156.6035 2110.124  2067.2761 2028.2539
   1993.0693 1961.5656 1933.4554]
  [2318.9917 2266.2324 2215.232  2166.606  2120.845  2078.2861 2039.0957
   2003.2734 1970.678  1941.0677]
  [2326.8672 2276.3066 2226.979  2179.4275 2134.0986 2091.319  2051.2817
   2014.0513 1979.5853 1947.7664]
  [2336.4814 2288.4014 2240.833  2194.2317 2149.0122 2105.5322 2064.0737
   2024.8416 1987.9604 1953.4873]
  [2347.2744 2301.7747 2255.93   2210.1135 2164.7341 2120.2214 2076.9993
   2035.4562 1995.9192 1958.6375]
  [2358.629  2315.6152 2271.359  2226.1748 2180.4958 2134.8506 2089.8218
   2045.9878 2003.8713 1963.899 ]
  [2369.873  2329.0754 2286.204  2241.5537 2195.6013 2148.976  2102.3984
   2056.6038 2012.2677 1969.9568]
  [2380.278  2341.2961 2299.5771 2255.429  2209.3809 2162.1387 2114.5125
   2067.3303 2021.3595 1977.2526]
  [2389.0823 2351.4526 2310.6558 2267.04   2221.177  2173.8098 2125.7783
   2077.9316 2031.0594 1985.841 ]
  [2395.5566 2358.823  2318.7524 2275.7402 2230.3838 2183.4219 2135.6653
   2087.9238 2040.9445 1995.3788]]

 [[2357.6191 2305.8865 2256.1614 2209.0332 2164.9595 2124.2349 2086.9692
   2053.0925 2022.3823 1994.5107]
  [2367.4368 2317.5972 2269.3254 2223.1433 2179.4543 2138.518  2100.4404
   2065.1821 2032.5912 2002.4451]
  [2379.26   2331.5706 2284.7788 2239.3213 2195.5605 2153.7686 2114.1177
   2076.6895 2041.4863 2008.4583]
  [2392.3918 2346.9485 2301.5413 2256.5269 2212.2563 2169.0703 2127.2803
   2087.1548 2048.9097 2012.7012]
  [2406.0696 2362.8062 2318.6104 2273.778  2228.6914 2183.8042 2139.6104
   2096.601  2055.2192 2015.8269]
  [2419.519  2378.231  2335.0437 2290.229  2244.228  2197.6296 2151.1138
   2105.3813 2061.079  2018.7468]
  [2431.9766 2392.3599 2349.9949 2305.163  2258.379  2210.3508 2161.9102
   2113.916  2067.168  2022.3403]
  [2442.702  2404.401  2362.7122 2317.9536 2270.704  2221.7534 2172.019
   2122.4487 2073.925  2027.2035]
  [2451.0051 2413.6587 2372.5498 2328.042  2280.7556 2231.5103 2181.2412
   2130.9067 2081.4033 2033.5087]
  [2456.2942 2419.5798 2378.9993 2334.959  2288.0923 2239.1992 2189.171
   2138.912  2089.271  2040.9935]]

 [[2401.681  2352.8662 2306.0059 2261.606  2220.0308 2181.474  2145.9468
   2113.2915 2083.225  2055.3955]
  [2415.4668 2368.5874 2323.083  2279.371  2237.7585 2198.4197 2161.396
   2126.6135 2093.918  2063.118 ]
  [2430.9097 2386.045  2341.7417 2298.3323 2256.096  2215.2512 2175.9546
   2138.305  2102.3535 2068.12  ]
  [2447.1313 2404.2036 2360.855  2317.3506 2273.9922 2231.1064 2189.0332
   2148.1025 2108.6104 2070.8037]
  [2463.232  2422.0432 2379.3792 2335.4775 2290.7046 2245.5386 2200.537
   2156.276  2113.294  2072.0464]
  [2478.3567 2438.6355 2396.4338 2351.9988 2305.787  2258.44   2210.7175
   2163.4155 2117.2778 2072.9333]
  [2491.7217 2453.1726 2411.2979 2366.381  2318.9722 2269.8457 2219.9175
   2170.1401 2121.4043 2074.4663]
  [2502.6287 2464.9683 2423.377  2378.1887 2330.025  2279.7412 2228.3354
   2176.8423 2126.2297 2077.329 ]
  [2510.4788 2473.4597 2432.1833 2387.0305 2338.6592 2287.9478 2235.9016
   2183.5576 2131.8936 2081.7622]
  [2514.8066 2478.2334 2437.3481 2392.566  2344.5476 2294.1375 2242.2876
   2189.9736 2138.1218 2087.5542]]]
"""
