raw_data = """
[[[1968.849  1903.8503 1841.693  1783.0757 1728.5476 1678.4995 1633.1687
   1592.651  1556.9198 1525.8522]
  [1949.5002 1884.847  1823.2333 1765.4425 1712.0792 1663.5499 1620.061
   1581.6371 1548.1516 1519.37  ]
  [1930.9957 1867.5454 1807.2952 1751.0786 1699.5266 1653.0348 1611.7582
   1575.6356 1544.4348 1517.816 ]
  [1913.801  1852.4677 1794.4558 1740.6036 1691.5243 1647.5663 1608.8094
   1575.0964 1546.0975 1521.3866]
  [1898.6254 1840.3004 1785.3738 1734.6322 1688.62   1647.6001 1611.5554
   1580.2339 1553.2268 1530.0568]
  [1886.3865 1831.8484 1780.722  1733.687  1691.1721 1653.3241 1620.0199
   1590.9261 1565.5879 1543.5203]
  [1878.0868 1827.9082 1781.0602 1738.0745 1699.2336 1664.5557 1633.823
   1606.6506 1582.5787 1561.1582]
  [1874.6141 1829.079  1786.6687 1747.7465 1712.446  1680.6733 1652.1483
   1626.4786 1603.2422 1582.059 ]
  [1876.5172 1835.5629 1797.3854 1762.1896 1729.988  1700.6183 1673.7897
   1649.1493 1626.3484 1605.0939]
  [1883.8145 1847.0172 1812.5154 1780.3971 1750.61   1722.9843 1697.2751
   1673.2096 1650.5321 1629.0344]]

 [[2007.7897 1942.3591 1879.7262 1820.6411 1765.6996 1715.3318 1669.8027
   1629.2258 1593.579  1562.732 ]
  [1989.8654 1924.8508 1862.8121 1804.5848 1750.8214 1701.9667 1658.2533
   1619.7173 1586.2302 1557.5417]
  [1973.0973 1909.377  1848.7528 1792.1101 1740.1265 1693.2357 1651.6174
   1615.2202 1583.8092 1557.029 ]
  [1957.9664 1896.4707 1838.1321 1783.8339 1734.2328 1689.7161 1650.3906
   1616.1152 1586.5646 1561.3099]
  [1945.1671 1886.7916 1831.5671 1780.314  1733.6176 1691.7809 1654.8243
   1622.527  1594.506  1570.3052]
  [1935.5569 1881.0583 1829.6195 1781.943  1738.496  1699.4738 1664.809
   1634.2267 1607.3293 1583.6846]
  [1930.0132 1879.9023 1832.652  1788.8091 1748.6986 1712.4043 1679.7924
   1650.5713 1624.3748 1600.8375]
  [1929.2174 1883.673  1840.664  1800.5715 1763.587  1729.708  1698.7731
   1670.5187 1644.6466 1620.8835]
  [1933.4342 1892.255  1853.1621 1816.3962 1782.0544 1750.0992 1720.3896
   1692.7283 1666.9058 1642.743 ]
  [1942.3525 1904.9695 1869.1338 1835.0005 1802.6356 1772.0244 1743.0922
   1715.7292 1689.8171 1665.2498]]

 [[2049.6968 1984.4149 1921.8456 1862.7737 1807.8312 1757.4814 1712.0171
   1671.5695 1636.1239 1605.5433]
  [2033.8982 1969.1364 1907.2285 1849.0422 1795.2634 1746.3688 1702.616
   1664.0562 1630.5653 1601.885 ]
  [2019.5685 1956.2031 1895.7538 1839.1311 1787.0436 1739.955  1698.0718
   1661.3624 1629.6019 1602.4355]
  [2007.1599 1946.1089 1887.9518 1833.5874 1783.7004 1738.7114 1698.7623
   1663.7457 1633.365  1607.2133]
  [1997.2961 1939.4221 1884.3284 1832.8417 1785.5734 1742.8699 1704.8052
   1671.2184 1641.7856 1616.1038]
  [1990.7067 1936.7042 1885.2653 1837.093  1792.6858 1752.2998 1715.951
   1683.461  1654.529  1628.8103]
  [1988.0739 1938.3555 1890.8734 1846.1752 1804.6322 1766.4175 1731.5162
   1699.7728 1670.9536 1644.8076]
  [1989.8164 1944.4347 1900.8506 1859.4608 1820.53   1784.1777 1750.3977
   1719.0927 1690.1196 1663.3336]
  [1995.8905 1954.5094 1914.4031 1875.8572 1839.0756 1804.1736 1771.1898
   1740.1056 1710.8715 1683.4313]
  [2005.6866 1967.6283 1930.2948 1893.923  1858.7152 1824.8298 1792.3755
   1761.4146 1731.9703 1704.043 ]]

 [[2094.3882 2029.8396 1967.8856 1909.328  1854.8219 1804.855  1759.7438
   1719.6345 1684.517  1654.2439]
  [2081.396  2017.5095 1956.3055 1898.66   1845.2758 1796.6498 1753.0602
   1714.5752 1681.0775 1652.3047]
  [2070.1685 2007.7924 1948.0835 1891.9489 1840.1062 1793.0393 1750.9812
   1713.9257 1681.6711 1653.878 ]
  [2061.0757 2001.0793 1943.6232 1889.5901 1839.6714 1794.3129 1753.6989
   1717.7716 1686.2865 1658.8842]
  [2054.604  1997.775  1943.2439 1891.814  1844.1061 1800.5089 1761.1667
   1726.0054 1694.7928 1667.2097]
  [2051.2869 1998.2142 1947.0847 1898.5762 1853.2109 1811.3159 1773.0156
   1738.2618 1706.8855 1678.6584]
  [2051.5503 2002.5197 1954.9741 1909.45   1866.3677 1826.0076 1788.5034
   1753.8678 1722.029  1692.8749]
  [2055.5186 2010.4485 1966.3301 1923.5751 1882.5312 1843.4608 1806.5367
   1771.8516 1739.4377 1709.292 ]
  [2062.8586 2021.3037 1980.1422 1939.7101 1900.3271 1862.2758 1825.785
   1791.0266 1758.1177 1727.1344]
  [2072.7402 2033.9711 1995.0819 1956.3944 1918.2496 1880.9763 1844.863
   1810.1418 1776.9788 1745.4851]]

 [[2141.592  2078.337  2017.5376 1959.9952 1906.373  1857.1724 1812.7218
   1773.1733 1738.5125 1708.5734]
  [2132.025  2069.609  2009.6677 1953.0614 1900.4883 1852.4523 1809.2428
   1770.938  1737.4263 1708.4445]
  [2124.4707 2063.6868 2005.2654 1950.0807 1898.8368 1852.0231 1809.8922
   1772.4678 1739.5792 1710.9175]
  [2119.1616 2060.7905 2004.531  1951.2192 1901.5292 1855.9232 1814.6283
   1777.6504 1744.8164 1715.8373]
  [2116.3853 2061.0952 2007.5315 1956.4446 1908.4475 1863.9695 1823.2354
   1786.2789 1752.9854 1723.1453]
  [2116.4182 2064.6567 2014.1224 1965.4484 1919.1726 1875.6979 1835.2748
   1798.0072 1763.8833 1732.8141]
  [2119.395  2071.3025 2023.8599 1977.5815 1932.938  1890.3254 1850.0424
   1812.2876 1777.1694 1744.728 ]
  [2125.1511 2080.5256 2035.9487 1991.846  1948.65   1906.772  1866.5708
   1828.3381 1792.2892 1758.5725]
  [2133.1245 2091.4553 2049.2793 2006.9823 1964.9972 1923.7673 1883.7087
   1845.1808 1808.47   1773.7894]
  [2142.373  2102.942  2062.5662 2021.6431 1980.6355 1940.0255 1900.268
   1861.7543 1824.7942 1789.617 ]]

 [[2190.9478 2129.4946 2070.3525 2014.3052 1962.0072 1913.9567 1870.4774
   1831.7107 1797.6193 1768.0073]
  [2185.3154 2124.9048 2066.74   2011.6406 1960.281  1913.1508 1870.5359
   1832.5131 1798.9691 1769.641 ]
  [2181.8633 2123.202  2066.56   2012.7505 1962.4407 1916.1073 1874.0123
   1836.2059 1802.555  1772.7935]
  [2180.6348 2124.3762 2069.7463 2017.5076 1968.2957 1922.5752 1880.6144
   1842.4888 1808.1117 1777.2832]
  [2181.667  2128.3213 2076.0696 2025.5869 1977.4629 1932.1613 1889.9908
   1851.1064 1815.5265 1783.1694]
  [2184.948  2134.7976 2085.103  2036.4391 1989.3495 1944.3136 1901.712
   1861.8124 1824.7719 1790.6526]
  [2190.3203 2143.3618 2096.1826 2049.269  2003.137  1958.2961 1915.211
   1874.2699 1835.766  1799.8984]
  [2197.3765 2153.3174 2108.4    2063.0579 2017.8024 1973.1838 1929.7412
   1887.9587 1848.234  1810.8696]
  [2205.4138 2163.729  2120.666  2076.649  2032.2069 1987.9272 1944.397
   1902.1532 1861.6481 1823.2358]
  [2213.4883 2173.5293 2131.8481 2088.898  2045.2382 2001.4775 1958.2168
   1915.9973 1875.2709 1836.3909]]

 [[2242.0112 2182.7957 2125.755  2071.6387 2021.0741 1974.5344 1932.314
   1894.5171 1861.0652 1831.721 ]
  [2240.6772 2182.7166 2126.7659 2073.582  2023.7925 1977.8518 1936.0193
   1898.3544 1864.7354 1834.9004]
  [2241.5771 2185.4604 2130.9973 2078.917  2029.827  1984.1724 1942.2102
   1904.0112 1869.4832 1838.414 ]
  [2244.5232 2190.7424 2138.0771 2087.1934 2038.6714 1992.965  1950.3767
   1911.0531 1875.0023 1842.127 ]
  [2249.2803 2198.1636 2147.4788 2097.8113 2049.7163 2003.6831 1960.1038
   1919.2543 1881.2935 1846.2772]
  [2255.5503 2207.2085 2158.5378 2110.046  2062.2773 2015.7794 1971.0588
   1928.5446 1888.5612 1851.326 ]
  [2262.9224 2217.2288 2170.4565 2123.0586 2075.5889 2028.6613 1982.8938
   1938.8539 1897.0135 1857.7281]
  [2270.8188 2227.4316 2182.319  2135.9155 2088.7976 2041.6377 1995.1357
   1949.954  1906.6627 1865.7137]
  [2278.4883 2236.9185 2193.1553 2147.6475 2101.0015 2053.9233 2007.1494
   1961.3785 1917.2198 1875.1659]
  [2285.0737 2244.7786 2202.0444 2157.356  2111.3418 2064.7131 2018.1948
   1972.466  1928.1149 1885.6224]]

 [[2294.2693 2237.6394 2183.066  2131.248  2082.7651 2038.037  1997.2992
   1960.5939 1927.7815 1898.5792]
  [2297.4248 2242.247  2188.8428 2137.8914 2089.9492 2045.4117 2004.4896
   1967.2098 1933.4368 1902.9176]
  [2302.727  2249.4404 2197.4316 2147.329  2099.6614 2054.824  2013.0575
   1974.447  1938.9431 1906.3993]
  [2309.7388 2258.6514 2208.1543 2158.8071 2111.12   2065.527  2022.3582
   1981.8293 1944.0454 1909.0199]
  [2317.9585 2269.2104 2220.2324 2171.5151 2123.5737 2076.9165 2032.011
   1989.2498 1948.9286 1911.2404]
  [2326.8442 2280.3906 2232.8462 2184.6519 2136.3486 2088.5444 2041.8596
   1996.8695 1954.0571 1913.786 ]
  [2335.7993 2291.4243 2245.162  2197.434  2148.8235 2100.034  2051.8179
   2004.9022 1959.9199 1917.3712]
  [2344.1575 2301.5146 2256.3486 2209.0913 2160.371  2110.9604 2061.6968
   2013.3971 1966.7867 1922.4547]
  [2351.1958 2309.8682 2265.609  2218.8794 2170.3423 2120.7998 2071.1128
   2022.1212 1974.5757 1929.0985]
  [2356.1943 2315.766  2272.248  2226.1387 2178.1143 2128.9648 2079.5195
   2030.5793 1982.8599 1936.9624]]

 [[2347.167  2293.3733 2241.5352 2192.2866 2146.133  2103.4138 2064.2788
   2028.6855 1996.4271 1967.1802]
  [2354.8186 2302.6248 2251.9727 2203.4463 2157.5122 2114.4849 2074.5112
   2037.577  2003.5352 1972.1537]
  [2364.3738 2314.0474 2264.6204 2216.6084 2170.4512 2126.4832 2084.921
   2045.8622 2009.3068 1975.1823]
  [2375.1553 2326.8125 2278.5388 2230.7827 2183.985  2138.5547 2094.8452
   2053.1392 2013.6375 1976.4633]
  [2386.4358 2340.0425 2292.7803 2245.0518 2197.333  2150.15   2104.038
   2059.495  2016.9423 1976.6997]
  [2397.4968 2352.8855 2306.4717 2258.6406 2209.9307 2161.002  2112.5728
   2065.3457 2019.9408 1976.8513]
  [2407.6372 2364.5464 2318.8364 2270.9038 2221.359  2170.9785 2120.6274
   2071.1646 2023.3596 1977.8373]
  [2416.1777 2374.295  2329.1829 2281.2715 2231.23   2179.9116 2128.2642
   2077.2324 2027.6702 1980.2845]
  [2422.473  2381.4785 2336.9048 2289.2188 2239.1257 2187.502  2135.308
   2083.5    2032.9486 1984.3867]
  [2425.9573 2385.5671 2341.5107 2294.2905 2244.6152 2193.334  2141.3618
   2089.6006 2038.8765 1989.8971]]

 [[2400.1367 2349.321  2300.3706 2253.834  2210.1206 2169.4668 2131.9177
   2097.3408 2065.467  2035.9497]
  [2412.104  2362.9563 2315.1152 2269.0574 2225.1455 2183.6042 2144.511
   2107.814  2073.3647 2040.9691]
  [2425.5815 2378.1853 2331.306  2285.3464 2240.6553 2197.5066 2156.0957
   2116.5396 2078.89   2043.1547]
  [2439.6846 2393.9753 2347.824  2301.582  2255.626  2210.346  2166.121
   2123.2964 2082.1646 2042.9504]
  [2453.529  2409.3276 2363.6592 2316.8545 2269.3628 2221.7292 2174.5496
   2128.4136 2083.8503 2041.2883]
  [2466.2976 2423.361  2377.983  2330.5095 2281.4849 2231.6157 2181.7012
   2132.5476 2084.8848 2039.3114]
  [2477.264  2435.3298 2390.1416 2342.0845 2291.7952 2240.1118 2187.9863
   2136.3796 2086.1675 2038.0717]
  [2485.792  2444.615  2399.6106 2351.212  2300.1245 2247.264  2193.6611
   2140.357  2088.3037 2038.2974]
  [2491.3418 2450.7139 2405.96   2357.5566 2306.24   2252.9424 2198.6997
   2144.5544 2091.4683 2040.262 ]
  [2493.494  2453.2576 2408.8643 2360.8179 2309.8496 2256.8528 2202.8062
   2148.69   2095.4165 2043.7798]]]
"""
