raw_data = """
[[[1727.448  1652.554  1581.5299 1515.1211 1453.8944 1398.2401 1348.3799
   1304.3857 1266.2039 1233.6786]
  [1701.3066 1625.8604 1554.5392 1488.2028 1427.5    1372.8575 1324.4851
   1282.4009 1246.4644 1216.4155]
  [1676.2607 1601.1125 1530.2916 1464.7466 1405.1873 1352.0605 1305.554
   1265.6235 1232.0393 1204.4375]
  [1652.8478 1578.934  1509.4993 1445.5396 1387.7913 1336.6965 1292.4043
   1254.8025 1223.5743 1198.2617]
  [1631.8463 1560.1193 1492.9722 1431.396  1376.1093 1327.5177 1285.7131
   1250.5125 1221.5201 1198.2024]
  [1614.2406 1545.5875 1481.5526 1423.0696 1370.7927 1325.0585 1285.8867
   1253.0247 1226.0146 1204.2751]
  [1601.107  1536.2603 1475.9889 1421.122  1372.2118 1329.5011 1292.9319
   1262.1921 1236.7883 1216.1257]
  [1593.4255 1532.8832 1476.766  1425.7675 1380.3177 1340.5594 1306.3652
   1277.387  1253.1274 1233.0171]
  [1591.8693 1535.827  1483.9332 1436.737  1394.5485 1357.4264 1325.201
   1297.5212 1273.9218 1253.8884]
  [1596.6145 1544.9293 1496.9878 1453.2109 1413.8168 1378.8173 1348.0387
   1321.1648 1297.7893 1277.4714]]

 [[1776.854  1700.2646 1627.4708 1559.3114 1496.4438 1439.3363 1388.274
   1343.3733 1304.6001 1271.7949]
  [1751.3832 1674.2368 1601.1394 1533.0554 1470.7336 1414.684  1365.1792
   1322.2722 1285.8289 1255.5657]
  [1727.2275 1650.4135 1577.8363 1510.559  1449.3977 1394.8881 1347.2773
   1306.5482 1272.4626 1244.6174]
  [1704.9783 1629.4792 1558.3405 1492.6758 1433.3334 1380.8453 1335.418
   1296.9585 1265.1309 1239.4272]
  [1685.4578 1612.2716 1543.5011 1480.2551 1423.3628 1373.3193 1330.2716
   1294.0515 1264.2423 1240.2614]
  [1669.6671 1599.71   1534.1467 1474.0204 1420.0916 1372.7834 1332.1708
   1298.0192 1269.8586 1247.0723]
  [1658.6447 1592.6469 1530.9254 1474.4071 1423.7435 1379.2628 1340.9667
   1308.5747 1281.5992 1259.4358]
  [1653.2509 1591.6628 1534.1173 1481.3948 1434.0195 1392.2234 1355.9508
   1324.9052 1298.6212 1276.5474]
  [1653.9409 1596.864  1543.4706 1494.3925 1450.0374 1410.5627 1375.888
   1345.7355 1319.696  1297.2954]
  [1660.5903 1607.7539 1558.1326 1512.2369 1470.3936 1432.7275 1399.17
   1369.495  1343.3651 1320.3909]]

 [[1830.8824 1753.1882 1679.1454 1609.6757 1545.5236 1487.2397 1435.1797
   1389.509  1350.2186 1317.1438]
  [1806.8834 1728.6605 1654.3256 1584.9346 1521.3308 1464.1112 1413.6173
   1369.944  1332.9678 1302.3829]
  [1784.423  1706.5835 1632.7893 1564.2001 1501.7335 1446.0146 1397.3585
   1355.7817 1321.0452 1292.7108]
  [1764.1067 1687.6573 1615.3297 1548.3375 1487.6313 1433.836  1387.2231
   1347.73   1315.0139 1288.5303]
  [1746.7513 1672.7073 1602.778  1538.1671 1479.8082 1428.2875 1383.8186
   1346.266  1315.2112 1290.0444]
  [1733.3164 1662.5912 1595.8815 1534.3186 1478.7628 1429.7296 1387.3661
   1351.4811 1321.6204 1297.1636]
  [1724.7358 1658.0255 1595.1255 1537.0432 1484.527  1438.001  1397.5515
   1362.9606 1333.7834 1309.4414]
  [1721.6871 1659.3657 1600.5349 1546.0504 1496.5353 1452.3271 1413.4718
   1379.759  1350.7937 1326.0771]
  [1724.3623 1666.4216 1611.5427 1560.4373 1513.6196 1471.3671 1433.7166
   1400.4973 1371.3884 1345.9861]
  [1732.3279 1678.3792 1626.9904 1578.7651 1534.1495 1493.3994 1456.5745
   1423.5614 1394.1177 1367.9264]]

 [[1889.5298 1811.3862 1736.6886 1666.4271 1601.4248 1542.3127 1489.5166
   1443.2524 1403.532  1370.1798]
  [1867.8551 1789.2579 1714.3105 1644.1405 1579.6733 1521.5879 1470.2938
   1425.9285 1388.3785 1357.3157]
  [1847.9365 1769.8005 1695.4229 1626.0348 1562.6382 1505.9414 1456.3252
   1413.8446 1378.2643 1349.1207]
  [1830.342  1753.6685 1680.7635 1612.9087 1551.1395 1496.1643 1448.3219
   1407.5894 1373.6326 1345.8903]
  [1815.8193 1741.6031 1671.0652 1605.4722 1545.8403 1492.8424 1446.7655
   1407.5242 1374.7257 1347.7671]
  [1805.2122 1734.3232 1666.9187 1604.1863 1547.0685 1496.1737 1451.7356
   1413.6345 1381.4694 1354.6573]
  [1799.2798 1732.3405 1668.584  1609.0713 1554.6359 1505.8066 1462.7754
   1425.4233 1393.3899 1366.1653]
  [1798.4619 1735.745  1675.8091 1619.5679 1567.739  1520.7795 1478.8617
   1441.8998 1409.6078 1381.579 ]
  [1802.6703 1744.0564 1687.7474 1634.5247 1585.011  1539.6172 1498.5217
   1461.6908 1428.9249 1399.9224]
  [1811.2018 1756.2133 1703.0314 1652.3469 1604.7261 1560.5638 1520.0626
   1483.2441 1449.9834 1420.0607]]

 [[1952.671  1874.7684 1800.0618 1729.5911 1664.2434 1604.7192 1551.5045
   1504.8553 1464.7935 1431.1221]
  [1934.1731 1855.9501 1781.0765 1710.726  1645.8845 1587.2983 1535.4331
   1490.4602 1452.2704 1420.512 ]
  [1917.6248 1839.9731 1765.7114 1696.1085 1632.2231 1574.8278 1524.3586
   1480.9056 1444.243  1413.8949]
  [1903.4946 1827.3735 1754.5643 1686.3772 1623.9008 1567.9078 1518.7983
   1476.5953 1440.9932 1411.4431]
  [1892.387  1818.7247 1748.1802 1682.0409 1621.3741 1566.9237 1519.0527
   1477.745  1442.6676 1413.2645]
  [1884.9532 1814.5284 1746.9176 1683.325  1624.7491 1571.8828 1525.0591
   1484.2601 1449.1803 1419.3214]
  [1881.7137 1815.037  1750.7727 1690.002  1633.626  1582.2782 1536.2771
   1495.6377 1460.1278 1429.3508]
  [1882.8389 1820.0669 1759.2357 1701.2924 1647.04   1597.0599 1551.6747
   1510.9537 1474.7595 1442.8151]
  [1887.9838 1828.9022 1771.2654 1715.9082 1663.5558 1614.7562 1569.847
   1528.9565 1492.0365 1458.9158]
  [1896.2593 1840.3474 1785.423  1732.2483 1681.5006 1633.7123 1589.2374
   1548.2477 1510.7593 1476.6729]]

 [[2020.0319 1943.0635 1869.0183 1798.9622 1733.8259 1674.3568 1621.0795
   1574.2665 1533.9305 1499.8406]
  [2005.5051 1928.4077 1854.3196 1784.4254 1719.7446 1661.0614 1608.8735
   1563.3685 1524.4319 1491.6917]
  [1993.0663 1916.6799 1843.2528 1774.0498 1710.1508 1652.3608 1601.1506
   1556.6361 1518.6079 1486.5992]
  [1983.0203 1908.2177 1836.1857 1768.2168 1705.4115 1648.5781 1598.1641
   1554.2446 1516.5659 1484.6299]
  [1975.7534 1903.3467 1833.3933 1767.1539 1705.7081 1649.8483 1600.0114
   1556.2712 1518.3896 1485.9062]
  [1971.6587 1902.2893 1834.9484 1770.8141 1710.9097 1655.9994 1606.5249
   1562.5991 1524.0532 1490.5206]
  [1970.9767 1905.015  1840.5835 1778.7494 1720.46   1666.4484 1617.175
   1572.8188 1533.3142 1498.4191]
  [1973.6144 1911.1019 1849.5964 1790.0541 1733.3477 1680.1827 1631.0443
   1586.1832 1545.6417 1509.303 ]
  [1979.032  1919.6921 1860.8729 1803.4427 1748.2142 1695.8711 1646.9171
   1601.6602 1560.2264 1522.5994]
  [1986.2651 1929.5881 1873.045  1817.4489 1763.5704 1712.0718 1663.4596
   1618.0684 1576.0703 1537.5079]]

 [[2091.1733 2015.8004 1943.0757 1874.0665 1809.7168 1750.7874 1697.8054
   1651.0277 1610.4336 1575.749 ]
  [2081.2886 2006.0244 1933.4073 1864.6    1800.6146 1742.2351 1689.9574
   1643.9603 1604.1168 1570.0446]
  [2073.5361 1999.1329 1927.2148 1859.0007 1795.5454 1737.6482 1685.7869
   1640.0944 1600.3873 1566.2377]
  [2067.9932 1995.1927 1924.5577 1857.3147 1794.5325 1737.0204 1685.2588
   1639.3807 1599.2106 1564.3424]
  [2064.7734 1994.2244 1925.3864 1859.446  1797.4576 1740.238  1688.2949
   1641.8098 1600.6747 1564.5681]
  [2063.9707 1996.1431 1929.4775 1865.0878 1803.9913 1747.0106 1694.7009
   1647.3282 1604.8954 1567.2047]
  [2065.5417 2000.6565 1936.349  1873.6444 1813.5143 1756.7847 1704.064
   1655.7148 1611.8662 1572.4583]
  [2069.1743 2007.1772 1945.206  1884.2042 1825.0977 1768.7089 1715.6896
   1666.485  1621.3347 1580.3029]
  [2074.2217 2014.8174 1954.9883 1895.6149 1837.5824 1781.6995 1728.635
   1678.883  1632.7563 1590.4066]
  [2079.7566 2022.4965 1964.5144 1906.6511 1849.7516 1794.595  1741.836
   1691.9745 1645.3484 1602.1522]]

 [[2165.4883 2092.3022 2021.5057 1954.1377 1891.1173 1833.1759 1780.7986
   1734.1906 1693.2765 1657.739 ]
  [2160.7275 2087.9072 2017.3662 1950.2068 1887.3904 1829.6565 1777.4613
   1730.9529 1689.9893 1654.1989]
  [2158.0056 2086.1748 2016.3282 1949.5944 1886.9596 1829.1782 1776.7086
   1729.6951 1687.9967 1651.2577]
  [2157.1265 2086.8542 2018.0983 1951.9778 1889.4896 1831.4153 1778.2552
   1730.2087 1687.2037 1648.9641]
  [2157.9006 2089.6401 2022.2977 1956.9524 1894.6023 1836.0695 1781.9303
   1732.4877 1687.7904 1647.6869]
  [2160.1255 2094.162  2028.4525 1964.0201 1901.8567 1842.8309 1787.6124
   1736.6317 1690.0825 1647.9583]
  [2163.5117 2099.9304 2035.9525 1972.5433 1910.6844 1851.284  1795.0975
   1742.6761 1694.3523 1650.26  ]
  [2167.6    2106.2869 2044.0211 1981.7188 1920.3452 1860.8286 1803.9802
   1750.4366 1700.6382 1654.8315]
  [2171.73   2112.4167 2051.7544 1990.6216 1929.9586 1870.6848 1813.6235
   1759.4485 1708.656  1661.5676]
  [2175.1006 2117.4404 2058.23   1998.3202 1938.6132 1879.988  1823.2362
   1769.0157 1717.8281 1670.0206]]

 [[2242.2114 2171.7002 2103.3413 2038.1133 1976.8687 1920.2617 1868.6936
   1822.2864 1780.9025 1744.1952]
  [2242.8135 2172.9006 2104.8982 2039.812  1978.5105 1921.6475 1869.6085
   1822.4985 1780.1702 1742.2898]
  [2245.185  2176.3286 2108.9346 2044.0092 1982.4329 1924.8848 1871.7888
   1823.3027 1779.3467 1739.6688]
  [2248.8386 2181.4038 2114.8098 2050.0405 1987.9957 1929.4113 1874.8026
   1824.4445 1778.3876 1736.5101]
  [2253.2922 2187.5278 2121.8694 2057.2715 1994.6615 1934.8568 1878.5015
   1826.0262 1777.6478 1733.3983]
  [2258.0908 2194.1118 2129.4805 2065.1223 2001.9944 1941.005  1882.9325
   1828.3706 1777.7035 1731.1177]
  [2262.7703 2200.562  2137.0127 2073.0234 2009.5785 1947.6592 1888.1544
   1831.7933 1779.1019 1730.4011]
  [2266.8105 2206.245  2143.8018 2080.3645 2016.9279 1954.5099 1894.0637
   1836.4005 1782.1437 1731.714 ]
  [2269.6172 2210.4946 2149.163  2086.4912 2023.4601 1961.0813 1900.3124
   1841.9873 1786.7695 1735.1376]
  [2270.5693 2212.6692 2152.4521 2090.767  2028.5559 1966.7809 1906.3516
   1848.0658 1792.5742 1740.3657]]

 [[2320.4478 2252.96   2187.4019 2124.6577 2065.474  2010.3877 1959.6844
   1913.3918 1871.3157 1833.106 ]
  [2326.371  2259.6401 2194.4458 2131.6655 2072.042  2016.1171 1964.1927
   1916.3324 1872.402  1832.1343]
  [2333.5994 2267.888  2203.104  2140.107  2079.653  2022.3345 1968.539
   1918.4471 1872.0604 1829.251 ]
  [2341.3687 2276.8325 2212.4526 2149.0706 2087.4824 2028.3763 1972.2869
   1919.5697 1870.4082 1824.8425]
  [2348.9585 2285.6577 2221.6665 2157.8174 2094.9692 2033.9364 1975.4285
   1920.0009 1868.0325 1819.7311]
  [2355.7378 2293.6597 2230.0703 2165.8071 2101.7966 2038.9825 1978.2418
   1920.3143 1865.7567 1814.9288]
  [2361.1602 2300.2402 2237.1133 2172.6274 2107.7678 2043.5759 1981.0558
   1921.0862 1864.3612 1811.3639]
  [2364.7236 2304.8687 2242.3088 2177.9019 2112.6646 2047.6859 1984.0333
   1922.6626 1864.3503 1809.6654]
  [2365.9553 2307.0645 2245.2075 2181.242  2116.1782 2051.0981 1987.0652
   1925.0428 1865.8334 1810.0487]
  [2364.4358 2306.4233 2245.4202 2182.267  2117.9321 2053.4395 1989.7899
   1927.8969 1868.5342 1812.3115]]]
"""
