raw_data = """
[[[2011.0548 1947.1448 1885.941  1828.1393 1774.2888 1724.784  1679.8657
   1639.632  1604.0581 1573.0211]
  [1993.654  1930.3049 1869.854  1813.0735 1760.5608 1712.7178 1669.7488
   1631.6749 1598.3668 1569.5873]
  [1977.0352 1915.1168 1856.2529 1801.2587 1750.7471 1705.0991 1664.4585
   1628.7533 1597.7433 1571.0828]
  [1961.634  1902.0646 1845.6709 1793.2616 1745.4204 1702.47   1664.4662
   1631.2324 1602.4248 1577.6125]
  [1948.1304 1891.7958 1838.7157 1789.635  1745.0553 1705.1998 1670.0159
   1639.2222 1612.3925 1589.0481]
  [1937.4143 1885.077  1836.0085 1790.834  1749.9272 1713.3806 1681.0234
   1652.4877 1627.3    1604.9806]
  [1930.4633 1882.6681 1838.0577 1797.0986 1760.0059 1726.7317 1697.0038
   1670.3999 1646.4456 1624.7046]
  [1928.1448 1885.1348 1845.0963 1808.3185 1774.858  1744.5494 1717.0555
   1691.9486 1668.7992 1647.2494]
  [1930.9879 1892.6501 1856.9235 1823.9321 1793.609  1765.7195 1739.9197
   1715.828  1693.0964 1671.4602]
  [1938.9946 1904.8486 1872.8164 1842.905  1814.9838 1788.8171 1764.1143
   1740.5829 1717.9752 1696.1165]]

 [[2046.858  1982.657  1921.1302 1863.0194 1808.9167 1759.2493 1714.2808
   1674.1227 1638.7505 1608.0314]
  [2030.9663 1967.4092 1906.6951 1849.6426 1796.8903 1748.8727 1705.8127
   1667.7396 1634.5189 1605.8972]
  [2016.1906 1954.1641 1895.0955 1839.8405 1789.0521 1743.1415 1702.2704
   1666.3733 1635.2056 1608.41  ]
  [2002.9758 1943.4122 1886.8618 1834.1667 1785.9456 1742.5499 1704.0577
   1670.3057 1640.9578 1615.5863]
  [1991.9786 1935.7623 1882.5482 1833.1031 1787.9583 1747.3691 1711.3147
   1679.5469 1651.6721 1627.243 ]
  [1984.0167 1931.8801 1882.6483 1836.9572 1795.2064 1757.5302 1723.8124
   1693.7482 1666.9332 1642.9541]
  [1979.9279 1932.3448 1887.4574 1845.7343 1807.4224 1772.5369 1740.8901
   1712.1631 1685.9897 1662.0342]
  [1980.3589 1937.4584 1896.9143 1859.0221 1823.8892 1791.4419 1761.4675
   1733.6797 1707.7896 1683.5609]
  [1985.5449 1947.0679 1910.4817 1875.9384 1843.4517 1812.9163 1784.1472
   1756.9318 1731.0775 1706.4464]
  [1995.1534 1960.4718 1927.1259 1895.1841 1864.6359 1835.4078 1807.3899
   1780.4664 1754.5388 1729.5448]]

 [[2085.274  2021.354  1960.038  1902.099  1848.1581 1798.6693 1753.9182
   1714.0288 1678.9796 1648.6289]
  [2071.561  2008.3989 1947.9718 1891.122  1838.5149 1790.6084 1747.6445
   1709.6627 1676.5302 1647.9857]
  [2059.2979 1997.7765 1939.0415 1883.9669 1833.2251 1787.2502 1746.2241
   1710.097  1678.6351 1651.4858]
  [2048.8965 1989.9291 1933.7166 1881.1056 1832.7314 1788.9698 1749.9294
   1715.48   1685.3181 1659.0468]
  [2040.933  1985.3652 1932.4271 1882.8793 1837.2684 1795.8839 1758.7568
   1725.7029 1696.396  1670.4548]
  [2036.0841 1984.5776 1935.471  1889.3868 1846.7467 1807.7395 1772.334
   1740.3296 1711.4318 1685.3295]
  [2034.9792 1987.9012 1942.8784 1900.3682 1860.6566 1823.8455 1789.8729
   1758.5667 1729.7075 1703.0897]
  [2037.9902 1995.3362 1954.279  1915.1213 1878.0393 1843.084  1810.2069
   1779.3011 1750.2471 1722.9496]
  [2045.0372 2006.4097 1968.8378 1932.5137 1897.5577 1864.0233 1831.9154
   1801.2135 1771.8961 1743.9581]
  [2055.4902 2020.1543 1985.3092 1951.1047 1917.6696 1885.111  1853.5128
   1822.9419 1793.4504 1765.0879]]

 [[2126.0981 2063.0269 2002.4618 1945.1864 1891.8381 1842.8907 1798.6443
   1759.2334 1724.6368 1694.7015]
  [2115.2046 2053.039  1993.455  1937.296  1885.2351 1837.7427 1795.0752
   1757.2832 1724.2399 1695.6823]
  [2106.0742 2045.6666 1987.8108 1933.3668 1883.0083 1837.1807 1796.0852
   1759.6963 1727.8047 1700.0791]
  [2099.0337 2041.2437 1985.8619 1933.7112 1885.4216 1841.3876 1801.7548
   1766.4446 1735.2115 1707.7152]
  [2094.5154 2040.1047 1987.8438 1938.458  1892.4943 1850.2789 1811.9122
   1777.3018 1746.2231 1718.3904]
  [2092.988  2042.5071 1993.7998 1947.4547 1903.9092 1863.4207 1826.0701
   1791.7954 1760.4464 1731.841 ]
  [2094.815  2048.4963 2003.4708 1960.1768 1918.9458 1879.9877 1843.3964
   1809.1786 1777.2909 1747.6747]
  [2100.0657 2057.767  2016.2063 1975.6954 1936.494  1898.8    1862.7537
   1828.4485 1795.9513 1765.317 ]
  [2108.3684 2069.585  2030.9628 1992.7426 1955.1637 1918.4534 1882.8158
   1848.4305 1815.4504 1784.0083]
  [2118.8794 2082.83   2046.4169 2009.8765 1973.4801 1937.5114 1902.2435
   1867.9191 1834.7384 1802.8634]]

 [[2169.0479 2107.3618 2048.066  1991.9379 1939.6172 1891.5834 1848.143
   1809.4313 1775.4192 1745.9349]
  [2161.5413 2100.94   2042.7324 1987.7404 1936.625  1889.8562 1847.6951
   1810.1995 1777.2476 1748.5774]
  [2156.0615 2097.3364 2040.8759 1987.4989 1937.8577 1892.3955 1851.3298
   1814.6626 1782.2197 1753.7051]
  [2152.796  2096.713  2042.623  1991.2917 1943.3265 1899.1311 1858.8926
   1822.5984 1790.0806 1761.0773]
  [2151.9727 2099.169  2047.9504 1998.982  1952.7971 1909.7583 1870.0493
   1833.691  1800.585  1770.5636]
  [2153.7988 2104.6772 2056.6162 2010.1527 1965.7358 1923.7003 1884.2572
   1847.5057 1813.4613 1782.0887]
  [2158.3403 2112.986  2068.089  2024.0621 1981.2863 1940.091  1900.7418
   1863.4406 1828.3315 1795.5145]
  [2165.3755 2123.5273 2081.5122 2039.6558 1998.3048 1957.8112 1918.5095
   1880.6993 1844.6362 1810.5289]
  [2174.3076 2135.4    2095.754  2055.662  2015.4801 1975.6023 1936.4269
   1898.326  1861.6249 1826.5933]
  [2184.188  2147.4595 2109.5469 2070.7642 2031.5098 1992.226  1953.3558
   1915.3052 1878.4187 1842.9742]]

 [[2213.7637 2153.9424 2096.3916 2041.867  1990.994  1944.2421 1901.9089
   1864.1133 1830.8029 1801.7764]
  [2210.0994 2151.562  2095.2124 2041.8268 1992.0356 1946.2904 1904.8431
   1867.7478 1834.8829 1805.9885]
  [2208.642  2152.089  2097.4775 2045.5605 1996.9479 1952.0647 1911.1356
   1874.1901 1841.0945 1811.5999]
  [2209.3901 2155.4556 2103.0488 2052.8562 2005.442  1961.2108 1920.3906
   1883.0416 1849.0873 1818.3597]
  [2212.3232 2161.4834 2111.61   2063.2893 2017.0292 1973.2269 1932.1539
   1893.9562 1858.6742 1826.2726]
  [2217.3604 2169.851  2122.643  2076.212  2031.0156 1987.4664 1945.9115
   1906.6189 1869.7777 1835.505 ]
  [2224.276  2180.0405 2135.4038 2090.7495 2046.508  2003.1273 1961.0446
   1920.6553 1882.2911 1846.2102]
  [2232.609  2191.3013 2148.933  2105.8389 2062.4497 2019.2617 1976.7932
   1935.5406 1895.9419 1858.3563]
  [2241.626  2202.6758 2162.1294 2120.3213 2077.7097 2034.8362 1992.2731
   1950.5719 1910.2217 1871.6292]
  [2250.3843 2213.1064 2173.8826 2133.087  2091.2178 2048.8477 2006.5676
   1964.9315 1924.4242 1885.4434]]

 [[2259.8186 2202.267  2146.876  2094.3633 2045.3231 2000.1953 1959.244
   1922.5498 1890.0186 1861.4076]
  [2260.3079 2204.2427 2150.1528 2098.7507 2050.616  2006.1602 1965.6075
   1928.9951 1896.1929 1866.9453]
  [2263.0688 2209.0679 2156.6655 2106.5298 2059.207  2015.0894 1974.3971
   1937.1816 1903.3523 1872.716 ]
  [2267.875  2216.4087 2165.9795 2117.1758 2070.5066 2026.3655 1985.0173
   1946.5966 1911.1234 1878.5332]
  [2274.439  2225.8022 2177.4917 2130.005  2083.8164 2039.353  1996.9722
   1956.9443 1919.4515 1884.594 ]
  [2282.4014 2236.662  2190.461  2144.21   2098.3706 2053.4297 2009.8638
   1968.1028 1928.5042 1891.3348]
  [2291.2905 2248.2742 2204.021  2158.8877 2113.3462 2067.954  2023.3054
   1979.9753 1938.4703 1899.2003]
  [2300.48   2259.8008 2217.2168 2173.0708 2127.8638 2082.2183 2036.8154
   1992.3282 1949.3629 1908.4221]
  [2309.1943 2270.3232 2229.067  2185.7888 2141.028  2095.4492 2049.7734
   2004.7118 1960.9049 1918.892 ]
  [2316.5752 2278.9412 2238.6692 2196.1697 2152.0132 2106.8755 2061.4714
   2016.489  1972.5452 1930.1592]]

 [[2306.7373 2251.7744 2198.8794 2148.7183 2101.834  2058.6118 2019.2556
   1983.7832 1952.041  1923.7407]
  [2311.5273 2258.2317 2206.7017 2157.5703 2111.3452 2068.378  2028.8453
   1992.7523 1959.9567 1930.2117]
  [2318.5151 2267.314  2217.3628 2169.2275 2123.378  2080.1582 2039.7731
   2002.2903 1967.6635 1935.7639]
  [2327.2344 2278.4158 2230.1355 2182.879  2137.0881 2093.1406 2051.3313
   2011.8654 1974.8594 1940.3552]
  [2337.1455 2290.8184 2244.1846 2197.651  2151.6572 2106.6548 2063.0793
   2021.318  1981.6866 1944.415 ]
  [2347.654  2303.7383 2258.6284 2212.6777 2166.35   2120.1975 2074.8115
   2030.769  1988.5786 1948.6462]
  [2358.1135 2316.3542 2272.5808 2227.126  2180.498  2133.3496 2086.4087
   2040.4067 1996.005  1953.7488]
  [2367.8157 2327.8286 2285.1724 2240.1936 2193.4507 2145.6694 2097.668
   2050.2698 2004.2283 1960.1748]
  [2376.0112 2337.3481 2295.593  2251.129  2204.5552 2156.6333 2108.2092
   2060.128  2013.1667 1967.9858]
  [2381.975  2344.1936 2303.1538 2259.2837 2213.204  2165.671  2117.5
   2069.497  2022.4004 1976.8431]]

 [[2354.0222 2301.8735 2251.7173 2204.1533 2159.652  2118.5173 2080.8684
   2046.6406 2015.6133 1987.4585]
  [2363.0908 2312.739  2263.9482 2217.2563 2173.0837 2131.703  2093.2295
   2057.6284 2024.7466 1994.3567]
  [2374.1338 2325.836  2278.438  2232.3975 2188.0977 2145.8271 2105.7683
   2068.0044 2032.5349 1999.3014]
  [2386.4583 2340.315  2294.2188 2248.5515 2203.6907 2159.9941 2117.7832
   2077.329  2038.8402 2002.4618]
  [2399.3142 2355.2659 2310.3047 2264.7583 2219.035  2173.6082 2128.983
   2085.6494 2044.0428 2004.5114]
  [2411.9448 2369.796  2325.7778 2280.196  2233.5195 2186.357  2139.3984
   2093.344  2048.831  2006.3844]
  [2423.6067 2383.0652 2339.8157 2294.1738 2246.6821 2198.0688 2149.1748
   2100.8572 2053.9053 2008.9784]
  [2433.58   2394.3032 2351.6887 2306.0872 2258.1045 2208.5503 2158.3496
   2108.4485 2059.7207 2012.9045]
  [2441.1907 2402.831  2360.7659 2315.3914 2267.3528 2217.487  2166.737
   2116.059  2066.3408 2018.3466]
  [2445.8562 2408.1038 2366.5476 2321.6255 2273.9917 2224.4624 2173.9365
   2123.316  2073.4421 2025.0486]]

 [[2401.182  2351.9717 2304.6885 2259.8474 2217.8252 2178.8245 2142.8633
   2109.789  2079.3198 2051.1025]
  [2414.3406 2366.9783 2320.9692 2276.747  2234.6318 2194.8108 2157.3325
   2122.127  2089.039  2057.8745]
  [2429.108  2383.6711 2338.7808 2294.7896 2251.9937 2210.6265 2170.8525
   2132.774  2096.4392 2061.8643]
  [2444.6025 2401.0146 2356.9973 2312.8413 2268.8677 2225.42   2182.8467
   2141.481  2101.6157 2063.4902]
  [2459.9292 2417.9949 2374.5862 2329.9675 2284.5273 2238.7632 2193.2412
   2148.541  2105.1958 2063.6533]
  [2474.2446 2433.6995 2390.684  2345.4739 2298.551  2250.5745 2202.3157
   2154.5718 2108.0813 2063.4636]
  [2486.7852 2447.342  2404.5938 2358.8538 2310.6973 2260.9175 2210.4395
   2160.2173 2111.137  2063.9438]
  [2496.8728 2458.26   2415.747  2369.6978 2320.7578 2269.8008 2217.8345
   2165.8936 2114.941  2065.7979]
  [2503.9297 2465.9124 2423.6775 2377.635  2328.467  2277.067  2224.4492
   2171.6519 2119.6484 2069.2798]
  [2507.5066 2469.902  2428.0332 2382.3428 2333.5122 2282.4014 2229.9702
   2177.1948 2124.997  2074.1895]]]
"""
