raw_data = """
[[[1909.4408 1841.925  1777.4658 1716.7762 1660.4148 1608.7777 1562.1058
   1520.4957 1483.9241 1452.2683]
  [1887.6895 1820.228  1756.0315 1695.9088 1640.4834 1590.1769 1545.2069
   1505.6075 1471.26   1441.9346]
  [1866.8462 1800.2897 1737.1644 1678.3425 1624.4865 1576.0197 1533.1204
   1495.7463 1463.6804 1436.5896]
  [1847.4095 1782.6748 1721.4955 1664.7621 1613.1355 1567.0076 1526.4952
   1491.473  1461.6309 1436.5491]
  [1830.123  1768.117  1709.7439 1655.859  1607.0717 1563.7057 1525.797
   1493.1346 1465.3335 1441.9169]
  [1815.9385 1757.4686 1702.6487 1652.242  1606.7599 1566.4268 1531.186
   1500.7522 1474.6917 1452.5096]
  [1805.8905 1751.5757 1700.838  1654.3065 1612.3618 1575.1125 1542.4156
   1513.9344 1489.2231 1467.8087]
  [1800.8997 1751.086  1704.6581 1662.0881 1623.6177 1589.2494 1558.7782
   1531.8531 1508.0553 1486.9666]
  [1801.549  1756.2483 1714.0061 1675.1423 1639.7804 1607.8511 1579.1311
   1553.2983 1529.9932 1508.8752]
  [1807.8911 1766.7604 1728.2307 1692.505  1659.6354 1629.5355 1602.0135
   1576.8137 1553.6592 1532.2887]]

 [[1952.321  1884.1045 1818.8844 1757.4341 1700.3684 1648.132  1601.0029
   1559.1041 1522.4215 1490.83  ]
  [1931.8419 1863.7306 1798.8075 1737.9453 1681.8278 1630.9261 1585.4946
   1545.5865 1511.0853 1481.7466]
  [1912.5529 1845.4218 1781.6106 1722.0573 1667.4867 1618.3727 1574.9293
   1537.1309 1504.7582 1477.459 ]
  [1894.9766 1829.7657 1767.9458 1710.4691 1658.059  1611.1593 1569.9249
   1534.2484 1503.8221 1478.2125]
  [1879.8562 1817.4858 1758.5107 1703.8394 1654.1409 1609.7942 1570.8793
   1537.2155 1508.4329 1484.059 ]
  [1868.1017 1809.3711 1753.9583 1702.6718 1656.08   1614.4677 1577.8369
   1545.9528 1518.4227 1494.7814]
  [1860.6453 1806.1259 1754.7448 1707.1683 1663.8356 1624.9283 1590.3837
   1559.9447 1533.2373 1509.8479]
  [1858.2233 1808.1702 1760.9547 1717.0865 1676.8752 1640.4171 1607.6152
   1578.2299 1551.9412 1528.4152]
  [1861.1499 1815.4473 1772.1611 1731.6599 1694.1561 1659.7018 1628.2086
   1599.4884 1573.301  1549.3987]
  [1869.155  1827.3195 1787.3859 1749.6306 1714.2229 1681.2218 1650.5901
   1622.216  1595.941  1571.5929]]

 [[1998.6543 1930.3295 1864.8925 1803.1615 1745.7982 1693.2922 1645.9604
   1603.9523 1567.2682 1535.7784]
  [1980.1873 1912.0532 1846.9668 1785.8438 1729.4166 1678.201  1632.4882
   1592.3557 1557.6946 1528.2513]
  [1963.1946 1896.1302 1832.1921 1772.3595 1717.4037 1667.8452 1623.9357
   1585.675  1552.8538 1525.1132]
  [1948.1792 1883.1199 1821.1824 1763.3551 1710.4062 1662.8292 1620.8235
   1584.3168 1553.0231 1526.517 ]
  [1935.8268 1873.6715 1814.5458 1759.3859 1708.9062 1663.5422 1623.4331
   1588.4537 1558.2793 1532.4714]
  [1926.9402 1868.4397 1812.7786 1760.7861 1713.08   1670.0151 1631.6766
   1597.9143 1568.4128 1542.7721]
  [1922.2787 1867.9218 1816.1069 1767.5205 1722.6616 1681.8044 1644.9989
   1612.106  1582.8619 1556.9451]
  [1922.3344 1872.2615 1824.3246 1779.0635 1736.8685 1697.9553 1662.3698
   1630.0184 1600.7158 1574.2362]
  [1927.1239 1881.0906 1836.7006 1794.3768 1754.4388 1717.0842 1682.3889
   1650.3259 1620.7953 1593.6598]
  [1936.0762 1893.4875 1852.0134 1812.0151 1773.7943 1737.573  1703.4829
   1671.5682 1641.8005 1614.1046]]

 [[2048.2932 1980.4705 1915.3871 1853.8898 1796.6741 1744.2677 1697.0209
   1655.1104 1618.5454 1587.1891]
  [2032.5759 1965.071  1900.4171 1839.5511 1783.2357 1732.0223 1686.2347
   1645.9747 1611.1437 1581.4813]
  [2018.6025 1952.2745 1888.8038 1829.1821 1774.2079 1724.4362 1680.1554
   1641.3966 1607.9701 1579.5245]
  [2006.8022 1942.5465 1881.0476 1823.2968 1770.0859 1721.9492 1679.1349
   1641.6206 1609.1625 1581.3689]
  [1997.738  1936.3905 1877.5897 1822.2672 1771.1646 1724.7708 1683.2974
   1646.6984 1614.726  1587.0066]
  [1992.0328 1934.2528 1878.7012 1826.201  1777.4081 1732.7538 1692.4274
   1656.3955 1624.4562 1596.3064]
  [1990.2081 1936.3685 1884.3389 1834.8085 1788.3347 1745.299  1705.8896
   1670.1194 1637.868  1608.9348]
  [1992.4741 1942.5886 1894.0161 1847.3214 1802.9807 1761.3467 1722.6318
   1686.916  1654.173  1624.3071]
  [1998.5602 1952.2739 1906.7709 1862.5294 1819.9832 1779.4875 1741.2966
   1705.5597 1672.3326 1641.6027]
  [2007.6635 1964.3208 1921.2638 1878.9387 1837.7805 1798.1727 1760.4175
   1724.7179 1691.1836 1659.8458]]

 [[2100.991  2034.2673 1970.1106 1909.3746 1852.7758 1800.867  1754.0231
   1712.4352 1676.1134 1644.903 ]
  [2088.7104 2022.4755 1958.8527 1898.7749 1843.015  1792.1438 1746.508
   1706.2262 1671.2067 1641.1835]
  [2078.4023 2013.4663 1951.0576 1892.1497 1837.5419 1787.8081 1743.266
   1703.9779 1669.7822 1640.3484]
  [2070.3638 2007.5433 1947.0333 1889.7938 1836.615  1788.0577 1744.4186
   1705.7349 1671.8252 1642.3557]
  [2064.967  2004.9893 1946.9778 1891.8269 1840.2827 1792.881  1749.9136
   1711.4338 1677.298  1647.2285]
  [2062.5908 2005.9833 1950.888  1898.0953 1848.2847 1801.965  1759.4454
   1720.8333 1686.069  1654.977 ]
  [2063.474  2010.4707 1958.4465 1908.0776 1859.974  1814.6294 1772.387
   1733.4337 1697.8173 1665.4807]
  [2067.5425 2018.0352 1968.9443 1920.8499 1874.3124 1829.8262 1787.7804
   1748.443  1711.9628 1678.3912]
  [2074.2896 2027.8513 1981.2985 1935.1578 1889.9717 1846.2495 1804.4241
   1764.826  1727.6763 1693.0988]
  [2082.787  2038.761  1994.1913 1949.5974 1905.5314 1862.525  1821.04
   1781.4375 1743.9692 1708.7869]]

 [[2156.3916 2091.3237 2028.6403 1969.1852 1913.6774 1862.6771 1816.5645
   1775.5261 1739.5538 1708.4633]
  [2148.1353 2083.7627 2021.737  1962.963  1908.1991 1858.0146 1812.7595
   1772.5559 1737.3102 1706.753 ]
  [2142.0054 2079.058  2018.2644 1960.5483 1906.6831 1857.2395 1812.55
   1772.7042 1737.5729 1706.8616]
  [2138.1094 2077.2852 2018.2644 1961.9437 1909.0844 1860.2563 1815.7975
   1775.8115 1740.196  1708.6975]
  [2136.5723 2078.4478 2021.639  1966.9724 1915.1776 1866.8262 1822.2915
   1781.7399 1745.1527 1712.3745]
  [2137.487  2082.4282 2028.0963 1975.2272 1924.509  1876.5242 1831.7053
   1790.3159 1752.4587 1718.1063]
  [2140.7993 2088.895  2037.0862 1986.0212 1936.3535 1888.6853 1843.5189
   1801.224  1762.0299 1726.0394]
  [2146.1863 2097.2305 2047.7684 1998.386  1949.7186 1902.3932 1856.9734
   1813.917  1773.5552 1736.0963]
  [2152.9912 2106.5305 2059.064  2011.1528 1963.4315 1916.5485 1871.1053
   1827.6097 1786.4508 1747.899 ]
  [2160.271  2115.7053 2069.7952 2023.1113 1976.2994 1930.0159 1884.8682
   1841.3701 1799.9187 1760.796 ]]

 [[2214.0332 2151.1108 2090.396  2032.7065 1978.7417 1929.0443 1883.9723
   1843.6797 1808.1185 1777.0626]
  [2210.2427 2148.2397 2088.31   2031.3036 1977.9387 1928.7562 1884.0848
   1844.0303 1808.4894 1777.1924]
  [2208.6218 2148.1562 2089.445  2033.3333 1980.5408 1931.6108 1886.8727
   1846.4348 1810.2051 1777.9412]
  [2209.0417 2150.6548 2093.528  2038.4647 1986.1729 1937.2128 1891.9553
   1850.5712 1813.0492 1779.2378]
  [2211.3474 2155.436  2100.1501 2046.2261 1994.3583 1945.1414 1899.0272
   1856.2998 1817.08   1781.3506]
  [2215.338  2162.094  2108.763  2056.0112 2004.5226 1954.9432 1907.8274
   1863.5967 1822.5238 1784.741 ]
  [2220.6963 2170.0762 2118.662  2067.0645 2015.9674 1966.0723 1918.0317
   1872.3958 1829.5758 1789.84  ]
  [2226.9185 2178.6553 2128.9836 2078.4849 2027.8528 1977.8328 1929.1486
   1882.4385 1838.2139 1796.842 ]
  [2233.2896 2186.953  2138.7578 2089.2854 2039.2416 1989.3925 1940.4906
   1893.21   1848.1047 1805.5942]
  [2238.9487 2194.0347 2147.0215 2098.508  2049.2065 1999.8754 1951.2512
   1903.99   1858.6342 1815.6012]]

 [[2273.358  2212.9817 2154.656  2099.1516 2047.1238 1999.0663 1955.2815
   1915.8623 1880.701  1849.5249]
  [2274.2927 2215.053  2157.6133 2102.746  2051.1035 2003.1677 1959.2201
   1919.3328 1883.3882 1851.1245]
  [2277.2974 2219.666  2163.3762 2109.1719 2057.6948 2009.4368 1964.7084
   1923.6306 1886.1548 1852.1046]
  [2281.9805 2226.3154 2171.3477 2117.7698 2066.219  2017.23   1971.1975
   1928.3611 1888.8069 1852.4996]
  [2287.9075 2234.4126 2180.8408 2127.829  2076.0244 2026.0347 1978.3839
   1933.4731 1891.5642 1852.7866]
  [2294.6155 2243.3174 2191.1274 2138.6367 2086.5173 2035.4694 1986.1582
   1939.1565 1894.9021 1853.6873]
  [2301.588  2252.3418 2201.4473 2149.4722 2097.1235 2045.1863 1994.4484
   1945.6246 1899.2992 1855.8983]
  [2308.2202 2260.7415 2211.0083 2159.59   2107.2256 2054.7578 2003.0511
   1952.9067 1905.0016 1859.8542]
  [2313.8218 2267.7427 2219.0176 2168.2344 2116.1506 2063.6287 2011.5498
   1960.7384 1911.9004 1865.5956]
  [2317.6746 2272.6116 2224.753  2174.7065 2123.231  2071.1653 2019.3557
   1968.5886 1919.5425 1872.7651]]

 [[2333.735  2276.2036 2220.5854 2167.5845 2117.7842 2071.5977 2029.2399
   1990.7185 1955.8578 1924.3455]
  [2339.4495 2283.2275 2228.5352 2176.0486 2126.327  2079.7698 2036.5913
   1996.8202 1960.3273 1926.8757]
  [2346.9705 2292.3574 2238.6665 2186.5256 2136.481  2088.9587 2044.2415
   2002.4614 1963.6204 1927.6238]
  [2355.6472 2302.8047 2250.0935 2198.0896 2147.3503 2098.3794 2051.591
   2007.2911 1965.6688 1926.8096]
  [2364.8005 2313.7476 2261.932  2209.8904 2158.2212 2107.5425 2058.4434
   2011.4337 1966.9113 1925.1467]
  [2373.7698 2324.4    2273.3748 2221.217  2168.5854 2116.2273 2064.905
   2015.3257 1968.0773 1923.5972]
  [2381.919  2334.0286 2283.7026 2231.4727 2178.0625 2124.3281 2071.1714
   2019.4485 1969.8934 1923.0742]
  [2388.6245 2341.9514 2292.2627 2240.115  2186.282  2131.6855 2077.3047
   2024.0784 1972.8254 1924.197 ]
  [2393.2761 2347.5435 2298.4648 2246.626  2192.8228 2137.9912 2083.1194
   2029.1561 1976.9398 1927.1525]
  [2395.3218 2350.2778 2301.8135 2250.5374 2197.236  2142.8123 2088.202
   2034.3019 1981.9102 1931.6913]]

 [[2394.494  2339.9873 2287.267  2236.9507 2189.5225 2145.2883 2104.355
   2066.6372 2031.8956 1999.7987]
  [2404.828  2351.7227 2299.874  2249.8447 2202.0854 2156.8982 2114.4233
   2074.6492 2037.4485 2002.6259]
  [2416.5405 2364.9482 2313.854  2263.7637 2215.124  2168.293  2123.5264
   2080.9749 2040.6991 2002.6937]
  [2428.7534 2378.6467 2328.1143 2277.6216 2227.653  2178.683  2131.1494
   2085.4229 2041.7927 2000.461 ]
  [2440.6084 2391.8518 2341.6812 2290.5508 2239.019  2187.7163 2137.2905
   2088.3506 2041.4135 1996.8745]
  [2451.3296 2403.7273 2353.7747 2301.9429 2248.8853 2195.3896 2142.3018
   2090.4395 2040.5156 1993.0889]
  [2460.2446 2413.5825 2363.7922 2311.3828 2257.0957 2201.844  2146.6196
   2092.3916 2040.0135 1990.1665]
  [2466.7727 2420.8486 2371.2546 2318.542  2263.5125 2207.149  2150.519
   2094.667  2040.5225 1988.8424]
  [2470.4185 2425.0637 2375.7659 2323.1106 2267.9219 2211.1914 2153.9858
   2097.3513 2042.2274 1989.3971]
  [2470.7927 2425.884  2377.0198 2324.8032 2270.042  2213.6833 2156.7314
   2100.169  2044.8895 1991.6537]]]
"""
