raw_data = """
[[[2712.4321 2583.5046 2455.9517 2331.437  2211.515  2097.559  1990.7004
   1891.7777 1801.3082 1719.4921]
  [2721.381  2593.6519 2467.192  2343.7327 2224.879  2112.028  2006.2968
   1908.4757 1819.0095 1738.0188]
  [2728.5168 2603.3818 2479.4287 2358.3926 2241.8662 2131.207  2027.4668
   1931.3491 1843.2098 1763.1   ]
  [2733.648  2612.525  2492.528  2375.3179 2262.3943 2155.0027 2054.0703
   1960.181  1873.6    1794.3345]
  [2736.9497 2621.1575 2506.4617 2394.366  2286.1934 2183.0044 2085.5518
   1994.2828 1909.3862 1830.8689]
  [2738.9954 2629.6187 2521.3037 2415.3254 2312.7598 2214.4297 2120.8896
   2032.457  1949.2793 1871.4103]
  [2740.6501 2638.4104 2537.1453 2437.8484 2341.3147 2248.1174 2158.6262
   2073.0647 1991.5833 1914.324 ]
  [2742.8433 2648.001  2553.9377 2461.3577 2370.7869 2282.586  2196.9922
   2114.191  2034.3777 1957.8031]
  [2746.2717 2658.5752 2571.3267 2484.9778 2399.8489 2316.1636 2234.104
   2153.876  2075.7485 2000.0704]
  [2751.1418 2669.851  2588.5603 2507.5464 2427.0205 2347.165  2268.186
   2190.35   2114.0034 2039.5599]]

 [[2713.571  2583.7234 2455.2563 2329.8982 2209.2634 2094.7793 1987.617
   1888.6377 1798.3643 1716.9829]
  [2724.169  2595.5505 2468.1611 2343.7927 2224.1128 2110.5737 2004.338
   1906.2257 1816.6926 1735.8566]
  [2733.5002 2607.5305 2482.6274 2360.5806 2243.0437 2131.436  2026.8636
   1930.0748 1841.4573 1761.0782]
  [2741.3438 2619.458  2498.477  2380.1067 2265.9062 2157.191  2054.961
   1959.8726 1872.2555 1792.1699]
  [2747.7817 2631.2937 2515.5479 2402.0793 2292.2712 2187.2676 2087.9253
   1994.8041 1908.2053 1828.2347]
  [2753.2144 2643.1682 2533.676  2426.0312 2321.377  2220.646  2124.5366
   2033.533  1947.9487 1867.9843]
  [2758.253  2655.2817 2552.614  2451.264  2352.111  2255.8755 2163.1216
   2074.2935 1989.7576 1909.8372]
  [2763.4915 2667.7212 2571.9128 2476.8076 2383.052  2291.1973 2201.7268
   2115.0889 2031.7252 1952.0798]
  [2769.242  2680.2676 2590.823  2501.4348 2412.5881 2324.7446 2238.3682
   2153.9463 2071.9941 1993.0424]
  [2775.338  2692.29   2608.2961 2523.7603 2439.1033 2354.7793 2271.2852
   2189.1597 2108.9648 2031.2615]]

 [[2713.3357 2583.3086 2454.6667 2329.1719 2208.4736 2094.0308 1987.0391
   1888.3778 1798.5742 1717.8082]
  [2725.8813 2597.136  2469.5627 2344.9814 2225.0918 2111.3823 2005.0485
   1906.9385 1817.5295 1736.9465]
  [2737.715  2611.662  2486.5256 2364.1138 2246.1128 2133.9858 2028.8906
   1931.6278 1842.6332 1762.0126]
  [2748.552  2626.6028 2505.2812 2386.3015 2271.2583 2161.5283 2058.1938
   1962.0033 1873.3787 1792.4573]
  [2758.3274 2641.7476 2525.4753 2411.0483 2299.8945 2193.249  2092.0942
   1997.1377 1908.8265 1827.3889]
  [2767.2058 2656.9558 2546.6528 2437.5935 2330.9893 2227.9033 2129.2178
   2035.6232 1947.6328 1865.6083]
  [2775.4788 2672.074  2568.2007 2464.8928 2363.1338 2263.8264 2167.775
   2075.6826 1988.1532 1905.6945]
  [2783.363  2686.7942 2589.289  2491.643  2394.653  2299.1055 2205.7664
   2115.373  2028.6168 1946.1224]
  [2790.795  2700.5388 2608.8584 2516.3818 2423.794  2331.8276 2241.2483
   2152.8296 2067.3184 1985.4003]
  [2797.3088 2712.4392 2625.7036 2537.6577 2448.9568 2360.3367 2272.5825
   2186.4844 2102.7964 2022.1941]]

 [[2711.4312 2581.9424 2453.8533 2328.9277 2208.8228 2095.0063 1988.6838
   1890.7422 1801.712  1721.7687]
  [2726.1165 2597.9797 2470.9568 2346.8594 2227.3909 2114.0532 2008.062
   1910.2906 1821.2406 1741.055 ]
  [2740.6152 2615.1992 2490.5325 2368.4065 2250.5112 2138.3362 2033.084
   1935.6129 1846.4188 1765.6597]
  [2754.5427 2633.1912 2512.1584 2393.1335 2277.724  2167.3599 2063.2085
   1966.1251 1876.6411 1794.9875]
  [2767.6433 2651.5303 2535.2463 2420.3042 2308.1694 2200.17   2097.4307
   2000.8262 1910.966  1828.2106]
  [2779.8005 2669.7676 2559.0273 2448.8687 2340.5737 2235.3567 2134.3032
   2038.329  1948.1565 1864.3053]
  [2790.9536 2687.387  2582.5474 2477.4917 2373.325  2271.1562 2172.0488
   2076.9731 1986.7662 1902.0985]
  [2800.9492 2703.7273 2604.6733 2504.6516 2404.6318 2305.6514 2208.767
   2114.9958 2025.2578 1940.3275]
  [2809.407  2717.9495 2624.1646 2528.7996 2432.7515 2337.0244 2242.6724
   2150.729  2062.1406 1977.715 ]
  [2815.6804 2729.0876 2639.8093 2548.56   2456.2214 2363.7903 2272.3062
   2182.775  2096.104  2013.059 ]]

 [[2707.5798 2579.3037 2452.4612 2328.792  2209.9326 2097.3374 1992.2045
   1895.414  1807.4916 1728.6064]
  [2724.4692 2597.6274 2471.8535 2348.9207 2230.507  2118.1052 2012.9366
   1915.8903 1827.4888 1747.8962]
  [2741.63   2617.5146 2493.9868 2372.7893 2255.5894 2143.8843 2038.9117
   1941.5839 1852.4594 1771.7524]
  [2758.5486 2638.3982 2518.2551 2399.7583 2284.5093 2173.979  2069.4172
   1971.7875 1881.7314 1799.575 ]
  [2774.7537 2659.6113 2543.8186 2428.85   2316.1958 2207.2769 2103.3613
   2005.4896 1914.4293 1830.6641]
  [2789.8337 2680.4036 2569.625  2458.7754 2349.212  2242.2983 2139.3254
   2041.426  1949.5125 1864.2388]
  [2803.3896 2699.9392 2594.4517 2488.0168 2381.8672 2277.3164 2175.6772
   2078.1646 1985.8151 1899.43  ]
  [2814.953  2717.2925 2616.9841 2514.9734 2412.4028 2310.5488 2210.7317
   2114.2114 2022.0946 1935.2705]
  [2823.9236 2731.4846 2635.9353 2538.1453 2439.2083 2340.37   2242.9312
   2148.1392 2057.0981 1970.7078]
  [2829.5933 2741.5767 2650.2007 2556.3228 2461.0186 2365.4978 2271.005
   2178.7144 2089.6553 2004.6627]]

 [[2701.5496 2575.1006 2450.1516 2328.3926 2211.4165 2100.64   1997.2296
   1902.0424 1815.585  1738.0115]
  [2720.5796 2595.653  2471.775  2350.6555 2233.9238 2123.0376 2019.2041
   1923.3135 1835.8987 1757.1403]
  [2740.2422 2618.021  2496.252  2376.6042 2260.7021 2150.029  2045.8405
   1949.0905 1860.3898 1780.0038]
  [2759.881  2641.466  2522.7778 2405.388  2290.8755 2180.7368 2076.2896
   1978.5894 1888.3741 1806.0511]
  [2778.8118 2665.092  2550.289  2435.8296 2323.2207 2213.964  2109.4512
   2010.867  1919.1111 1834.7645]
  [2796.352  2687.8945 2577.5198 2466.495  2356.2456 2248.273  2144.043
   2044.8708 1951.8195 1865.6437]
  [2811.8245 2708.8054 2603.0938 2495.8132 2388.3164 2282.0977 2178.6777
   2079.4685 1985.6578 1898.139 ]
  [2824.5317 2726.7473 2625.6392 2522.2327 2417.8223 2313.8853 2211.9534
   2113.474  2019.6921 1931.5763]
  [2833.756  2740.7095 2643.929  2544.391  2443.35   2342.2427 2242.5576
   2145.7031 2052.8997 1965.1146]
  [2838.814  2749.8528 2657.0151 2561.268  2463.8306 2366.0703 2269.3794
   2175.0583 2084.2278 1997.7826]]

 [[2693.1885 2569.1143 2446.648  2327.4106 2212.9268 2104.5505 2003.3928
   1910.2621 1825.6274 1749.6162]
  [2714.1907 2591.7224 2470.3254 2351.6257 2237.178  2128.3845 2026.413
   1932.1317 1846.0682 1768.4082]
  [2736.077  2616.2646 2496.8142 2379.3057 2265.2988 2156.2437 2053.3887
   1957.7073 1869.8417 1790.0946]
  [2758.055  2641.8386 2525.1292 2409.4197 2296.2512 2187.1257 2083.4014
   1986.1967 1896.3181 1814.2302]
  [2779.2566 2667.3677 2554.0466 2440.67   2328.75   2219.8433 2115.4316
   2016.8022 1924.947  1840.5134]
  [2798.7935 2691.677  2582.1904 2471.5928 2361.3623 2253.1047 2148.416
   2048.7378 1955.2356 1868.7273]
  [2815.7935 2713.5713 2608.1475 2500.6802 2392.6162 2285.5884 2181.2656
   2081.1948 1986.6637 1898.6213]
  [2829.4219 2731.922  2630.5903 2526.5173 2421.1155 2316.008  2212.874
   2113.287  2018.5831 1929.7802]
  [2838.9197 2745.7568 2648.402  2547.9102 2445.6514 2343.193  2242.1523
   2144.0454 2050.1724 1961.55  ]
  [2843.6665 2754.3518 2660.7832 2563.9973 2465.3066 2366.18   2268.1074
   2172.4756 2080.4756 1993.052 ]]

 [[2682.46   2561.24   2441.7825 2325.6216 2214.1914 2108.758  2010.3473
   1919.6945 1837.2108 1762.9861]
  [2705.201  2585.6572 2467.255  2351.5195 2239.913  2133.756  2034.1514
   1941.92   1857.5642 1781.2634]
  [2728.974  2612.0056 2495.3645 2380.533  2268.9878 2162.1213 2061.151
   1967.0375 1880.4318 1801.6564]
  [2752.8767 2639.2563 2524.9988 2411.514  2300.291  2192.812  2090.4421
   1994.3257 1905.3026 1823.8712]
  [2775.9138 2666.224  2554.8577 2443.141  2332.5752 2224.7402 2121.1646
   2023.1874 1931.849  1847.832 ]
  [2797.0698 2691.6584 2583.5608 2474.0244 2364.5608 2256.8354 2152.5188
   2053.1213 1959.8588 1873.5793]
  [2815.3623 2714.3335 2609.7527 2502.804  2394.9976 2288.0503 2183.7183
   2083.62   1989.0933 1901.1107]
  [2829.8945 2733.139  2632.2065 2528.2356 2422.7148 2317.356  2213.9226
   2114.0576 2019.1431 1930.2225]
  [2839.9058 2747.1648 2649.9207 2549.2788 2446.6782 2343.7632 2242.2231
   2143.6367 2049.3503 1960.4131]
  [2844.8357 2755.7776 2662.2    2565.1763 2466.0662 2366.393  2267.7036
   2171.437  2078.8352 1990.8846]]

 [[2669.4695 2551.5164 2435.5227 2322.9187 2215.0293 2113.006  2017.7646
   1929.9429 1849.8778 1777.616 ]
  [2693.698  2577.466  2462.4895 2350.1824 2241.8962 2138.8477 2042.05
   1952.2551 1869.9211 1795.212 ]
  [2719.0247 2605.254  2491.833  2380.137  2271.5488 2167.3813 2068.7925
   1976.7048 1891.7534 1814.2633]
  [2744.4766 2633.779  2522.3777 2411.598  2302.8647 2197.6138 2097.185
   2002.711  1915.0317 1834.6561]
  [2768.998  2661.8262 2552.8386 2443.3118 2334.7195 2228.632  2126.5789
   2029.9047 1939.6573 1856.5261]
  [2791.519  2688.1516 2581.9128 2474.037  2366.0425 2259.6147 2156.4424
   2058.05   1965.6603 1880.1235]
  [2811.019  2711.568  2608.361  2502.5981 2395.82   2289.7778 2186.2559
   2086.8904 1993.0245 1905.6311]
  [2826.5833 2731.0176 2631.0737 2527.9192 2423.0815 2318.309  2215.3948
   2116.0015 2021.5211 1933.0013]
  [2837.4597 2745.6467 2649.142  2549.0771 2446.922  2344.3525 2243.0835
   2144.7168 2050.6172 1961.8478]
  [2843.1238 2754.872  2661.9233 2565.3628 2466.5652 2367.0715 2268.4497
   2172.167  2079.4922 1991.4441]]

 [[2654.473  2540.1282 2427.9685 2319.3074 2215.34   2117.0833 2025.3242
   1940.588  1863.129  1792.9493]
  [2679.9568 2567.3413 2456.127  2347.6072 2243.009  2143.4307 2049.7773
   1962.7161 1882.6504 1809.7238]
  [2706.5513 2596.2468 2486.3586 2378.1526 2272.9077 2171.8425 2076.0344
   1986.3472 1903.38   1827.45  ]
  [2733.2583 2625.7307 2517.4988 2409.805  2303.9993 2201.454  2103.4526
   2011.0862 1925.1687 1846.2007]
  [2759.0173 2654.6128 2548.3464 2441.4446 2335.3398 2231.565  2131.6108
   2036.7906 1948.1254 1866.2914]
  [2782.7617 2681.7175 2577.73   2472.0178 2366.0847 2261.5984 2160.2207
   2063.446  1972.47   1888.1222]
  [2803.4795 2705.9312 2604.5476 2500.534  2395.4353 2290.9937 2188.9736
   2090.9854 1998.3439 1912.0012]
  [2820.26   2726.2607 2627.8013 2526.0642 2422.5837 2319.1045 2217.4043
   2119.125  2025.6396 1937.9788]
  [2832.359  2741.8916 2646.6455 2547.761  2446.7112 2345.1653 2244.8286
   2147.2915 2053.913  1965.7527]
  [2839.2583 2752.2537 2660.4497 2564.9263 2467.0503 2368.3533 2270.398
   2174.6514 2082.3926 1994.656 ]]]
"""
