raw_data = """
[[[1769.6326 1696.0277 1626.0935 1560.5737 1500.0411 1444.8944 1395.367
   1351.5436 1313.383  1280.743 ]
  [1744.2102 1670.1554 1600.0134 1534.6407 1474.6897 1420.5955 1372.5793
   1330.6705 1294.7422 1264.5466]
  [1719.8329 1646.179  1576.6299 1512.1263 1453.38   1400.8447 1354.7173
   1314.9641 1281.3673 1253.5769]
  [1697.0347 1624.716  1556.6448 1493.8063 1436.9337 1386.4725 1342.5785
   1305.1492 1273.8789 1248.3251]
  [1676.5945 1606.556  1540.86   1480.4802 1426.1277 1378.2065 1336.8124
   1301.7698 1272.6965 1249.0781]
  [1659.4983 1592.6146 1530.1061 1472.8839 1421.5883 1376.5498 1337.7893
   1305.0616 1277.9257 1255.8241]
  [1646.8217 1583.8062 1525.1166 1471.5544 1423.6536 1381.6466 1345.4756
   1314.8381 1289.2617 1268.183 ]
  [1639.5398 1580.8625 1526.3542 1476.6768 1432.2375 1393.1697 1359.3463
   1330.4341 1305.9619 1285.3965]
  [1638.31   1584.1327 1533.8395 1487.9458 1446.7401 1410.2734 1378.3816
   1350.733  1326.8934 1306.3894]
  [1643.2817 1593.423  1547.035  1504.5077 1466.0414 1431.6456 1401.1588
   1374.2894 1350.6663 1329.8896]]

 [[1818.2052 1743.1343 1671.6559 1604.6008 1542.6234 1486.196  1435.6104
   1390.9924 1352.321  1319.4515]
  [1793.604  1718.089  1646.4031 1579.4989 1518.1205 1462.7798 1413.7567
   1371.1144 1334.7319 1304.3425]
  [1770.2783 1695.205  1624.134  1558.1101 1497.9421 1444.166  1397.0347
   1356.5413 1322.4626 1294.4144]
  [1748.8082 1675.1525 1605.6079 1541.2651 1482.9598 1431.2214 1386.2605
   1347.9954 1316.1077 1290.1141]
  [1730.0072 1658.7528 1591.6523 1529.7848 1473.9617 1424.6713 1382.0645
   1345.9858 1316.041  1291.6782]
  [1714.8652 1646.9077 1583.0698 1524.3588 1471.5131 1424.9457 1384.7355
   1350.6649 1322.2919 1299.0382]
  [1704.4065 1640.4475 1580.4779 1525.3848 1475.7941 1432.0236 1394.0815
   1361.7084 1334.4526 1311.7548]
  [1699.4717 1639.9252 1584.122  1532.8019 1486.4629 1445.3295 1409.3568
   1378.2761 1351.6631 1329.0162]
  [1700.4896 1645.4154 1593.7155 1545.9829 1502.6028 1463.7316 1429.3048
   1399.0789 1372.6882 1349.7112]
  [1707.3026 1656.3888 1608.3749 1563.7388 1522.7922 1485.6655 1452.3145
   1422.5487 1396.0776 1372.5596]]

 [[1871.1769 1795.2369 1722.7461 1654.6096 1591.5602 1534.1445 1482.718
   1437.454  1398.3541 1365.2709]
  [1848.1927 1771.8478 1699.1687 1631.1881 1568.7343 1512.3981 1462.5222
   1419.21   1382.352  1351.6637]
  [1826.717  1750.8724 1678.8301 1611.7197 1550.4393 1495.6062 1447.5363
   1406.2571 1371.5479 1342.9978]
  [1807.3372 1732.9855 1662.492  1597.0322 1537.5333 1484.6089 1438.5327
   1399.2561 1366.462  1339.6406]
  [1790.848  1718.9824 1650.9469 1587.9015 1530.7498 1480.0658 1436.0673
   1398.6384 1367.3943 1341.7703]
  [1778.1833 1709.6864 1644.9003 1584.9065 1530.5332 1482.2836 1440.3126
   1404.4564 1374.303  1349.2859]
  [1770.2477 1705.7759 1644.791  1588.2487 1536.864  1491.053  1450.9153
   1416.2682 1386.7168 1361.7428]
  [1767.6849 1707.5676 1650.6019 1597.5935 1549.1367 1505.5667 1466.9495
   1433.1172 1403.7296 1378.3507]
  [1770.652  1714.8352 1661.7317 1612.0092 1566.1616 1524.471  1487.0023
   1453.6307 1424.0913 1398.0406]
  [1778.6832 1726.7382 1677.0039 1630.0497 1586.3118 1546.0583 1509.3824
   1476.2172 1446.374  1419.5894]]

 [[1928.5084 1852.3497 1779.4414 1710.7467 1647.0676 1589.0206 1537.0254
   1491.3002 1451.8685 1418.5736]
  [1907.9751 1831.4982 1758.4512 1689.9261 1626.822  1569.802  1519.27
   1475.3696 1438.0032 1406.8684]
  [1889.1761 1813.2834 1740.9025 1673.2205 1611.2075 1555.5537 1506.6362
   1464.5209 1428.9966 1399.6346]
  [1872.6527 1798.3232 1727.4879 1661.3755 1600.9847 1547.0045 1499.7733
   1459.2863 1425.2439 1397.1312]
  [1859.1166 1787.3132 1718.8849 1655.0396 1596.7511 1544.6748 1499.103
   1459.9784 1426.954  1399.4847]
  [1849.3706 1780.9214 1715.626  1654.6084 1598.77   1548.7042 1504.6588
   1466.552  1434.0396 1406.6058]
  [1844.1298 1779.6074 1717.9141 1660.0465 1606.8014 1558.6997 1515.9564
   1478.4998 1446.0331 1418.1191]
  [1843.7887 1783.4158 1725.4526 1670.7556 1620.013  1573.6836 1531.9707
   1494.8413 1462.0764 1433.3407]
  [1848.222  1791.8331 1737.3713 1685.5715 1637.0382 1592.1923 1551.2493
   1514.2306 1481.0011 1451.3237]
  [1856.703  1803.7866 1752.306  1702.9175 1656.18   1612.5072 1572.1409
   1535.1548 1501.4823 1470.9606]]

 [[1990.0396 1914.3373 1841.6469 1772.9701 1709.163  1650.902  1598.6598
   1552.6901 1513.0254 1479.4902]
  [1972.7788 1896.9008 1824.159  1755.6794 1692.4109 1635.072  1584.117
   1539.7205 1501.7915 1470.0098]
  [1957.4517 1882.2709 1810.2345 1742.554  1680.2438 1624.0482 1574.395
   1531.3857 1494.824  1464.2775]
  [1944.4893 1870.934  1800.4104 1734.1624 1673.2285 1618.3546 1569.9387
   1528.0265 1492.3553 1462.4343]
  [1934.4485 1863.4044 1795.1628 1730.9377 1671.7446 1618.3046 1570.9879
   1529.8152 1494.509  1464.5839]
  [1927.9246 1860.1194 1794.7792 1733.0328 1675.8307 1623.8499 1577.443
   1536.6401 1501.2032 1470.7118]
  [1925.3834 1861.271  1799.1953 1740.1663 1685.0443 1634.458  1588.7557
   1548.0096 1512.061  1480.5934]
  [1926.9459 1866.6299 1807.8635 1751.533  1698.4108 1649.0848 1603.9153
   1563.0321 1526.372  1493.7332]
  [1932.2335 1875.459  1819.7369 1765.8544 1714.5192 1666.2941 1621.5586
   1580.5004 1543.1392 1509.3717]
  [1940.3486 1886.5703 1833.4016 1781.5703 1731.7477 1684.4874 1640.184
   1599.0645 1561.2034 1526.5587]]

 [[2055.4702 1980.8901 1909.0638 1841.0105 1777.619  1719.6041 1667.4694
   1621.4818 1581.6638 1547.8073]
  [2042.2343 1967.6749 1895.9225 1828.1046 1765.1906 1707.929  1656.7998
   1611.992  1573.4115 1540.7214]
  [2031.0713 1957.3468 1886.3425 1819.2545 1757.1061 1700.6666 1650.3944
   1606.4183 1568.5626 1536.4116]
  [2022.2391 1950.1838 1880.6198 1814.761  1753.6482 1698.0569 1648.432
   1604.8754 1567.1827 1534.922 ]
  [2016.0685 1946.4427 1878.9507 1814.7684 1754.9177 1700.1647 1650.9558
   1607.4076 1569.3457 1536.387 ]
  [2012.8873 1946.2742 1881.333  1819.1595 1760.7238 1706.7753 1657.7788
   1613.9014 1575.0494 1540.9386]
  [2012.8755 1949.5863 1887.4447 1827.4418 1770.4832 1717.2991 1668.3838
   1623.9781 1584.0947 1548.574 ]
  [2015.8932 1955.9204 1896.5596 1838.7041 1783.1973 1730.7524 1681.8955
   1636.9404 1596.0044 1559.0474]
  [2021.3778 1964.4117 1907.5759 1851.6907 1797.5514 1745.8575 1697.1547
   1651.81   1610.0177 1571.8279]
  [2028.3726 1973.8904 1919.1713 1864.994  1812.1227 1761.2384 1712.8878
   1667.457  1625.1763 1586.1438]]

 [[2124.3457 2051.5112 1981.1741 1914.3466 1851.9224 1794.6224 1742.9475
   1697.1451 1657.2031 1622.8716]
  [2115.755  2043.1791 1973.063  1906.5028 1844.4531 1787.6554 1736.583
   1691.4149 1652.0454 1618.1307]
  [2109.2778 2037.6799 1968.3396 1902.3971 1840.8441 1784.4387 1733.6437
   1688.6053 1649.178  1614.9875]
  [2104.9402 2035.0165 1966.9867 1901.9908 1841.0325 1784.885  1734.0258
   1688.6174 1648.5374 1613.4486]
  [2102.7937 2035.1362 1968.8748 1905.1075 1844.8269 1788.8221 1737.6128
   1691.4254 1650.219  1613.7496]
  [2102.8662 2037.884  1973.7129 1911.3811 1851.8525 1795.9355 1744.2096
   1696.9971 1654.3761 1616.231 ]
  [2105.0564 2042.9147 1980.9758 1920.189  1861.4843 1805.6855 1753.4354
   1705.158  1661.059  1621.1581]
  [2109.0134 2049.6157 1989.8616 1930.6317 1872.8229 1817.2656 1764.6495
   1715.4813 1670.0725 1628.5594]
  [2114.081  2057.109  1999.3379 1941.6013 1884.7662 1829.6533 1776.9708
   1727.2675 1680.92   1638.1438]
  [2119.3525 2064.353  2008.28   1951.939  1896.1654 1841.753  1789.3918
   1739.6284 1692.8555 1649.3198]]

 [[2196.0564 2125.5173 2057.2349 1992.1888 1931.2438 1875.0852 1824.1691
   1778.6885 1738.5758 1703.5374]
  [2192.542  2122.5103 2054.5881 1989.8064 1929.0635 1873.0525 1822.2058
   1776.67   1736.3251 1700.8375]
  [2191.0405 2122.1045 2054.94   1990.5938 1929.9855 1873.8257 1822.558
   1776.3396 1735.0675 1698.4396]
  [2191.3054 2123.984  2057.9216 1994.149  1933.5969 1877.01   1824.8862
   1777.4546 1734.6953 1696.3994]
  [2193.0864 2127.7754 2063.0828 1999.9995 1939.4622 1882.2665 1829.0006
   1780.0111 1735.4109 1695.1227]
  [2196.1206 2133.0476 2069.8958 2007.6049 1947.1151 1889.2815 1834.7965
   1784.144  1737.5878 1695.1974]
  [2200.0698 2139.271  2077.7236 2016.3187 1955.9988 1897.6682 1842.1135
   1789.9421 1741.5565 1697.164 ]
  [2204.4482 2145.7769 2085.7969 2025.3635 1965.413  1906.8778 1850.6028
   1797.2788 1747.4104 1701.3135]
  [2208.5967 2151.77   2093.2485 2033.8636 1974.5348 1916.1895 1859.6835
   1805.7388 1754.9097 1707.5751]
  [2211.7422 2156.414  2099.212  2040.9493 1982.5145 1924.7957 1868.6133
   1814.6658 1763.5034 1715.5222]]

 [[2269.856  2202.0532 2136.29   2073.4834 2014.4288 1959.734  1909.7689
   1864.6438 1824.225  1788.1882]
  [2271.609  2204.535  2139.221  2076.5999 2017.4768 1962.4586 1911.9073
   1865.926  1824.3871 1786.9918]
  [2275.101  2209.1753 2144.5195 2082.0576 2022.6047 1966.798  1915.0464
   1867.52   1824.1744 1784.8066]
  [2279.7979 2215.3364 2151.4797 2089.1265 2029.1125 1972.1394 1918.7201
   1869.156  1823.5468 1781.8296]
  [2285.1653 2222.3628 2159.3916 2097.1226 2036.4252 1978.0928 1922.7792
   1870.9541 1822.8912 1778.6877]
  [2290.6992 2229.6204 2167.586  2105.4429 2044.101  1984.4537 1927.2994
   1873.2776 1822.8337 1776.2202]
  [2295.8994 2236.4902 2175.4207 2113.5242 2051.7456 1991.0616 1932.3853
   1876.4943 1823.9747 1775.211 ]
  [2300.23   2242.3386 2182.248  2120.7852 2058.915  1997.6545 1937.9843
   1880.7603 1826.6619 1776.1698]
  [2303.105  2246.522  2187.4192 2126.6172 2065.0752 2003.8066 1943.794
   1885.911  1830.8713 1779.2051]
  [2303.932  2248.439  2190.3362 2130.4338 2069.6558 2008.9684 1949.3008
   1891.4865 1836.2163 1784.0258]]

 [[2344.8857 2280.1255 2217.2021 2156.939  2100.0269 2046.9585 1997.9885
   1953.1327 1912.1986 1874.8534]
  [2351.8303 2287.9436 2225.463  2165.1963 2107.8271 2053.8525 2003.5509
   1956.9851 1914.0359 1874.4666]
  [2360.0496 2297.2612 2235.2295 2174.7383 2116.4832 2061.0168 2008.7135
   1959.7648 1914.2008 1871.9354]
  [2368.7422 2307.162  2245.5288 2184.6055 2125.13   2067.7598 2013.0258
   1961.3066 1912.8264 1867.6732]
  [2377.1475 2316.7893 2255.497  2194.0288 2133.189  2073.7708 2016.4913
   1961.9371 1910.5344 1862.5448]
  [2384.6    2325.4097 2264.4407 2202.46   2140.35   2079.04   2019.4214
   1962.2706 1908.1945 1857.6082]
  [2390.5283 2332.4114 2271.807  2209.501  2146.4417 2083.6624 2022.1849
   1962.9268 1906.6311 1853.8348]
  [2394.4236 2337.268  2277.1267 2214.802  2151.2793 2087.6455 2024.9854
   1964.2905 1906.3845 1851.886 ]
  [2395.8213 2339.5205 2279.9792 2218.0083 2154.5923 2090.8105 2027.7444
   1966.3885 1907.5879 1851.9983]
  [2394.3247 2338.7935 2280.0098 2218.775  2156.0352 2092.813  2030.1243
   1968.9087 1909.9768 1853.9777]]]
"""
