raw_data = """
[[[2241.6235 2168.1216 2096.718  2028.2573 1963.4554 1902.8815 1846.946
   1795.8988 1749.8334 1708.7041]
  [2234.6333 2162.4834 2092.561  2025.76   1962.8198 1904.2965 1850.5475
   1801.7333 1757.8363 1718.6968]
  [2227.7832 2157.997  2090.553  2026.3517 1966.1132 1910.3391 1859.2968
   1813.0309 1771.3999 1734.1351]
  [2221.3096 2154.9233 2090.979  2030.329  1973.617  1921.2393 1873.3341
   1829.8107 1790.4056 1754.7671]
  [2215.717  2153.6953 2094.1907 2037.9425 1985.4576 1936.9767 1892.4781
   1851.7307 1814.3733 1780.014 ]
  [2211.763  2154.894  2100.563  2049.337  2001.5333 1957.2026 1916.1561
   1878.0391 1842.4358 1808.9683]
  [2210.3442 2159.136  2110.3882 2064.455  2021.4384 1981.1945 1943.3883
   1907.5891 1873.3794 1840.4475]
  [2212.294  2166.8872 2123.7231 2082.9321 2044.4116 2007.8588 1972.8479
   1938.9342 1905.7537 1873.0964]
  [2218.136  2178.2559 2140.239  2104.019  2069.3394 2035.8093 2002.9888
   1970.4838 1938.026  1905.5168]
  [2227.8838 2192.845  2159.146  2126.5847 2094.8345 2063.5042 2032.2172
   2000.6829 1968.746  1936.4039]]

 [[2262.2134 2188.5159 2116.907  2048.2717 1983.3624 1922.7771 1866.9454
   1816.126  1770.409  1729.737 ]
  [2256.9092 2184.6628 2114.601  2047.6538 1984.5938 1926.0011 1872.2498
   1823.5059 1779.7479 1740.805 ]
  [2252.1711 2182.401  2114.8748 2050.5203 1990.0837 1934.0883 1882.8171
   1836.3237 1794.472  1756.9958]
  [2248.2285 2181.9763 2117.9863 2057.1238 2000.051  1947.1847 1898.6848
   1854.4839 1814.348  1777.9553]
  [2245.529  2183.7458 2124.1895 2067.5972 2014.4872 1965.124  1919.5259
   1877.514  1838.7936 1803.0463]
  [2244.7126 2188.1382 2133.6765 2081.879  2033.0729 1987.3479 1944.5845
   1904.5255 1866.8696 1831.3583]
  [2246.4841 2195.5312 2146.4658 2099.6196 2055.116  2012.8788 1972.686
   1934.2548 1897.3315 1861.7622]
  [2251.4019 2206.0732 2162.2708 2120.1128 2079.5444 2040.3733 2002.3357
   1965.1815 1928.7458 1892.9952]
  [2259.655  2219.5132 2180.4045 2142.2808 2104.9766 2068.2578 2031.8906
   1995.704  1959.6403 1923.773 ]
  [2270.9065 2235.1152 2199.779  2164.7603 2129.872  2094.9219 2059.762
   2024.3279 1988.66   1952.9017]]

 [[2283.7695 2210.4502 2139.1863 2070.8833 2006.3157 1946.0994 1890.6772
   1840.3135 1795.0983 1754.964 ]
  [2280.668  2208.9194 2139.275  2072.6743 2009.9049 1951.5612 1898.0271
   1849.4779 1805.8962 1767.1122]
  [2278.5583 2209.395  2142.3184 2078.2554 2017.9576 1961.9606 1910.5632
   1863.8398 1821.678  1783.8357]
  [2277.6218 2212.0557 2148.4888 2087.7695 2030.5608 1977.2949 1928.1648
   1883.1506 1842.0762 1804.6833]
  [2278.1958 2217.1226 2157.878  2101.169  2047.5139 1997.2087 1950.3353
   1906.8058 1866.4323 1829.0038]
  [2280.7363 2224.8047 2170.4324 2118.1353 2068.2515 2020.9313 1976.1636
   1933.836  1893.8065 1855.9674]
  [2285.6875 2235.1846 2185.859  2138.0156 2091.814  2047.2826 2004.36
   1962.9603 1923.0315 1884.5967]
  [2293.288  2248.0671 2203.5317 2159.7988 2116.8916 2074.771  2033.3822
   1992.7065 1952.8022 1913.8177]
  [2303.3867 2262.8687 2222.4673 2182.1768 2141.957  2101.7705 2061.6196
   2021.5767 1981.7987 1942.5237]
  [2315.3496 2278.6055 2241.4014 2203.6936 2165.4612 2126.7314 2087.596
   2048.2144 2008.8116 1969.6609]]

 [[2306.0225 2233.63   2163.246  2095.7776 2032.0016 1972.5417 1917.8452
   1868.1794 1823.6316 1784.1249]
  [2305.5715 2234.8904 2166.2012 2100.433  2038.3655 1980.5935 1927.5082
   1879.2931 1835.9427 1797.2958]
  [2306.5107 2238.5132 2172.397  2109.0593 2049.2375 1993.4679 1942.0667
   1895.139  1852.6127 1814.2887]
  [2308.9285 2244.5588 2181.8555 2121.624  2064.5085 2010.9547 1961.1993
   1915.2919 1873.1418 1834.5787]
  [2312.996  2253.0508 2194.448  2137.843  2083.744  2032.4878 1984.2433
   1939.0452 1896.8442 1857.5623]
  [2318.9272 2263.9277 2209.837  2157.1233 2106.1392 2057.1187 2010.1923
   1965.427  1922.8683 1882.5745]
  [2326.862  2276.9497 2227.415  2178.537  2130.5308 2083.5576 2037.7527
   1993.2544 1950.2288 1908.8799]
  [2336.709  2291.5994 2246.2727 2200.8604 2155.4878 2110.297  2065.4658
   2021.2224 1977.8466 1935.6606]
  [2348.016  2307.0356 2265.2407 2222.6855 2179.478  2135.7915 2091.87
   2048.0251 2004.6152 1962.0276]
  [2359.953  2322.1536 2283.0176 2242.6055 2201.0703 2158.6533 2115.6702
   2072.4863 2029.4906 1987.0737]]

 [[2328.667  2257.7036 2188.6992 2122.5413 2059.9963 2001.6796 1948.0338
   1899.3196 1855.616  1816.8336]
  [2331.2144 2262.1147 2194.8796 2130.4006 2069.4326 2012.558  1960.1652
   1912.4451 1869.4045 1830.8978]
  [2335.4902 2269.1543 2204.462  2142.2551 2083.2373 2027.9363 1976.684
   1929.6221 1886.7303 1847.866 ]
  [2341.4458 2278.7114 2217.2634 2157.8403 2101.0547 2047.3624 1997.0521
   1950.258  1906.9923 1867.1859]
  [2349.0425 2290.5688 2232.896  2176.6106 2122.2083 2070.0728 2020.4778
   1973.5986 1929.5421 1888.3711]
  [2358.2173 2304.372  2250.734  2197.7185 2145.7012 2095.0132 2045.9475
   1998.765  1953.7058 1910.9934]
  [2368.7964 2319.5764 2269.9043 2220.0408 2170.2695 2120.9026 2072.2827
   2024.7769 1978.7643 1934.6167]
  [2380.389  2335.4062 2289.3105 2242.2593 2194.4944 2146.3452 2098.2214
   2050.5854 2003.9243 1958.7147]
  [2392.325  2350.872  2307.7222 2263.0002 2216.9614 2169.9805 2122.527
   2075.127  2028.3208 1982.6272]
  [2403.6895 2364.8713 2323.9238 2281.0095 2236.4355 2190.6328 2144.1096
   2097.4106 2051.0696 2005.584 ]]

 [[2351.3796 2282.2834 2215.104  2150.696  2089.7979 2033.0016 1980.73
   1933.2241 1890.5416 1852.5728]
  [2357.1506 2290.072  2224.7268 2161.9502 2102.4548 2046.7949 1995.3462
   1948.2985 1905.6678 1867.3236]
  [2364.8975 2300.6338 2237.7603 2177.045  2119.1428 2064.5605 2013.6414
   1966.5648 1923.3646 1883.96  ]
  [2374.401  2313.649  2253.7827 2195.4565 2139.2432 2085.6055 2034.8851
   1987.306  1942.9875 1901.9662]
  [2385.388  2328.6436 2272.1401 2216.3892 2161.8718 2109.0234 2058.2256
   2009.7983 1964.0021 1921.0367]
  [2397.5173 2344.9883 2291.9624 2238.8066 2185.925  2133.752  2082.7412
   2033.3429 1985.98   1941.0256]
  [2410.3325 2361.891  2312.1943 2261.4966 2210.155  2158.6323 2107.4673
   2057.2383 2008.5144 1961.8148]
  [2423.2112 2378.4126 2331.6667 2283.168  2233.2703 2182.479  2131.4097
   2080.7336 2031.1163 1983.1692]
  [2435.359  2393.5225 2349.1975 2302.579  2254.053  2204.1675 2153.585
   2103.0156 2053.1562 2004.6433]
  [2445.8743 2406.212  2363.7314 2318.6782 2271.486  2222.736  2173.0967
   2123.261  2073.8923 2025.589 ]]

 [[2373.8413 2306.9756 2242.0054 2179.7363 2120.8643 2065.9402 2015.3469
   1969.287  1927.7815 1890.6902]
  [2382.9333 2318.227  2255.1313 2194.4114 2136.721  2082.5708 2032.3085
   1986.1113 1943.9958 1905.8448]
  [2394.1355 2332.255  2271.5132 2212.5918 2156.084  2102.4663 2052.0845
   2005.1486 1961.7424 1921.8451]
  [2407.04   2348.5176 2290.4822 2233.501  2178.0986 2124.7397 2073.8157
   2025.633  1980.411  1938.2854]
  [2421.1448 2366.3022 2311.1572 2256.1487 2201.7441 2148.4272 2096.6797
   2046.955  1999.6504 1955.0873]
  [2435.8635 2384.7605 2332.4985 2279.4053 2225.9146 2172.5583 2119.935
   2068.6604 2019.3145 1972.3978]
  [2450.5208 2402.9395 2353.374  2302.0781 2249.4832 2196.1833 2142.8892
   2090.356  2039.3118 1990.3981]
  [2464.3445 2419.8318 2372.639  2322.9954 2271.3562 2218.374  2164.837
   2111.586  2059.436  2009.1107]
  [2476.4983 2434.4485 2389.23   2341.097  2290.5388 2238.246  2185.0347
   2131.7656 2079.2666 2028.2773]
  [2486.1555 2445.9155 2402.2717 2355.5288 2306.2126 2255.02   2202.7456
   2150.2056 2098.1763 2047.3514]]

 [[2395.764  2331.4182 2268.9707 2209.1687 2152.6472 2099.896  2051.2368
   2006.8118 1966.591  1930.3967]
  [2408.1565 2346.0803 2285.5093 2227.126  2171.512  2119.1187 2070.249
   2025.054  1983.5432 1945.6095]
  [2422.6694 2363.3787 2304.9902 2248.0913 2193.2056 2140.77   2091.121
   2044.4902 2001.0028 1960.6941]
  [2438.7122 2382.5642 2326.528  2271.0823 2216.7034 2163.8525 2112.9587
   2064.3994 2018.4785 1975.4185]
  [2455.5862 2402.7363 2349.083  2295.001  2240.9463 2187.4438 2135.06
   2084.358  2035.849  1989.9545]
  [2472.5208 2422.9048 2371.5403 2318.725  2264.923  2210.7495 2156.9216
   2104.1877 2053.2532 2004.7185]
  [2488.6956 2442.0479 2392.7854 2341.1694 2287.6963 2233.0703 2178.1357
   2123.788  2070.8784 2020.1436]
  [2503.2683 2459.1675 2411.7668 2361.331  2308.397  2253.7344 2198.2644
   2142.961  2088.754  2036.4563]
  [2515.4148 2473.358  2427.5645 2378.3325 2326.2354 2272.0679 2216.7654
   2161.3062 2106.624  2053.5452]
  [2524.4065 2483.883  2439.4614 2391.4854 2340.5469 2287.4282 2233.0183
   2178.2358 2123.9517 2070.9453]]

 [[2416.921  2355.308  2295.622  2238.537  2184.6108 2134.2517 2087.6987
   2045.0173 2006.1182 1970.7858]
  [2432.4905 2373.21   2315.345  2259.4878 2206.1362 2155.668  2108.3303
   2064.2368 2023.385  1985.6788]
  [2450.075  2393.4788 2337.565  2282.8271 2229.7153 2178.6196 2129.8599
   2083.678  2040.2336 1999.6122]
  [2468.9253 2415.198  2361.2388 2307.4458 2254.2485 2202.101  2151.4604
   2102.7573 2056.3645 2012.5754]
  [2488.1975 2437.349  2385.2537 2332.2344 2278.738  2225.324  2172.6245
   2121.2856 2071.9058 2024.983 ]
  [2507.0068 2458.8857 2408.5115 2356.1648 2302.3394 2247.717  2193.105
   2139.3506 2087.249  2037.4753]
  [2524.4626 2478.7917 2429.9832 2378.313  2324.333  2268.8328 2212.7573
   2157.101  2102.8027 2050.6685]
  [2539.707  2496.128  2448.744  2397.8538 2344.0615 2288.2236 2231.3594
   2174.5366 2118.7678 2064.9326]
  [2551.961  2510.0842 2464.0085 2414.0696 2360.9016 2305.3784 2248.5205
   2191.392  2135.0076 2080.2583]
  [2560.5845 2520.0393 2475.1836 2426.3894 2374.2952 2319.7437 2263.6963
   2207.1477 2151.0466 2096.2415]]

 [[2437.1602 2378.4202 2321.648  2267.433  2216.2397 2168.378  2123.9912
   2083.0623 2045.4415 2010.8864]
  [2455.705  2399.2925 2344.2131 2290.9644 2239.9521 2191.4744 2145.7158
   2102.7524 2062.5703 2025.0892]
  [2476.0593 2422.16   2368.738  2316.1968 2264.9136 2215.232  2167.4526
   2121.8223 2078.5303 2037.704 ]
  [2497.3552 2445.998  2394.0994 2341.9873 2290.0532 2238.7432 2188.5337
   2139.896  2093.255  2048.9592]
  [2518.6638 2469.7449 2419.1958 2367.3042 2314.5151 2261.4153 2208.686
   2157.0327 2107.1138 2059.482 ]
  [2539.0508 2492.369  2443.0159 2391.2722 2337.6606 2282.9155 2227.9084
   2173.5515 2120.6987 2070.0737]
  [2557.615  2512.914  2464.6572 2413.147  2358.9834 2303.019  2246.2676
   2189.7866 2134.5703 2081.4663]
  [2573.522  2530.5244 2483.3281 2432.268  2378.0032 2321.4526 2263.6997
   2205.8726 2149.0354 2094.108 ]
  [2586.046  2544.4812 2498.3567 2448.042  2394.2192 2337.817  2279.913
   2221.629  2164.0286 2108.0493]
  [2594.6238 2554.2493 2509.2322 2459.9705 2407.1348 2351.61   2294.4072
   2236.5745 2179.1145 2122.9282]]]
"""
