raw_data = """
[[[2199.1755 2129.0715 2061.1655 1996.2563 1935.0117 1877.9517 1825.4403
   1777.6847 1734.7457 1696.5558]
  [2190.4375 2121.6025 2055.1108 1991.813  1932.4017 1877.3857 1827.0745
   1781.5872 1740.8716 1704.743 ]
  [2181.9856 2115.3994 2051.2837 1990.5    1933.7247 1881.4146 1833.7925
   1790.8619 1752.4467 1718.2517]
  [2174.0952 2110.7644 2050.012  1992.6569 1939.3052 1890.3136 1845.7794
   1805.5728 1769.3973 1736.8722]
  [2167.3013 2108.1665 2051.689  1998.5819 1949.3231 1904.1188 1862.9132
   1825.44   1791.3043 1760.085 ]
  [2162.3828 2108.2153 2056.7268 2008.467  1963.7317 1922.5457 1884.6912
   1849.7834 1817.3743 1787.0544]
  [2160.2446 2111.5464 2065.4492 2022.2974 1982.1803 1944.9355 1910.2064
   1877.5348 1846.4718 1816.6722]
  [2161.7173 2118.6343 2077.9336 2039.7438 2003.9551 1970.2542 1938.1978
   1907.3165 1877.2155 1847.6493]
  [2167.3179 2129.5908 2093.867  2060.082  2027.9778 1997.1576 1967.1663
   1937.5875 1908.1222 1878.6356]
  [2177.0488 2144.017  2112.4634 2082.1924 2052.878  2024.1241 1995.5419
   1966.8177 1937.7671 1908.3519]]

 [[2222.123  2151.8604 2083.7852 2018.7363 1957.418  1900.3774 1847.9962
   1800.49   1757.9153 1720.1907]
  [2215.0605 2146.1677 2079.5762 2016.173  1956.6831 1901.6376 1851.3618
   1805.9774 1765.4275 1729.5145]
  [2208.6963 2142.167  2078.0127 2017.1223 1960.1989 1907.719  1859.9178
   1816.8059 1778.2094 1743.8324]
  [2203.3008 2140.1467 2079.3965 2021.8837 1968.2316 1918.8147 1873.7498
   1832.9263 1796.0719 1762.833 ]
  [2199.3574 2140.506  2084.0308 2030.6431 1980.8297 1934.8201 1892.5929
   1853.9296 1818.4958 1785.938 ]
  [2197.5337 2143.709  2092.151  2043.3921 1997.7372 1955.2463 1915.7665
   1879.0033 1844.6157 1812.3077]
  [2198.5483 2150.1602 2103.8145 2059.833  2018.3229 1979.1859 1942.1716
   1906.9623 1873.2649 1840.8849]
  [2202.9678 2160.0254 2118.7646 2079.2996 2041.5668 2005.3558 1970.3796
   1936.3539 1903.0756 1870.4702]
  [2210.9783 2173.0605 2136.3315 2100.7422 2066.1216 2032.2238 1998.7906
   1965.622  1932.6221 1899.8229]
  [2222.2346 2188.5298 2155.4314 2122.8062 2090.4614 2058.1936 2025.8348
   1993.2919 1960.5696 1927.7726]]

 [[2246.2979 2176.4424 2108.7393 2044.0485 1983.0944 1926.4427 1874.4873
   1827.4492 1785.3838 1748.1989]
  [2241.4517 2173.09   2106.9475 2043.9229 1984.7544 1929.987  1879.9554
   1834.7887 1794.4318 1758.6859]
  [2237.7163 2171.83   2108.163  2047.6039 1990.8604 1938.4196 1890.5317
   1847.2242 1808.3435 1773.6156]
  [2235.3145 2172.8877 2112.605  2055.2844 2001.549  1951.7866 1906.1437
   1864.553  1826.7959 1792.5771]
  [2234.624  2176.5288 2120.418  2066.9736 2016.6809 1969.7969 1926.3597
   1886.2357 1849.1914 1814.9762]
  [2236.1338 2183.0059 2131.5996 2082.413  2035.7579 1991.7521 1950.3442
   1911.3777 1874.6638 1840.0513]
  [2240.3108 2192.434  2145.9011 2101.0046 2057.8857 2016.544  1976.8829
   1938.7734 1902.1177 1866.8931]
  [2247.4072 2204.6426 2162.7305 2121.7822 2081.8062 2042.74   2004.4957
   1967.0153 1930.3107 1894.4854]
  [2257.2725 2219.0566 2181.1235 2143.4631 2106.0244 2068.7495 2031.6117
   1994.6451 1957.9642 1921.7621]
  [2269.2656 2234.6904 2199.8157 2164.5947 2128.998  2093.0337 2056.7666
   2020.3226 1983.8866 1947.6921]]

 [[2271.438  2202.5337 2135.73   2071.8887 2011.7394 1955.8531 1904.6294
   1858.292  1816.8915 1780.3263]
  [2269.2861 2202.0205 2136.8599 2074.6904 2016.2449 1962.0682 1912.5001
   1867.6777 1827.5547 1791.9404]
  [2268.63   2203.9448 2141.2715 2081.4702 2025.2343 1973.05   1925.1832
   1881.6892 1842.4517 1807.2363]
  [2269.6    2208.4116 2149.036  2092.246  2038.6472 1988.6382 1942.4049
   1899.9465 1861.1241 1825.7273]
  [2272.411  2215.4941 2160.0781 2106.793  2056.1123 2008.3297 1963.5659
   1921.8036 1882.9436 1846.8636]
  [2277.314  2225.1768 2174.1162 2124.5796 2076.892  2031.2478 1987.7322
   1946.3607 1907.1273 1870.0435]
  [2284.4778 2237.2593 2190.5903 2144.7363 2099.8875 2056.172  2013.6814
   1972.505  1932.7576 1894.595 ]
  [2293.8267 2251.2488 2208.6267 2166.0808 2123.718  2081.6492 2040.0128
   1998.9902 1958.8124 1919.7535]
  [2304.9133 2266.3154 2227.0713 2187.229  2146.8782 2106.1653 2065.2988
   2024.5472 1984.2233 1944.6698]
  [2316.8975 2281.3464 2244.6191 2206.771  2167.938  2128.338  2088.2537
   2048.013  2007.9639 1968.457 ]]

 [[2297.239  2229.7834 2164.3718 2101.8486 2042.9325 1988.1877 1938.0096
   1892.6146 1852.0442 1816.1821]
  [2298.163  2232.5054 2168.8188 2107.954  2050.619  1997.3452 1948.4705
   1904.1372 1864.3097 1828.81  ]
  [2300.9082 2237.919  2176.6992 2118.0542 2062.6426 2010.9415 1963.2301
   1919.5985 1879.9786 1844.1903]
  [2305.4678 2245.9583 2187.8782 2131.933  2078.6948 2028.5702 1981.794
   1938.4454 1898.486  1861.8044]
  [2311.847  2256.455  2202.0203 2149.102  2098.1584 2049.5273 2003.4279
   1959.98   1919.2369 1881.2161]
  [2320.021  2269.1016 2218.5544 2168.7734 2120.101  2072.8247 2027.185
   1983.3882 1941.62   1902.0555]
  [2329.8484 2283.393  2236.6558 2189.8792 2143.318  2097.2446 2051.9526
   2007.7557 1964.9786 1923.946 ]
  [2340.9556 2298.5796 2255.2598 2211.14   2166.4363 2121.4424 2076.521
   2032.086  1988.5728 1946.4121]
  [2352.6755 2313.6797 2273.1504 2231.2021 2188.0654 2144.0835 2099.6848
   2055.35   2011.5737 1968.8323]
  [2364.0818 2327.5813 2289.1055 2248.8057 2206.9695 2163.9973 2120.3638
   2076.5723 2033.1173 1990.4587]]

 [[2323.3691 2257.796  2194.216  2133.4414 2076.1636 2022.9269 1974.1051
   1929.8951 1890.3171 1855.2316]
  [2327.6284 2264.016  2202.2344 2143.0784 2087.2148 2035.1478 1987.2007
   1943.5143 1904.0603 1868.6737]
  [2333.9448 2273.0618 2213.6855 2156.5483 2102.2583 2051.272  2003.8778
   1960.2009 1920.2257 1883.8329]
  [2342.1375 2284.6548 2228.1914 2173.3691 2120.7168 2070.6455 2023.4413
   1979.2705 1938.1995 1900.2233]
  [2351.9746 2298.3662 2245.1458 2192.796  2141.7568 2092.4133 2045.0897
   2000.0487 1957.495  1917.5847]
  [2363.1514 2313.6099 2263.728  2213.8467 2164.3325 2115.5713 2067.9617
   2021.895  1977.7415 1935.8273]
  [2375.2424 2329.6323 2282.9275 2235.3584 2187.25   2139.018  2091.15
   2044.1685 1998.5901 1954.889 ]
  [2387.6428 2345.517  2301.6035 2256.076  2209.258  2161.6138 2113.7104
   2066.1675 2019.6029 1974.5847]
  [2399.5596 2360.2412 2318.587  2274.7747 2229.1616 2182.2607 2134.6902
   2087.1152 2040.1885 1994.5071]
  [2410.0789 2372.7854 2332.8157 2290.4    2245.9463 2200.005  2153.2068
   2106.206  2059.627  2014.0345]]

 [[2349.4902 2286.1592 2224.7876 2166.141  2110.8706 2059.48   2012.3046
   1969.5015 1931.0531 1896.7876]
  [2357.2144 2295.9946 2236.4702 2179.3674 2125.2944 2074.7114 2027.9143
   1985.0295 1946.0284 1910.758 ]
  [2367.1167 2308.6475 2251.4207 2196.0806 2143.1743 2093.126  2046.2257
   2002.6277 1962.3672 1925.3842]
  [2378.823  2323.6104 2269.0044 2215.5366 2163.6863 2113.8652 2066.4053
   2021.5555 1979.484  1940.2856]
  [2391.8655 2340.2085 2288.38   2236.787  2185.8523 2136.0066 2087.6729
   2041.246  1997.071  1955.4281]
  [2405.6912 2357.6296 2308.5493 2258.7466 2208.6138 2158.631  2109.3398
   2061.298  2015.0365 1971.0121]
  [2419.6494 2374.9548 2328.4185 2280.2664 2230.8914 2180.8396 2130.7668
   2081.3752 2033.3439 1987.2748]
  [2432.986  2391.1985 2346.8704 2300.2083 2251.6309 2201.7476 2151.2964
   2101.07   2051.8384 2004.2871]
  [2444.8662 2405.378  2362.8552 2317.5298 2269.8608 2220.5    2170.2192
   2119.836  2070.1382 2021.8318]
  [2454.453  2416.6138 2375.4941 2331.381  2284.773  2236.333  2186.8184
   2137.0083 2087.6445 2039.3903]]

 [[2375.286  2314.478  2255.62   2199.42   2146.4685 2097.2104 2051.9197
   2010.6932 1973.4604 1940.0115]
  [2386.4773 2327.9014 2270.9006 2216.118  2164.0903 2115.2188 2069.7544
   2027.7965 1989.3096 1954.1514]
  [2399.843  2343.9873 2289.1191 2235.789  2184.4722 2135.5532 2089.3125
   2045.9259 2005.4711 1967.9464]
  [2414.8164 2362.01   2309.415  2257.472  2206.6099 2157.2349 2109.7178
   2064.379  2021.4751 1981.1908]
  [2430.7246 2381.097  2330.7756 2280.0986 2229.474  2179.3733 2130.3032
   2082.7715 2037.2415 1994.0986]
  [2446.8225 2400.2878 2352.1204 2302.5833 2252.095  2201.2173 2150.6118
   2100.9734 2052.961  2007.141 ]
  [2462.3127 2418.5889 2372.3674 2323.8794 2273.5771 2222.1162 2170.2886
   2118.9397 2068.8774 2020.8055]
  [2476.3667 2435.022  2390.493  2343.0166 2293.0918 2241.4424 2188.9434
   2136.5227 2085.0703 2035.3687]
  [2488.1672 2448.6929 2405.5935 2359.142  2309.8774 2258.5564 2206.072
   2153.362  2101.3257 2050.7598]
  [2496.9792 2458.866  2416.9583 2371.5781 2323.289  2272.8381 2221.081
   2168.9004 2117.1377 2066.5464]]

 [[2400.486  2342.4067 2286.2908 2232.774  2182.372  2135.4485 2092.195
   2052.6323 2016.6284 1983.9363]
  [2415.0364 2359.2598 2304.9502 2252.6616 2202.8457 2155.8313 2111.8127
   2070.8538 2032.9073 1997.8441]
  [2431.6355 2378.4846 2326.081  2274.879  2225.2793 2177.6187 2132.1626
   2089.099  2048.5444 2010.5496]
  [2449.5479 2399.1777 2348.6514 2298.3252 2248.58   2199.8145 2152.4287
   2106.8008 2063.2607 2022.0698]
  [2467.945  2420.3374 2371.5654 2321.9116 2271.7734 2221.6553 2172.1343
   2123.8057 2077.2256 2032.8635]
  [2485.962  2440.9402 2393.7515 2344.6396 2294.0493 2242.6108 2191.078
   2140.25   2090.8838 2043.6265]
  [2502.727  2459.9937 2414.2112 2365.6206 2314.7302 2262.2793 2209.1653
   2156.3374 2104.6992 2055.0303]
  [2517.3982 2476.5813 2432.048  2384.0667 2333.2002 2280.2612 2226.225
   2172.1194 2118.9243 2067.4937]
  [2529.206  2489.9104 2446.5017 2399.2893 2348.871  2296.0835 2241.9082
   2187.374  2133.4644 2081.0493]
  [2537.514  2499.3682 2456.993  2410.738  2361.2117 2309.224  2255.7043
   2201.6157 2147.8804 2095.3271]]

 [[2424.8887 2369.6663 2316.4316 2265.7363 2218.005  2173.5017 2132.3237
   2094.4097 2059.5676 2027.5245]
  [2442.5972 2389.678  2338.1238 2288.3916 2240.8428 2195.7256 2153.1738
   2113.2156 2075.7944 2040.8002]
  [2462.1233 2411.6626 2361.7205 2312.6572 2264.8022 2218.4463 2173.8364
   2131.1716 2090.6006 2052.2231]
  [2482.6008 2434.5967 2386.0977 2337.3887 2288.812  2240.759  2193.6533
   2147.9192 2103.9443 2062.0518]
  [2503.1096 2457.4258 2410.164  2361.568  2312.0337 2262.0947 2212.3809
   2163.5535 2116.2368 2070.9617]
  [2522.7278 2479.1367 2432.93   2384.3464 2333.8618 2282.1592 2230.063
   2178.4438 2128.1255 2079.81  ]
  [2540.5732 2498.7966 2453.5232 2405.016  2353.8318 2300.776  2246.8184
   2192.98   2140.225  2089.3828]
  [2555.829  2515.5767 2471.1846 2422.956  2371.5088 2317.7212 2262.6362
   2207.3481 2152.895  2100.1782]
  [2567.7878 2528.781  2485.274  2437.6094 2386.4336 2332.6392 2277.269
   2221.413  2166.1128 2112.2876]
  [2575.8965 2537.891  2495.3044 2448.507  2398.1426 2345.0642 2290.2534
   2234.7312 2179.479  2125.3809]]]
"""
