raw_data = """
[[[1889.9355 1821.4872 1756.1725 1694.7117 1637.6659 1585.4347 1538.259
   1496.2374 1459.3451 1427.4606]
  [1867.51   1799.0289 1733.8942 1672.9237 1616.7482 1565.7936 1520.2815
   1480.2479 1445.5764 1416.0378]
  [1846.0105 1778.347  1714.1987 1654.4502 1599.7756 1550.606  1507.1262
   1469.2999 1436.9135 1409.6345]
  [1825.9443 1760.017  1697.7308 1639.9934 1587.481  1540.5977 1499.4719
   1463.986  1433.8352 1408.6001]
  [1808.0631 1744.7847 1685.2273 1630.2665 1580.5321 1536.3656 1497.8184
   1464.6907 1436.6022 1413.0746]
  [1793.3273 1733.517  1677.4453 1625.9022 1579.4242 1538.2579 1502.3658
   1471.475  1445.1559 1422.908 ]
  [1782.7814 1727.0726 1675.0333 1627.3224 1584.3508 1546.2528 1512.9058
   1483.9856 1459.0474 1437.6079]
  [1777.3566 1726.115  1678.3568 1634.588  1595.0815 1559.868  1528.7618
   1501.422  1477.4264 1456.3434]
  [1777.6465 1730.9084 1687.3334 1647.2762 1610.8922 1578.1392 1548.81
   1522.5881 1499.1078 1478.0112]
  [1783.7178 1741.1656 1701.3267 1664.4377 1630.5809 1599.6924 1571.5929
   1546.0273 1522.7091 1501.3585]]

 [[1933.9213 1864.6713 1798.491  1736.1621 1678.3076 1625.3778 1577.655
   1535.2655 1498.1978 1466.3264]
  [1912.7113 1843.4728 1777.5007 1715.6809 1658.7083 1607.0626 1561.0061
   1520.5967 1485.721  1456.1349]
  [1892.7006 1824.3491 1759.4006 1698.8104 1643.319  1593.4141 1549.3197
   1511.0173 1478.2919 1450.7902]
  [1874.4227 1807.9034 1744.8615 1686.274  1632.8832 1585.1525 1543.25
   1507.078  1476.332  1450.5756]
  [1858.6348 1794.8773 1734.6062 1678.759  1628.0315 1582.8253 1543.2373
   1509.0978 1480.0383 1455.5787]
  [1846.2617 1786.08   1729.3129 1676.8031 1629.15   1586.6658 1549.3708
   1517.0408 1489.281  1465.6133]
  [1838.2529 1782.2386 1729.4669 1680.6418 1636.2368 1596.4629 1561.2761
   1530.4263 1503.5338 1480.1663]
  [1835.362  1783.7952 1735.1794 1690.063  1648.7913 1611.4893 1578.0759
   1548.3145 1521.8755 1498.4026]
  [1837.9204 1790.7134 1746.0443 1704.3212 1665.7903 1630.5278 1598.4576
   1569.3907 1543.0729 1519.233 ]
  [1845.6732 1802.3695 1761.0966 1722.1675 1685.7806 1652.015  1620.8398
   1592.1381 1565.7362 1541.4382]]

 [[1981.5114 1912.0554 1845.5527 1782.8354 1724.5753 1671.2732 1623.2537
   1580.6729 1543.5352 1511.7122]
  [1962.2675 1892.9025 1826.6565 1764.4648 1707.0756 1655.0181 1608.595
   1567.8917 1532.8037 1503.0771]
  [1944.4989 1876.1053 1810.9171 1749.9371 1693.9586 1643.5203 1598.8882
   1560.0717 1526.8645 1498.9047]
  [1928.722  1862.2435 1798.9731 1739.9291 1685.9076 1637.4247 1594.6976
   1557.6638 1526.0381 1499.3877]
  [1915.6421 1851.9912 1791.4642 1735.0337 1683.4473 1637.1678 1596.3539
   1560.8883 1530.4443 1504.5682]
  [1906.0839 1846.0312 1788.9219 1735.6267 1686.8005 1642.8287 1603.815
   1569.6151 1539.9053 1514.265 ]
  [1900.8307 1844.8905 1791.6077 1741.7123 1695.743  1654.0045 1616.5626
   1583.2805 1553.8802 1528.015 ]
  [1900.399  1848.7413 1799.3453 1752.7961 1709.5223 1669.7665 1633.5868
   1600.886  1571.4623 1545.0608]
  [1904.8267 1857.2362 1811.4247 1767.8573 1726.8878 1688.736  1653.4846
   1621.0996 1591.4614 1564.4047]
  [1913.556  1869.4646 1826.6292 1785.4487 1746.2528 1709.2802 1674.664
   1642.4388 1612.5573 1584.9169]]

 [[2032.5715 1963.5275 1897.2793 1834.6903 1776.472  1723.167  1675.1381
   1632.5708 1595.4818 1563.7346]
  [2016.0483 1947.217  1881.3003 1819.2588 1761.8773 1709.7256 1663.143
   1622.242  1586.929  1556.9421]
  [2001.2625 1933.5068 1868.6818 1807.8088 1751.7139 1700.9764 1655.9027
   1616.5347 1582.6853 1553.9967]
  [1988.6597 1922.8868 1859.9542 1800.8894 1746.5195 1697.4065 1653.8188
   1615.743  1582.934  1554.9862]
  [1978.8274 1915.891  1855.5966 1798.919  1746.6394 1699.2782 1657.0668
   1619.9656 1587.7183 1559.9309]
  [1972.4172 1913.0011 1855.9221 1802.0518 1752.0872 1706.4932 1665.476
   1629.0035 1596.8596 1568.7144]
  [1969.9806 1914.4882 1860.9279 1810.0393 1762.4226 1718.489  1678.4398
   1642.2843 1609.8824 1581.0018]
  [1971.7572 1920.233  1870.1573 1822.1423 1776.705  1734.222  1694.9147
   1658.8542 1625.9913 1596.1984]
  [1977.4968 1929.6162 1882.6628 1837.1592 1793.5723 1752.2767 1713.53
   1677.4703 1644.1298 1613.465 ]
  [1986.4075 1941.5381 1897.1017 1853.5829 1811.4429 1771.0789 1732.7919
   1696.7732 1663.109  1631.8049]]

 [[2086.8638 2018.8417 1953.4315 1891.5077 1833.8071 1780.9015 1733.1832
   1690.8553 1653.9363 1622.2727]
  [2073.7705 2006.1282 1941.1522 1879.8035 1822.8812 1770.9808 1724.4678
   1683.4741 1647.9132 1617.5168]
  [2062.637  1996.1917 1932.3397 1872.0887 1816.2725 1765.4932 1720.0898
   1680.1365 1645.4727 1615.7587]
  [2053.7798 1989.3633 1927.3364 1868.7006 1814.2869 1764.6881 1720.2227
   1680.9363 1646.6425 1616.9894]
  [2047.5992 1985.9609 1926.3827 1869.8073 1817.0254 1768.607  1724.8638
   1685.8523 1651.416  1621.2527]
  [2044.5076 1986.2032 1929.5209 1875.304  1824.2771 1776.9829 1733.7458
   1694.6707 1659.6783 1628.5623]
  [2044.7773 1990.0734 1936.4739 1884.7083 1835.4304 1789.163  1746.2599
   1706.8999 1671.1067 1638.7897]
  [2048.3643 1997.1849 1946.559  1897.1177 1849.4604 1804.1052 1761.4457
   1721.7388 1685.1073 1651.5686]
  [2054.7822 2006.726  1958.7006 1911.2772 1865.0304 1820.4869 1778.0808
   1738.1289 1700.8273 1666.2692]
  [2063.106  2017.5356 1971.5686 1925.7614 1880.6914 1836.9021 1794.854
   1754.8945 1717.2526 1682.0542]]

 [[2144.0376 2077.6099 2013.5994 1952.8738 1896.1761 1844.09   1797.0159
   1755.1558 1718.5106 1686.898 ]
  [2134.9858 2069.144  2005.6929 1945.5681 1889.559  1838.2633 1792.0537
   1751.0664 1715.2139 1684.222 ]
  [2128.045  2063.5288 2001.2236 1942.0908 1886.9427 1836.3821 1790.765
   1750.1926 1714.5356 1683.4877]
  [2123.3418 2060.8677 2000.2693 1942.4884 1888.3313 1838.4017 1793.0609
   1752.4191 1716.3665 1684.6292]
  [2121.032  2061.2017 2002.7754 1946.6324 1893.5491 1844.1322 1798.7739
   1757.6418 1720.7019 1687.7706]
  [2121.2422 2064.4517 2008.494  1954.1604 1902.1859 1853.1855 1807.6057
   1765.7048 1727.5638 1693.1228]
  [2123.9536 2070.3237 2016.9111 1964.4187 1913.5433 1864.9147 1819.0441
   1776.2908 1736.859  1700.8175]
  [2128.871  2078.225  2027.2069 1976.4517 1926.633  1878.3995 1832.3195
   1788.8368 1748.2576 1710.7576]
  [2135.3525 2087.2612 2038.3024 1989.082  1940.2661 1892.5194 1846.4436
   1802.533  1761.1531 1722.5447]
  [2142.455  2096.331  2049.002  2001.0748 1953.2201 1906.106  1860.3386
   1816.4193 1774.724  1735.5109]]

 [[2203.627  2139.3018 2077.205  2018.1797 1962.9519 1912.0916 1865.9786
   1824.7847 1788.4723 1756.816 ]
  [2199.0847 2135.573  2074.167  2015.7483 1961.0715 1910.7073 1865.0093
   1824.0979 1787.876  1756.0679]
  [2196.6938 2134.6255 2074.3577 2016.7764 1962.6423 1912.5325 1866.8008
   1825.5674 1788.739  1756.0596]
  [2196.3447 2136.2815 2077.5405 2020.9729 1967.333  1917.2162 1871.0148
   1828.9069 1790.8718 1756.7369]
  [2197.9111 2140.276  2083.3452 2027.9098 1974.7103 1924.3771 1877.379
   1834.0006 1794.346  1758.3715]
  [2201.225  2146.2388 2091.2627 2037.0177 1984.234  1933.5889 1885.6494
   1840.8313 1799.3864 1761.4161]
  [2206.001  2153.6497 2100.6172 2047.5654 1995.2219 1944.3138 1895.5024
   1849.3265 1806.1754 1766.285 ]
  [2211.7583 2161.801  2110.558  2058.6582 2006.833  1955.848  1906.4312
   1859.2102 1814.6721 1773.1548]
  [2217.7935 2169.8186 2120.1123 2069.2976 2018.1117 1967.3368 1917.7268
   1869.9446 1824.5233 1781.8551]
  [2223.2427 2176.7568 2128.2979 2078.5015 2028.1036 1977.8762 1928.5557
   1880.7878 1835.097  1791.8785]]

 [[2265.0613 2203.2603 2143.5168 2086.63   2033.2827 1983.9978 1939.1016
   1898.7042 1862.7089 1830.8447]
  [2265.3115 2204.5469 2145.6006 2089.2817 2036.2772 1987.1007 1942.0587
   1901.2391 1864.5288 1831.6614]
  [2267.6104 2208.3672 2150.499  2094.7925 2041.9299 1992.4373 1946.6493
   1904.6981 1866.5333 1831.9666]
  [2271.5837 2214.2402 2157.6445 2102.5366 2049.5986 1999.3995 1952.3557
   1908.7114 1868.5457 1831.8033]
  [2276.8208 2221.6064 2166.3823 2111.838  2058.664  2007.503  1958.8951
   1913.2418 1870.7905 1831.6469]
  [2282.8867 2229.8547 2176.0146 2122.0098 2068.5557 2016.3824 1966.1677
   1918.4795 1873.738  1832.2076]
  [2289.2908 2238.3223 2185.802  2132.3486 2078.709  2025.6932 1974.0979
   1924.6301 1877.8542 1834.1694]
  [2295.4487 2246.2793 2194.9622 2142.1118 2088.5027 2034.9991 1982.4695
   1931.7078 1883.3706 1837.9513]
  [2300.6782 2252.955  2202.698  2150.5337 2097.2505 2043.7268 1990.8489
   1939.4309 1890.1632 1843.5822]
  [2304.2573 2257.6074 2208.273  2156.897  2104.2632 2051.2236 1998.6279
   1947.2545 1897.7678 1850.6958]]

 [[2327.6895 2268.7285 2211.6758 2157.2634 2106.104  2058.6384 2015.1058
   1975.5315 1939.7498 1907.452 ]
  [2332.8032 2275.0586 2218.8516 2164.891  2113.7727 2065.9263 2021.5896
   1980.8073 1943.4547 1909.2916]
  [2339.6978 2283.484  2228.2131 2174.5537 2123.0923 2074.2866 2028.442
   1985.7019 1946.068  1909.4349]
  [2347.7344 2293.2314 2238.8958 2185.3496 2133.1914 2082.958  2035.0834
   1989.8799 1947.5298 1908.1038]
  [2356.2515 2303.5005 2250.0386 2196.4507 2143.378  2091.4692 2041.3293
   1993.4706 1948.2799 1906.0083]
  [2364.6096 2313.5264 2260.8547 2207.1655 2153.1587 2099.6084 2047.2911
   1996.9106 1949.0424 1904.1016]
  [2372.1934 2322.5957 2270.6416 2216.9092 2162.1594 2107.2725 2053.1602
   2000.6747 1950.535  1903.2871]
  [2378.3948 2330.0383 2278.754  2225.1416 2170.0073 2114.2954 2058.9915
   2005.0293 1953.2135 1904.1746]
  [2382.6138 2335.234  2284.601  2231.3394 2176.2744 2120.3599 2064.5889
   2009.9065 1957.1365 1906.9442]
  [2384.298  2337.6519 2287.6807 2235.026  2180.5005 2125.0215 2069.5295
   2014.9176 1961.9722 1911.3418]]

 [[2390.8076 2334.8823 2280.7268 2228.986  2180.1719 2134.6177 2092.4524
   2053.608  2017.8553 1984.8676]
  [2400.634  2346.0251 2292.6675 2241.1577 2191.9773 2145.459  2101.7646
   2060.898  2022.7366 1987.0848]
  [2411.8042 2358.6365 2305.974  2254.3618 2204.281  2156.1208 2110.1582
   2066.555  2025.3724 1986.5994]
  [2423.4465 2371.7083 2319.5654 2267.526  2216.1113 2165.8271 2117.1284
   2070.395  2025.912  1983.8706]
  [2434.7117 2384.2861 2332.4822 2279.7969 2226.8281 2174.2344 2122.68
   2072.7778 2025.0376 1979.8419]
  [2444.8398 2395.5498 2343.958  2290.5798 2236.1055 2181.3481 2127.1685
   2074.3853 2023.7028 1975.663 ]
  [2453.175  2404.8235 2353.4043 2299.4685 2243.792  2187.311  2131.0303
   2075.918  2022.8165 1972.3917]
  [2459.1511 2411.5513 2360.3508 2306.1404 2249.7534 2192.1946 2134.54
   2077.832  2022.9916 1970.7589]
  [2462.2847 2415.279  2364.4065 2310.2886 2253.777  2195.8823 2137.6797
   2080.2117 2024.4106 1971.0435]
  [2462.1926 2415.6672 2365.2666 2311.626  2255.578  2198.0847 2140.1582
   2082.7793 2026.8337 1973.0681]]]
"""
