raw_data = """
[[[1738.1033 1663.5051 1592.7263 1526.5122 1465.4324 1409.879  1360.0769
   1316.1023 1277.9045 1245.3315]
  [1712.1334 1637.0071 1565.9514 1499.827  1439.2834 1384.7505 1336.4413
   1294.3768 1258.4205 1228.3162]
  [1687.2457 1612.4412 1541.9078 1476.5923 1417.2062 1364.1984 1317.7595
   1277.8491 1244.2399 1216.5723]
  [1663.9767 1590.4307 1521.305  1457.5936 1400.0326 1349.0665 1304.8462
   1267.2625 1236.0024 1210.6113]
  [1643.106  1571.7693 1504.9518 1443.6417 1388.556  1340.1016 1298.3716
   1263.1857 1234.1521 1210.7421]
  [1625.6185 1557.3752 1493.6882 1435.4865 1383.4224 1337.8312 1298.7345
   1265.8813 1238.8196 1216.9734]
  [1612.5911 1548.1692 1488.2594 1433.6847 1384.9939 1342.4288 1305.9316
   1275.1936 1249.727  1228.9451]
  [1605.0027 1544.8936 1489.145  1438.4435 1393.214  1353.5984 1319.47
   1290.4851 1266.1536 1245.9148]
  [1603.5228 1547.9143 1496.3877 1449.4846 1407.5103 1370.5231 1338.3551
   1310.661  1286.9832 1266.8177]
  [1608.3212 1557.0612 1509.4758 1465.9799 1426.7876 1391.911  1361.1807
   1334.2863 1310.831  1290.3845]]

 [[1787.33   1711.0935 1638.6008 1570.6893 1508.016  1451.051  1400.0812
   1355.2262 1316.4556 1283.6135]
  [1762.069  1685.302  1612.5277 1544.7085 1482.5927 1426.691  1377.2789
   1334.4122 1297.9607 1267.6458]
  [1738.1125 1661.7035 1589.4714 1522.4755 1461.5306 1407.174  1359.6543
   1318.958  1284.8508 1256.9348]
  [1716.0492 1640.9794 1570.2059 1504.8386 1445.7223 1393.39   1348.0498
   1309.6123 1277.747  1251.9518]
  [1696.6993 1623.9634 1555.5763 1492.6401 1435.9813 1386.0936 1343.1265
   1306.9155 1277.0503 1252.9558]
  [1681.0621 1611.5713 1546.4045 1486.5968 1432.9044 1385.7489 1345.2074
   1311.0504 1282.8153 1259.8953]
  [1670.1725 1604.6505 1543.3322 1487.1349 1436.7051 1392.37   1354.1334
   1321.7212 1294.6552 1272.342 ]
  [1664.8866 1603.7753 1546.6307 1494.224  1447.0745 1405.4126 1369.187
   1338.1085 1311.7227 1289.4896]
  [1665.6537 1609.0443 1556.0403 1507.2648 1463.1208 1423.7668 1389.127
   1358.933  1332.7864 1310.2264]
  [1672.3406 1619.9525 1570.7002 1525.0868 1483.4364 1445.876  1412.3444
   1382.6239 1356.3901 1333.2644]]

 [[1841.1249 1763.8428 1690.1599 1620.9946 1557.0891 1498.9932 1447.0635
   1401.4678 1362.2004 1329.1012]
  [1817.3735 1739.5916 1665.6406 1596.5712 1533.2236 1476.1943 1425.8256
   1382.2151 1345.2433 1314.6106]
  [1795.1522 1717.781  1644.3928 1576.1404 1513.9374 1458.4077 1409.8677
   1368.3374 1333.5826 1305.1731]
  [1775.062  1699.1052 1627.2025 1560.5585 1500.1199 1446.509  1399.9993
   1360.5322 1327.7723 1301.1838]
  [1757.915  1684.3826 1614.8915 1550.6364 1492.5437 1441.1982 1396.8158
   1359.2665 1328.1406 1302.8405]
  [1744.6643 1674.4624 1608.1979 1546.991  1491.6948 1442.8235 1400.5272
   1364.6223 1334.6656 1310.0505]
  [1736.2374 1670.0524 1607.5956 1549.8617 1497.5925 1451.212  1410.81
   1376.179  1346.8864 1322.3688]
  [1733.3036 1671.4994 1613.0992 1558.9478 1509.6625 1465.5812 1426.7561
   1392.9878 1363.8959 1338.9967]
  [1736.0468 1678.6036 1624.1337 1573.339  1526.7302 1484.5865 1446.9531
   1413.6713 1384.4338 1358.853 ]
  [1744.0251 1690.5444 1639.5356 1591.5945 1547.1659 1506.5095 1469.6945
   1436.6196 1407.0558 1380.6996]]

 [[1899.4758 1821.8026 1747.5242 1677.6254 1612.9238 1554.0479 1501.4227
   1455.2649 1415.5903 1382.2286]
  [1878.082  1799.9872 1725.4847 1655.6945 1591.5359 1533.6849 1482.5503
   1438.2722 1400.7417 1369.637 ]
  [1858.4379 1780.8328 1706.9225 1637.9275 1574.8425 1518.373  1468.8994
   1426.4803 1390.8877 1361.6665]
  [1841.1049 1764.9857 1692.5645 1625.1097 1563.6495 1508.8883 1461.1663
   1420.4653 1386.4613 1358.6041]
  [1826.8215 1753.1759 1683.13   1617.9375 1558.6047 1505.8018 1459.8184
   1420.5769 1387.6968 1360.5895]
  [1816.4225 1746.1099 1679.1964 1616.8555 1560.0205 1509.2976 1464.925
   1426.7938 1394.5175 1367.5303]
  [1810.6561 1744.2867 1681.0098 1621.8711 1567.6963 1519.0139 1476.023
   1438.6167 1406.4515 1379.0354]
  [1809.9512 1747.7861 1688.3075 1632.4155 1580.822  1533.9857 1492.0884
   1455.0574 1422.6243 1394.4001]
  [1814.2103 1756.119  1700.2365 1647.3337 1598.03   1552.7401 1511.6528
   1474.7487 1441.8446 1412.6547]
  [1822.7246 1768.2211 1715.4302 1665.035  1617.6016 1573.5297 1533.0336
   1496.1476 1462.7621 1432.6714]]

 [[1962.2484 1884.8708 1810.6409 1740.5892 1675.5966 1616.357  1563.3551
   1516.8461 1476.8556 1443.1927]
  [1944.0577 1866.3934 1792.0237 1722.109  1657.6283 1599.3209 1547.6509
   1502.7917 1464.6388 1432.8491]
  [1927.8113 1850.7482 1777.0109 1707.8549 1644.3286 1587.1986 1536.9001
   1493.5267 1456.8613 1426.4387]
  [1913.9681 1838.4579 1766.1864 1698.4484 1636.3214 1580.5724 1531.602
   1489.4404 1453.7933 1424.1268]
  [1903.1218 1830.0819 1760.078  1694.3805 1634.0446 1579.8102 1532.0432
   1490.7385 1455.5765 1426.02  ]
  [1895.9094 1826.1063 1759.0271 1695.8583 1637.5879 1584.9064 1538.1526
   1497.3223 1462.127  1432.0878]
  [1892.8381 1826.7684 1763.0151 1702.642  1646.5416 1595.3479 1549.388
   1508.6921 1473.0469 1442.0759]
  [1894.0664 1831.8745 1771.5231 1713.9456 1659.9385 1610.0865 1564.7224
   1523.9319 1487.5962 1455.4574]
  [1899.2407 1840.7024 1783.5084 1728.4834 1676.349  1627.6589 1582.7614
   1541.8007 1504.746  1471.443 ]
  [1907.4698 1852.0585 1797.5381 1744.6638 1694.1128 1646.4232 1601.9608
   1560.9114 1523.3059 1489.0602]]

 [[2029.1617 1952.7667 1879.2493 1809.6652 1744.9343 1685.7974 1632.7742
   1586.1368 1545.9006 1511.8423]
  [2014.9578 1938.4688 1864.9355 1795.5293 1731.2574 1672.896  1620.9398
   1575.5771 1536.6998 1503.9452]
  [2002.8367 1927.0878 1854.2356 1785.5278 1722.0315 1664.5438 1613.5334
   1569.1211 1531.1062 1499.0354]
  [1993.0913 1918.9462 1847.4984 1780.0215 1717.6027 1661.043  1610.7909
   1566.9292 1529.2174 1497.1743]
  [1986.095  1914.3523 1844.98   1779.2178 1718.1328 1662.512  1612.7964
   1569.0715 1531.1156 1498.488 ]
  [1982.2236 1913.511  1846.7343 1783.0524 1723.4766 1668.7689 1619.3783
   1575.4321 1536.7812 1503.0797]
  [1981.7031 1916.3765 1852.4812 1791.0668 1733.0715 1679.2291 1630.0103
   1585.6099 1545.9827 1510.9072]
  [1984.4293 1922.518  1861.5126 1802.3541 1745.9094 1692.8877 1643.7853
   1598.8698 1558.2024 1521.6859]
  [1989.8563 1931.0764 1872.717  1815.6357 1760.6427 1708.4261 1659.5016
   1614.1927 1572.643  1534.8523]
  [1997.0221 1940.8602 1884.7382 1829.4603 1775.7981 1724.4188 1675.84
   1630.4099 1588.3157 1549.6136]]

 [[2099.7725 2025.0109 1952.8575 1884.3655 1820.4667 1761.913  1709.2256
   1662.66   1622.1985 1587.5735]
  [2090.2134 2015.5963 1943.5767 1875.3009 1811.7665 1753.7487 1701.7384
   1655.9155 1616.1593 1582.0979]
  [2082.7805 2009.0522 1937.7487 1870.0697 1807.0549 1749.4952 1697.8649
   1652.302  1612.6334 1578.4451]
  [2077.5386 2005.429  1935.4135 1868.6973 1806.3341 1749.1261 1697.5536
   1651.7585 1611.5793 1576.6283]
  [2074.5845 2004.7289 1936.5011 1871.0676 1809.468  1752.5139 1700.7172
   1654.2721 1613.088  1576.8632]
  [2073.9966 2006.8491 1940.7726 1876.8595 1816.116  1759.3625 1707.1619
   1659.7949 1617.2843 1579.4532]
  [2075.7168 2011.4851 1947.734  1885.4706 1825.6581 1769.1223 1716.4827
   1668.1179 1624.1766 1584.6191]
  [2079.423  2018.0427 1956.5901 1895.993  1837.172  1780.9532 1727.999
   1678.7705 1633.5267 1592.3486]
  [2084.4663 2025.6373 1966.2865 1907.285  1849.5143 1793.7869 1740.7832
   1691.0117 1644.8014 1602.32  ]
  [2089.9255 2033.1978 1975.6576 1918.1381 1861.484  1806.4779 1753.7853
   1703.9177 1657.2275 1613.922 ]]

 [[2173.471  2100.9253 2030.7325 1963.9175 1901.3861 1843.8586 1791.8143
   1745.4556 1704.7103 1669.268 ]
  [2169.0269 2096.88   2026.9669 1960.3722 1898.0417 1840.7047 1788.8125
   1742.5132 1701.672  1665.927 ]
  [2166.6128 2095.4807 2026.2759 1960.1067 1897.944  1840.5321 1788.327
   1741.4774 1699.8527 1663.1112]
  [2166.021  2096.4595 2028.3463 1962.7783 1900.7377 1842.9977 1790.0597
   1742.1312 1699.1544 1660.8705]
  [2167.046  2099.4941 2032.7812 1967.9657 1906.0304 1847.7935 1793.8346
   1744.4692 1699.7632 1659.5837]
  [2169.4692 2104.1982 2039.0942 1975.1599 1913.376  1854.6089 1799.5355
   1748.6011 1702.0175 1659.7977]
  [2172.9902 2110.073  2046.6677 1983.7216 1922.2081 1863.0363 1806.9696
   1754.5754 1706.2042 1662.0085]
  [2177.142  2116.4575 2054.7275 1992.8545 1931.7977 1872.4878 1815.7455
   1762.2229 1712.3756 1666.4688]
  [2181.266  2122.542  2062.3794 2001.646  1941.2786 1882.1993 1825.2411
   1771.0903 1720.2588 1673.0818]
  [2184.5686 2127.4585 2068.7153 2009.1809 1949.7549 1891.3203 1834.6765
   1780.4926 1729.2823 1681.4054]]

 [[2249.4976 2179.643  2111.9092 2047.26   1986.5332 1930.373  1879.173
   1833.0535 1791.8785 1755.3079]
  [2250.394  2181.1685 2113.8125 2049.314  1988.5248 1932.0894 1880.388
   1833.5255 1791.3612 1753.5706]
  [2253.0505 2184.9028 2118.1655 2053.8247 1992.745  1935.5966 1882.8005
   1834.5184 1790.6808 1751.0488]
  [2256.9673 2190.25   2124.3105 2060.1118 1998.5385 1940.3192 1885.9706
   1835.774  1789.7943 1747.9253]
  [2261.649  2196.5972 2131.579  2067.528  2005.3582 1945.8829 1889.7494
   1837.3999 1789.0658 1744.7961]
  [2266.6277 2203.3447 2139.329  2075.4878 2012.7677 1952.074  1894.1924
   1839.7288 1789.0835 1742.4595]
  [2271.4304 2209.891  2146.9272 2083.4238 2020.3563 1958.7063 1899.3705
   1843.0902 1790.4084 1741.6615]
  [2275.5332 2215.605  2153.7146 2090.7334 2027.6493 1965.4822 1905.192
   1847.6031 1793.3534 1742.8788]
  [2278.3445 2219.8252 2159.0156 2096.774  2034.0768 1971.938  1911.3219
   1853.0731 1797.8682 1746.1993]
  [2279.2515 2221.921  2162.1978 2100.922  2039.0326 1977.493  1917.2192
   1859.0188 1803.5521 1751.3207]]

 [[2326.9644 2260.1392 2195.2166 2133.0671 2074.4224 2019.8091 1969.5068
   1923.5404 1881.7169 1843.6913]
  [2333.1514 2267.1104 2202.5693 2140.3892 2081.298  2025.8275 1974.274
   1926.7024 1882.9833 1842.8578]
  [2340.6333 2275.63   2211.507  2149.1052 2089.168  2032.2766 1978.8177
   1928.9757 1882.7594 1840.0531]
  [2348.6365 2284.8147 2221.0925 2158.292  2097.1963 2038.4868 1982.6984
   1930.1934 1881.1671 1835.6713]
  [2356.4294 2293.838  2230.4907 2167.2017 2104.818  2044.1504 1985.9109
   1930.6641 1878.8015 1830.5458]
  [2363.3733 2301.9888 2239.0217 2175.2927 2111.719  2049.2417 1988.7424
   1930.9718 1876.4993 1825.6998]
  [2368.9143 2308.6653 2246.1353 2182.1572 2117.7085 2053.8306 1991.5326
   1931.7042 1875.052  1822.0732]
  [2372.549  2313.3384 2251.3489 2187.4258 2122.5781 2057.897  1994.455
   1933.2172 1874.9728 1820.3042]
  [2373.8088 2315.5337 2254.2217 2190.718  2126.0283 2061.2354 1997.4073
   1935.5171 1876.3776 1820.612 ]
  [2372.2793 2314.8555 2254.3735 2191.664  2127.6914 2063.48   2000.036
   1938.279  1878.9929 1822.7977]]]
"""
