raw_data = """
[[[1716.7195 1641.5481 1570.2981 1503.7133 1442.3589 1386.622  1336.7203
   1292.7228 1254.5715 1222.1067]
  [1690.4116 1614.6653 1543.0983 1476.5704 1415.7283 1360.995  1312.5774
   1270.4899 1234.5874 1204.6072]
  [1665.2125 1589.7411 1518.6542 1452.9005 1393.1887 1339.9631 1293.4073
   1253.4736 1219.9291 1192.4056]
  [1641.6605 1567.4006 1497.6792 1433.4937 1375.5792 1324.3765 1280.0312
   1242.428  1211.2466 1186.024 ]
  [1620.5339 1548.4391 1480.9851 1419.1655 1363.6998 1314.9918 1273.1318
   1237.9331 1208.9963 1185.7825]
  [1602.8153 1533.7751 1469.4154 1410.674  1358.2073 1312.3506 1273.123
   1240.2678 1213.3237 1191.7021]
  [1589.5801 1524.3315 1463.722  1408.5856 1359.4781 1316.6428 1280.0203
   1249.2947 1223.9668 1203.4343]
  [1581.8098 1520.8562 1464.3937 1413.1213 1367.4728 1327.5922 1293.35
   1264.3937 1240.2192 1220.2477]
  [1580.1799 1523.7256 1471.487  1424.0201 1381.6383 1344.4011 1312.1357
   1284.4854 1260.9763 1241.085 ]
  [1584.8733 1532.7843 1484.508  1440.4717 1400.8962 1365.7927 1334.983
   1308.1438 1284.8601 1264.6812]]

 [[1766.2869 1689.3633 1616.2881 1547.9008 1484.858  1427.6271 1376.4907
   1331.561  1292.801  1260.0465]
  [1740.6099 1663.1045 1589.7042 1521.377  1458.8699 1402.6925 1353.1141
   1310.1842 1273.7646 1243.5676]
  [1716.2596 1639.0618 1566.1616 1498.625  1437.2688 1382.6276 1334.9454
   1294.2017 1260.1533 1232.3918]
  [1693.8292 1617.9233 1546.4421 1480.5037 1420.9576 1368.3358 1322.8413
   1284.3774 1252.603  1227.0042]
  [1674.143  1600.5297 1531.3997 1467.8676 1410.7655 1360.588  1317.4797
   1281.2681 1251.5302 1227.6748]
  [1658.2045 1587.804  1521.8683 1461.4476 1407.3063 1359.8672 1319.2032
   1285.0745 1257.0029 1234.362 ]
  [1647.0532 1580.6031 1518.503  1461.6876 1410.8136 1366.2091 1327.8729
   1295.5176 1268.647  1246.6445]
  [1641.5549 1579.5135 1521.5908 1468.5763 1420.9984 1379.0891 1342.7885
   1311.792  1285.6238 1263.7196]
  [1642.1708 1584.6489 1530.889  1481.5317 1436.9874 1397.413  1362.7214
   1332.6263 1306.7068 1284.4763]
  [1648.784  1595.521  1545.5532 1499.3977 1457.3829 1419.6302 1386.0653
   1356.4506 1330.4379 1307.6252]]

 [[1820.5282 1742.4414 1668.0583 1598.3044 1533.9261 1475.4746 1423.3033
   1377.576  1338.2795 1305.2439]
  [1796.2853 1717.6414 1642.9437 1573.253  1509.4146 1452.026  1401.4274
   1357.7101 1320.746  1290.2239]
  [1773.5896 1695.3026 1621.1252 1552.2222 1489.5149 1433.6293 1384.8777
   1343.2734 1308.5715 1280.3269]
  [1753.0511 1676.1316 1603.4028 1536.0858 1475.1362 1421.1797 1374.4849
   1334.9846 1302.3289 1275.9639]
  [1735.4921 1660.9596 1590.616  1525.6748 1467.0736 1415.401  1370.8672
   1333.33   1302.3618 1277.3422]
  [1721.8771 1650.6525 1583.5225 1521.6289 1465.8378 1416.666  1374.2563
   1338.4094 1308.66   1284.374 ]
  [1713.1469 1645.9348 1582.6171 1524.2113 1471.4718 1424.8239 1384.3472
   1349.8145 1320.7676 1296.6128]
  [1709.9865 1647.1719 1587.9347 1533.1418 1483.4209 1439.1083 1400.2424
   1366.6023 1337.778  1313.2557]
  [1712.5962 1654.1813 1598.9171 1547.5248 1500.5216 1458.1815 1420.5332
   1387.3933 1358.4268 1333.2148]
  [1720.5505 1666.156  1614.4105 1565.9242 1521.144  1480.3209 1443.5045
   1410.5695 1381.2596 1355.2448]]

 [[1879.4514 1800.8566 1725.759  1655.1555 1589.8735 1530.5464 1477.6
   1431.2485 1391.5001 1358.1737]
  [1857.4974 1778.4186 1703.0474 1632.5197 1567.7662 1509.4688 1458.0363
   1413.604  1376.0529 1345.0474]
  [1837.307  1758.6616 1683.8396 1614.0822 1550.3975 1493.4967 1443.7596
   1401.2375 1365.6879 1336.6373]
  [1819.4546 1742.2491 1668.8845 1600.6537 1538.6003 1483.4353 1435.4952
   1394.7511 1360.8593 1333.2462]
  [1804.696  1729.9327 1658.927  1592.9596 1533.0537 1479.8851 1433.7372
   1394.5159 1361.8163 1335.0203]
  [1793.8844 1722.4434 1654.5726 1591.4746 1534.0997 1483.0574 1438.5758
   1400.5243 1368.4868 1341.8638]
  [1787.79   1720.3044 1656.0938 1596.2328 1541.562  1492.6096 1449.56
   1412.2811 1380.3958 1353.3756]
  [1786.8622 1723.6172 1663.2493 1606.6841 1554.6445 1507.5847 1465.6681
   1428.7933 1396.6581 1368.8378]
  [1791.0221 1731.9093 1675.1979 1621.6799 1571.9805 1526.5052 1485.4219
   1448.682  1416.07   1387.2671]
  [1799.5726 1744.1221 1690.573  1639.6229 1591.838  1547.6068 1507.1206
   1470.3868 1437.2659 1407.524 ]]

 [[1942.9388 1864.53   1789.3665 1718.4973 1652.8162 1593.0286 1539.6228
   1492.8538 1452.7394 1419.0769]
  [1924.1344 1845.372  1770.0166 1699.2518 1634.0731 1575.2311 1523.1926
   1478.1272 1439.9194 1408.2094]
  [1907.2855 1829.0663 1754.3031 1684.2765 1620.0564 1562.4199 1511.8031
   1468.2917 1431.6514 1401.3939]
  [1892.8702 1816.1604 1742.8373 1674.2258 1611.4257 1555.2137 1505.9884
   1463.7655 1428.227  1398.8098]
  [1881.5039 1807.2423 1736.1818 1669.6268 1608.6552 1554.014  1506.0621
   1464.7732 1429.7981 1400.564 ]
  [1873.8516 1802.8289 1734.7118 1670.7214 1611.8665 1558.8407 1511.9701
   1471.2238 1436.2776 1406.6135]
  [1870.447  1803.1869 1738.4374 1677.2953 1620.6698 1569.1929 1523.1736
   1482.6112 1447.2539 1416.6857]
  [1871.4723 1808.1443 1746.8582 1688.5752 1634.1029 1584.0195 1538.6353
   1498.0035 1461.9679 1430.2322]
  [1876.5905 1816.9895 1758.9344 1703.2708 1650.7249 1601.8398 1556.9406
   1516.1392 1479.3705 1446.4458]
  [1884.915  1828.526  1773.2217 1719.7709 1668.8508 1620.9863 1576.5197
   1535.6088 1498.2534 1464.3408]]

 [[2010.7247 1933.2014 1858.6475 1788.1403 1722.6196 1662.8406 1609.331
   1562.3635 1521.9474 1487.8447]
  [1995.8743 1918.1875 1843.5648 1773.2054 1708.1388 1649.1571 1596.7609
   1551.1353 1512.1598 1479.4521]
  [1983.1177 1906.1138 1832.1342 1762.4597 1698.1826 1640.1149 1588.7285
   1544.1346 1506.1134 1474.1848]
  [1972.7704 1897.3324 1824.74   1756.3042 1693.1381 1636.0564 1585.505
   1541.5505 1503.9248 1472.1134]
  [1965.2354 1892.1866 1821.6772 1754.9862 1693.2062 1637.1332 1587.1996
   1543.4669 1505.6792 1473.3568]
  [1960.9197 1890.9161 1823.0359 1758.476  1698.2699 1643.1832 1593.6495
   1549.766  1511.3447 1477.9977]
  [1960.0787 1893.505  1828.5627 1766.3356 1707.7789 1653.6239 1604.3207
   1560.0303 1520.6672 1485.9683]
  [1962.6313 1899.5408 1837.5608 1777.6611 1720.7191 1667.4363 1618.2855
   1573.5004 1533.103  1496.9576]
  [1968.0427 1908.1664 1848.9121 1791.1588 1735.7208 1683.2758 1634.3153
   1589.1309 1547.8315 1510.3833]
  [1975.3477 1918.1779 1861.2384 1805.3488 1751.279  1699.6849 1651.0614
   1605.7291 1563.8452 1525.4376]]

 [[2082.3745 2006.4066 1933.1295 1863.6237 1798.8444 1739.5616 1686.3075
   1639.3396 1598.634  1563.909 ]
  [2072.1611 1996.2676 1923.0734 1853.7572 1789.3438 1730.6262 1678.1047
   1631.9562 1592.0466 1557.9829]
  [2064.0864 1989.028  1916.5173 1847.7919 1783.9202 1725.7109 1673.6431
   1627.8441 1588.1201 1554.0284]
  [2058.2422 1984.7714 1913.54   1845.795  1782.6193 1724.8295 1672.9037
   1626.9664 1586.8267 1552.0608]
  [2054.7563 1983.5361 1914.1116 1847.6902 1785.3401 1727.8816 1675.8174
   1629.3163 1588.2518 1552.2817]
  [2053.7407 1985.2552 1918.0258 1853.1858 1791.7635 1734.5825 1682.1896
   1634.8345 1592.5002 1554.9684]
  [2055.1658 1989.6494 1924.8107 1861.6915 1801.2716 1744.3745 1691.5983
   1643.288  1599.5526 1560.3118]
  [2058.728  1996.1371 1933.6733 1872.2928 1812.9274 1756.3951 1703.3353
   1654.1775 1609.1415 1568.2727]
  [2063.7837 2003.8279 1943.5449 1883.826  1825.5585 1769.5453 1716.4441
   1666.7336 1620.71   1578.5087]
  [2069.3997 2011.631  1953.2316 1895.0491 1837.93   1782.6473 1729.8455
   1680.0109 1633.468  1590.3977]]

 [[2157.2825 2083.4727 2012.0906 1944.1893 1880.7014 1822.3683 1769.6809
   1722.8457 1681.7844 1646.1727]
  [2152.2012 2078.724  2007.5747 1939.8726 1876.5931 1818.486  1766.0123
   1719.3177 1678.2544 1642.4387]
  [2149.167  2076.6567 2006.1893 1938.9136 1875.8314 1817.7057 1764.9968
   1717.8436 1676.0942 1639.3784]
  [2147.999  2077.0356 2007.6597 1941.0107 1878.101  1819.7188 1766.3628
   1718.2229 1675.2122 1637.0372]
  [2148.522  2079.5735 2011.6248 1945.7758 1883.0371 1824.236  1769.9427
   1720.4476 1675.7816 1635.774 ]
  [2150.5496 2083.9153 2017.6249 1952.7206 1890.2051 1830.9482 1775.6106
   1724.6085 1678.1158 1636.107 ]
  [2153.804  2089.5806 2025.0553 1961.2096 1899.033  1839.4318 1783.151
   1730.7267 1682.4722 1638.5026]
  [2157.8323 2095.9136 2033.1375 1970.4327 1908.7697 1849.0732 1792.1438
   1738.6039 1688.8746 1643.1879]
  [2161.9736 2102.0947 2040.9579 1979.452  1918.5203 1859.0776 1801.9386
   1747.7618 1697.0298 1650.048 ]
  [2165.4197 2107.2322 2047.5797 1987.3203 1927.3578 1868.5669 1811.7307
   1757.4961 1706.3513 1658.6311]]

 [[2234.6802 2163.5278 2094.5615 2028.7742 1967.0325 1910.0013 1858.0874
   1811.4159 1769.8448 1733.0221]
  [2234.982  2164.3982 2095.7686 2030.1165 1968.3247 1911.0576 1858.7057
   1811.3721 1768.9025 1730.954 ]
  [2237.0642 2167.5166 2099.4866 2033.999  1971.9501 1914.0278 1860.6577
   1811.9918 1767.9408 1728.2394]
  [2240.4514 2172.3184 2105.0913 2039.7755 1977.2848 1918.3616 1863.5199
   1813.0247 1766.9141 1725.0507]
  [2244.6763 2178.2188 2111.9434 2046.8237 1983.8    1923.6935 1867.1431
   1814.568  1766.169  1721.9607]
  [2249.2957 2184.6418 2119.4187 2054.5693 1991.0612 1929.8033 1871.5671
   1816.9326 1766.2678 1719.7407]
  [2253.8552 2190.9993 2126.8887 2062.4404 1998.6464 1936.485  1876.8387
   1820.4211 1767.7438 1719.1094]
  [2257.8374 2196.6577 2133.686  2069.8196 2006.0575 1943.4163 1882.8397
   1825.127  1770.8853 1720.5211]
  [2260.646  2200.9438 2139.1152 2076.0388 2012.7003 1950.1084 1889.2123
   1830.8344 1775.6254 1724.0502]
  [2261.6523 2203.205  2142.5186 2080.4495 2017.9426 1955.9576 1895.3966
   1837.0491 1781.5532 1729.3865]]

 [[2313.665  2245.5293 2179.3525 2116.0337 2056.3313 2000.7936 1949.7125
   1903.1174 1860.8109 1822.4385]
  [2319.3184 2251.913  2186.083  2122.7236 2062.5903 2006.2351 1953.964
   1905.8391 1861.7207 1821.3334]
  [2326.287  2259.885  2194.46   2130.8887 2069.9434 2012.2222 1958.1156
   1907.7994 1861.2661 1818.3763]
  [2333.8188 2268.5872 2203.5708 2139.6306 2077.5752 2018.0997 1961.7355
   1908.8314 1859.5599 1813.9464]
  [2341.2039 2277.2139 2212.6016 2148.2173 2084.9304 2023.5597 1964.8109
   1909.2285 1857.1787 1808.8549]
  [2347.821  2285.0698 2220.8813 2156.1094 2091.6895 2028.5664 1967.6115
   1909.5535 1854.9346 1804.1008]
  [2353.128  2291.5588 2227.8594 2162.8916 2097.6482 2033.1702 1970.455
   1910.3702 1853.5963 1800.6019]
  [2356.6257 2296.1484 2233.0435 2168.1792 2102.579  2037.33   1973.4938
   1912.015  1853.658  1798.9779]
  [2357.8376 2298.353  2235.976  2171.5747 2106.1633 2040.8224 1976.6099
   1914.4796 1855.2233 1799.4396]
  [2356.3376 2297.7588 2236.2593 2172.6873 2108.0151 2043.266  1979.4363
   1917.4302 1858.0125 1801.7826]]]
"""
