raw_data = """
[[[1948.742  1882.9818 1820.1323 1760.8961 1705.824  1655.3092 1609.5883
   1568.758  1532.792  1501.5685]
  [1928.5261 1863.0093 1800.6046 1742.1031 1688.1154 1639.0522 1595.1232
   1556.3564 1522.6273 1493.704 ]
  [1909.1777 1844.7589 1783.6139 1726.5895 1674.3263 1627.2294 1585.4608
   1548.9661 1517.5189 1490.7812]
  [1891.176  1828.7687 1769.7576 1714.9983 1665.1194 1620.4844 1581.1855
   1547.0771 1517.8358 1493.0392]
  [1875.2424 1815.7427 1759.7158 1707.9713 1661.0757 1619.3124 1582.6833
   1550.9508 1523.7145 1500.4988]
  [1862.3073 1806.5028 1754.1849 1706.0621 1662.5916 1623.946  1590.0262
   1560.5167 1534.97   1512.8994]
  [1853.3843 1801.8628 1753.7495 1709.6093 1669.7582 1634.2463 1602.8822
   1575.2992 1551.0437 1529.6589]
  [1849.3727 1802.4387 1758.7122 1718.5928 1682.2521 1649.6301 1620.4738
   1594.4071 1571.0098 1549.8906]
  [1850.8313 1808.4482 1768.9305 1732.5233 1699.2772 1669.0642 1641.6176
   1616.5969 1593.6516 1572.4735]
  [1857.7898 1819.5612 1783.7245 1750.4081 1719.5966 1691.1504 1664.8453
   1640.4159 1617.6005 1596.1743]]

 [[1989.0991 1922.8241 1859.4103 1799.6144 1744.0375 1693.1138 1647.1122
   1606.1481 1570.2029 1539.1478]
  [1970.2603 1904.2927 1841.3691 1782.336  1727.8561 1678.3818 1634.1526
   1595.2102 1561.4302 1532.5647]
  [1952.5907 1887.8068 1826.1907 1768.6443 1715.8602 1668.2856 1626.111
   1589.294  1557.6053 1530.6909]
  [1936.587  1873.9198 1814.484  1759.185  1708.7019 1663.4413 1623.5258
   1588.826  1559.0234 1533.6882]
  [1922.9614 1863.3134 1806.8934 1754.5514 1706.9001 1664.2695 1626.6998
   1593.9849 1565.7466 1541.5245]
  [1912.5898 1856.7312 1804.0135 1755.175  1710.7172 1670.866  1635.5786
   1604.595  1577.5203 1553.9119]
  [1906.3684 1854.8297 1806.2396 1761.1843 1720.0282 1682.8893 1649.6592
   1620.0594 1593.7231 1570.2694]
  [1904.9967 1857.9825 1813.5996 1772.2722 1734.2318 1699.5122 1667.9752
   1639.3666 1613.3832 1589.732 ]
  [1908.7559 1866.094  1825.623  1787.6272 1752.2443 1719.4686 1689.1794
   1661.1843 1635.2651 1611.2206]
  [1917.3472 1878.4976 1841.3079 1805.9758 1772.603  1741.2028 1711.7148
   1684.0308 1658.0204 1633.5558]]

 [[2032.5913 1966.3862 1902.949  1843.0745 1787.4036 1736.4067 1690.3839
   1649.4725 1613.6626 1582.8193]
  [2015.8439 1950.0446 1887.1608 1828.0747 1773.487  1723.8862 1679.5405
   1640.51   1606.6757 1577.7808]
  [2000.5693 1936.0519 1874.5173 1816.8978 1763.9215 1716.0714 1673.5684
   1636.3916 1604.3214 1577.0021]
  [1987.2373 1924.9247 1865.5778 1810.1245 1759.2769 1713.48   1672.8947
   1637.4261 1606.7819 1580.5494]
  [1976.4939 1917.2594 1860.8835 1808.2292 1759.942  1716.3983 1677.6947
   1643.683  1614.0403 1588.3528]
  [1969.0935 1913.6493 1860.856  1811.4579 1765.9934 1724.7527 1687.776
   1654.896  1625.8081 1600.1501]
  [1965.7445 1914.529  1865.6459 1819.6892 1777.0743 1738.0088 1702.5013
   1670.4038 1641.4739 1615.4377]
  [1966.8903 1919.9851 1874.9836 1832.3319 1792.3374 1755.154  1720.7948
   1689.1654 1660.1107 1633.459 ]
  [1972.5072 1929.606  1888.0968 1848.3116 1810.4948 1774.7911 1741.2542
   1709.8646 1680.5573 1653.2493]
  [1981.9965 1942.4507 1903.7539 1866.186  1829.9845 1795.3309 1762.3446
   1731.0835 1701.5547 1673.7336]]

 [[2079.0461 2013.5043 1950.6023 1891.1553 1835.8302 1785.1272 1739.3722
   1698.7217 1663.1715 1632.5782]
  [2065.0918 2000.0931 1937.83   1879.1971 1824.9158 1775.4999 1731.2423
   1692.2217 1658.327  1629.2975]
  [2052.896  1989.2916 1928.4142 1871.1971 1818.3844 1770.4825 1727.7429
   1690.1716 1657.5709 1629.5986]
  [2042.8501 1981.5167 1922.791  1867.5912 1816.6411 1770.416  1729.1216
   1692.712  1660.9437 1633.4473]
  [2035.4673 1977.2069 1921.322  1868.6584 1819.8762 1775.398  1735.391
   1699.7915 1668.3629 1640.7694]
  [2031.3107 1976.7349 1924.1915 1874.4065 1827.9463 1785.1738 1746.2365
   1711.0919 1679.5619 1651.394 ]
  [2030.8389 1980.2618 1931.2716 1884.4558 1840.2815 1799.063  1760.955
   1725.9712 1694.0258 1664.977 ]
  [2034.2042 1987.5758 1942.013  1897.9788 1855.8651 1815.9658 1778.4698
   1743.4668 1710.9712 1680.9496]
  [2041.0945 1997.9996 1955.4215 1913.7449 1873.3287 1834.4818 1797.4442
   1762.3815 1729.3922 1698.5225]
  [2050.687  2010.4219 1970.1656 1930.2832 1891.1487 1853.1112 1816.4664
   1781.438  1748.1744 1716.7611]]

 [[2128.1997 2063.8938 2002.0776 1943.5676 1889.0435 1839.0225 1793.8463
   1753.6803 1718.5173 1688.1964]
  [2117.6802 2054.0928 1993.0226 1935.3523 1881.8033 1832.9    1788.9503
   1750.0453 1716.08   1686.791 ]
  [2109.1606 2047.0895 1987.4321 1931.0938 1878.8085 1831.0935 1788.2219
   1750.2303 1716.9515 1688.0701]
  [2102.896  2043.1326 1985.5422 1931.0007 1880.2202 1833.6948 1791.6747
   1754.1765 1721.0256 1691.918 ]
  [2099.2021 2042.4327 1987.4639 1935.0929 1885.9768 1840.5797 1799.1495
   1761.7277 1728.1906 1698.3071]
  [2098.3906 2045.088  1993.1008 1943.1145 1895.7136 1851.3372 1810.2557
   1772.5764 1738.2722 1707.2268]
  [2100.6304 2050.9653 2002.0526 1954.4608 1908.7072 1865.2212 1824.3184
   1786.1952 1750.9407 1718.5645]
  [2105.7869 2059.588  2013.5532 1968.1595 1923.8835 1881.1655 1840.3767
   1801.8022 1765.6368 1731.9972]
  [2113.317  2070.1008 2026.5024 1982.955  1939.9283 1897.8906 1857.2651
   1818.4034 1781.5712 1746.9525]
  [2122.2808 2081.352  2039.6057 1997.4816 1955.4738 1914.0828 1873.7672
   1834.9106 1797.8041 1762.6516]]

 [[2179.6926 2117.146  2056.9321 1999.8527 1946.5806 1897.634  1853.3538
   1813.8951 1779.2302 1749.1681]
  [2173.1436 2111.521  2052.1748 1995.9504 1943.5481 1895.4829 1852.0604
   1813.372  1779.3114 1749.6135]
  [2168.7573 2108.772  2050.8467 1995.829  1944.4202 1897.127  1854.2339
   1815.8035 1781.7052 1751.664 ]
  [2166.5986 2108.9165 2052.9167 1999.404  1949.0544 1902.3673 1859.633
   1820.937  1786.1885 1755.1702]
  [2166.7336 2111.8862 2058.2007 2006.4003 1957.1217 1910.863  1867.9558
   1828.5587 1792.6796 1760.2131]
  [2169.1863 2117.4814 2066.316  2016.3171 1968.0764 1922.1078 1878.8098
   1838.4508 1801.1704 1767.0023]
  [2173.8325 2125.2964 2076.638  2028.3966 1981.134  1935.3917 1891.6484
   1850.2874 1811.5828 1775.7015]
  [2180.2927 2134.6614 2088.2822 2041.6387 1995.2843 1949.7964 1905.7241
   1863.5437 1823.6333 1786.2637]
  [2187.88   2144.6528 2100.164  2054.8843 2009.3798 1964.2587 1920.1151
   1877.4777 1836.779  1798.3455]
  [2195.6504 2154.1953 2111.1377 2066.9712 2022.2838 1977.7034 1933.8339
   1891.2091 1850.2634 1811.3274]]

 [[2233.0725 2172.7388 2114.588  2059.3896 2007.7931 1960.2927 1917.2021
   1878.6417 1844.5424 1814.671 ]
  [2230.884  2171.692  2114.526  2060.1738 2009.2899 1962.3563 1919.6536
   1881.2557 1847.0477 1816.7655]
  [2230.908  2173.4531 2117.6812 2064.357  2014.1245 1967.459  1924.641
   1885.7537 1850.7051 1819.2733]
  [2232.9756 2177.765  2123.713  2071.5283 2021.8333 1975.1149 1931.6986
   1891.7393 1855.2389 1822.0835]
  [2236.8774 2184.2607 2132.1338 2081.1304 2031.8514 1984.8206 1940.4495
   1899.0181 1860.6732 1825.4481]
  [2242.3486 2192.4612 2142.3186 2092.479  2043.5333 1996.0618 1950.588
   1907.539  1867.2239 1829.8328]
  [2249.009  2201.7505 2153.501  2104.7644 2056.1382 2008.2655 1961.7782
   1917.2383 1875.0996 1835.689 ]
  [2256.3047 2211.3584 2164.7847 2117.0664 2068.8203 2020.7435 1973.5455
   1927.8821 1884.305  1843.2393]
  [2263.4976 2220.394  2175.2014 2128.413  2080.669  2032.6973 1985.2404
   1938.9905 1894.5398 1852.357 ]
  [2269.7305 2227.9404 2183.8184 2137.8877 2090.8057 2043.3005 1996.1031
   1949.8851 1905.2211 1862.5712]]

 [[2287.8105 2230.0547 2174.3496 2121.4165 2071.8574 2026.1151 1984.4457
   1946.9066 1913.3687 1883.5526]
  [2290.1963 2233.7852 2179.1526 2127.0066 2077.9326 2032.3534 1990.5018
   1952.419  1917.9744 1886.9135]
  [2294.7017 2240.0842 2186.7607 2135.396  2086.5542 2040.6609 1997.9792
   1958.6053 1922.4908 1889.4797]
  [2300.9045 2248.4028 2196.5215 2145.8608 2096.9731 2050.3242 2006.2646
   1965.0181 1926.6849 1891.2627]
  [2308.3245 2258.0977 2207.685  2157.624  2108.4722 2060.7703 2015.005
   1971.5717 1930.7565 1892.7322]
  [2316.4453 2268.4702 2219.4634 2169.914  2120.4058 2071.5767 2024.0634
   1978.4408 1935.1786 1894.6177]
  [2324.6963 2278.7808 2231.0493 2181.9712 2132.1714 2082.38   2033.3629
   1985.8439 1940.4408 1897.6313]
  [2332.4336 2288.25   2241.6252 2193.036  2143.148  2092.7583 2042.7136
   1993.8275 1946.8102 1902.2286]
  [2338.9448 2296.0933 2250.3984 2202.3633 2152.6833 2102.1807 2051.725
   2002.1521 1954.1989 1908.4673]
  [2343.5122 2301.5894 2256.6677 2209.2837 2160.1416 2110.0476 2059.8389
   2010.3124 1962.1722 1916.0023]]

 [[2343.3252 2288.4116 2235.4358 2185.0532 2137.793  2094.0168 2053.8936
   2017.3972 1984.3302 1954.3726]
  [2350.3066 2296.8945 2245.016  2195.2837 2148.192  2104.0815 2063.1206
   2025.3079 1990.5022 1958.47  ]
  [2359.1572 2307.5234 2256.7908 2207.5107 2160.1562 2115.0898 2072.5493
   2032.6439 1995.3734 1960.6589]
  [2369.2068 2319.48   2269.8362 2220.7646 2172.7432 2126.2104 2081.5396
   2039.0211 1998.8529 1961.1465]
  [2379.744  2331.9048 2283.225  2234.1494 2185.194  2136.914  2089.8628
   2044.5427 2001.3679 1960.6438]
  [2390.0674 2343.9673 2296.1064 2246.9136 2196.9663 2146.9531 2097.6074
   2049.635  2003.646  1960.1163]
  [2399.499  2354.895  2307.7249 2258.4294 2207.6558 2156.2075 2104.9624
   2054.7798 2006.4183 1960.4854]
  [2407.3782 2363.9739 2317.404  2268.1396 2216.885  2164.5168 2111.9937
   2060.2598 2010.1582 1962.3794]
  [2413.0735 2370.564  2324.5454 2275.5251 2224.2388 2171.5815 2118.5261
   2066.026  2014.9418 1965.9921]
  [2416.0244 2374.1372 2328.6602 2280.13   2229.282  2176.9844 2124.1602
   2071.7095 2020.4506 1971.0779]]

 [[2399.012  2347.0942 2297.0122 2249.334  2204.4927 2162.7456 2124.1565
   2088.607  2055.837  2025.5048]
  [2410.4153 2360.0752 2311.0208 2263.7544 2218.6665 2176.0046 2135.8662
   2098.211  2062.8984 2029.733 ]
  [2423.281  2374.6094 2326.443  2279.2166 2233.3086 2189.0203 2146.565
   2106.0708 2067.5923 2031.1339]
  [2436.7256 2389.6677 2342.1672 2294.6104 2247.4082 2200.977  2155.7146
   2111.975  2070.0505 2030.1595]
  [2449.8718 2404.262  2357.1948 2309.0408 2260.284  2211.4966 2163.292
   2116.2668 2070.9468 2027.7505]
  [2461.916  2417.5244 2370.7134 2321.8696 2271.5723 2220.5544 2169.6313
   2119.614  2071.228  2025.0592]
  [2472.151  2428.7305 2382.0894 2332.6538 2281.0938 2228.273  2175.1572
   2122.7107 2071.8037 2023.1451]
  [2479.9592 2437.2786 2390.815  2341.0408 2288.6929 2234.7097 2180.1353
   2126.0117 2073.2856 2022.7417]
  [2484.8184 2442.6829 2396.4753 2346.7083 2294.1472 2239.7446 2184.5469
   2129.5989 2075.8564 2024.1279]
  [2486.321  2444.5852 2398.754  2349.3635 2297.171  2243.0872 2188.1008
   2133.1943 2079.274  2027.1227]]]
"""
