raw_data = """
[[[1928.9977 1862.387  1798.7585 1738.8198 1683.1256 1632.07   1585.8915
   1544.6871 1508.4314 1477.0033]
  [1907.9814 1841.5175 1778.2401 1718.95   1664.2633 1614.5963 1570.163
   1530.994  1496.9683 1467.8547]
  [1887.8545 1822.3887 1760.274  1702.3696 1649.3269 1601.5599 1559.2396
   1522.3177 1490.5728 1463.669 ]
  [1869.1057 1805.5532 1745.475  1689.7435 1639.004  1593.6344 1553.74
   1519.1848 1489.6532 1464.7241]
  [1852.4681 1791.73   1734.5435 1681.7397 1633.9077 1591.3514 1554.0905
   1521.9011 1494.3911 1471.085 ]
  [1838.8837 1781.7579 1728.1982 1678.9403 1634.4696 1594.9849 1560.4097
   1530.4436 1504.6475 1482.5309]
  [1829.3771 1776.4667 1727.0464 1681.7133 1640.8171 1604.4379 1572.4093
   1544.3812 1519.9039 1498.5135]
  [1824.8584 1776.4886 1731.4125 1690.0671 1652.6597 1619.1627 1589.3486
   1562.8545 1539.2621 1518.167 ]
  [1825.8981 1782.0566 1741.1746 1703.5348 1669.2258 1638.1504 1610.0648
   1584.6384 1561.5172 1540.3777]
  [1832.537  1792.8544 1755.666  1721.1383 1689.2902 1660.0109 1633.0934
   1608.2777 1585.2963 1563.9059]]

 [[1970.6681 1903.4529 1839.1644 1778.5686 1722.2716 1670.7135 1624.1672
   1582.752  1546.4517 1515.1394]
  [1950.9781 1883.9669 1820.0701 1760.1466 1704.8699 1654.7014 1609.8884
   1570.4779 1536.3499 1507.2584]
  [1932.469  1866.5367 1803.8463 1745.3174 1691.659  1643.3312 1600.5371
   1563.2423 1531.2231 1504.1266]
  [1915.6506 1851.733  1791.1246 1734.7544 1683.3231 1637.2562 1596.6931
   1561.516  1531.4116 1505.9495]
  [1901.251  1840.26   1782.5778 1729.0844 1680.4209 1636.9419 1598.7086
   1565.5277 1537.0262 1512.7379]
  [1890.1637 1832.8832 1778.8295 1728.7761 1683.2585 1642.5326 1606.5795
   1575.152  1547.8572 1524.242 ]
  [1883.3037 1830.2849 1780.3065 1733.9955 1691.7544 1653.7339 1619.8494
   1589.8346 1563.3193 1539.9067]
  [1881.389  1832.8616 1787.0657 1744.4689 1705.3427 1669.7533 1637.5844
   1608.5898 1582.4595 1558.8798]
  [1884.7166 1840.5367 1798.6578 1759.4072 1722.9603 1689.3422 1658.4495
   1630.093  1604.0443 1580.0795]
  [1893.0021 1852.6588 1814.0938 1777.5447 1743.1486 1710.9426 1680.88
   1652.851  1626.712  1602.3138]]

 [[2015.6354 1948.4039 1883.9988 1823.226  1766.7358 1715.0083 1668.3513
   1626.9084 1590.6753 1559.5199]
  [1997.9995 1931.0642 1867.1082 1807.0311 1751.5481 1701.1614 1656.1506
   1616.5846 1582.3499 1553.1915]
  [1981.8378 1916.0753 1853.3655 1794.6632 1740.7185 1692.0328 1648.8425
   1611.1373 1578.7032 1551.1837]
  [1967.6371 1903.9761 1843.3567 1786.7367 1734.856  1688.184  1646.9017
   1610.9255 1579.9667 1553.6073]
  [1956.0636 1895.3903 1837.6581 1783.7668 1734.3971 1689.9543 1650.5581
   1616.0718 1586.1722 1560.4338]
  [1947.8967 1890.9419 1836.7291 1786.0454 1739.4692 1697.3241 1659.6732
   1626.3589 1597.072  1571.4315]
  [1943.8705 1891.0975 1840.7587 1793.4945 1749.7625 1709.8052 1673.6525
   1641.1622 1612.0819 1586.1141]
  [1944.4528 1895.9727 1849.5095 1805.5563 1764.463  1726.4154 1691.4445
   1659.4573 1630.2842 1603.7272]
  [1949.6398 1905.1777 1862.23   1821.1754 1782.2959 1745.765  1711.6483
   1679.9238 1650.5095 1623.296 ]
  [1958.8463 1917.7805 1877.694  1838.9072 1801.6918 1766.2507 1732.7104
   1701.1233 1671.479  1643.7281]]

 [[2063.7397 1997.0941 1933.1367 1872.6971 1816.4563 1764.9276 1718.4489
   1677.1862 1641.1433 1610.1793]
  [2048.8774 1982.6606 1919.2347 1859.5157 1804.2445 1753.9535 1708.951
   1669.3271 1634.9774 1605.6418]
  [2035.7673 1970.8328 1908.6888 1850.2966 1796.427  1747.611  1704.1182
   1665.9673 1632.9657 1604.7666]
  [2024.8188 1962.0532 1901.967  1845.5151 1793.455  1746.2911 1704.251
   1667.3009 1635.1981 1607.5624]
  [2016.5713 1956.7924 1899.4719 1845.498  1795.5714 1750.1484 1709.4193
   1673.3297 1641.6381 1613.9902]
  [2011.618  1955.461  1901.4312 1850.3032 1802.6881 1758.984  1719.3599
   1683.7788 1652.0515 1623.9012]
  [2010.4486 1958.2572 1907.7605 1859.5972 1814.2803 1772.1589 1733.4049
   1698.0331 1665.9409 1636.9579]
  [2013.2454 1965.0007 1917.9417 1872.5828 1829.359  1788.5946 1750.4916
   1715.1355 1682.5215 1652.5852]
  [2019.7158 1975.0331 1930.9973 1888.0402 1846.5591 1806.8875 1769.2733
   1733.8757 1700.7721 1669.9797]
  [2029.0476 1987.2476 1945.5922 1904.487  1864.338  1825.5132 1788.3121
   1752.9492 1719.5542 1688.1855]]

 [[2114.7246 2049.25   1986.3018 1926.7147 1871.1857 1820.2488 1774.2625
   1733.4049 1697.6775 1666.9227]
  [2103.3008 2038.4286 1976.1184 1917.2777 1862.6531 1812.7916 1768.0206
   1728.4448 1693.9661 1664.32  ]
  [2093.8643 2030.3965 1969.3967 1911.804  1858.3842 1809.6829 1765.9949
   1727.3702 1693.6449 1664.4966]
  [2086.6895 2025.4304 1966.4102 1910.5463 1858.5897 1811.0675 1768.2534
   1730.175  1696.6548 1667.3746]
  [2082.1216 2023.7772 1967.313  1913.5742 1863.2626 1816.8783 1774.6917
   1736.7509 1702.9229 1672.9541]
  [2080.5063 2025.5759 1972.056  1920.6841 1872.092  1826.7552 1784.9634
   1746.8251 1712.298  1681.236 ]
  [2082.0469 2030.7328 1980.281  1931.3134 1884.3943 1839.9858 1798.4192
   1759.8859 1724.4563 1692.1067]
  [2086.6392 2038.8018 1991.2506 1944.5146 1899.1135 1855.515  1814.101
   1775.1486 1738.8306 1705.2317]
  [2093.7583 2048.9424 2003.874  1959.0339 1914.9298 1872.0511 1830.8268
   1791.5991 1754.6123 1720.0206]
  [2102.4707 2059.9998 2016.8452 1973.487  1930.4498 1888.2501 1847.3495
   1808.1217 1770.8378 1735.6764]]

 [[2168.232  2104.4688 2043.0613 1984.8326 1930.4777 1880.5344 1835.3636
   1795.1357 1759.833  1729.2675]
  [2160.8088 2097.8533 2037.2074 1979.7449 1926.1942 1877.0974 1832.7822
   1793.3545 1758.7155 1728.5975]
  [2155.5308 2094.1038 2034.7815 1978.4481 1925.8407 1877.4973 1833.7264
   1794.6046 1760.0017 1729.6337]
  [2152.4824 2093.2656 2035.7897 1980.9025 1929.3239 1881.5873 1838.0077
   1798.6798 1763.5076 1732.2565]
  [2151.7607 2095.3079 2040.09   1986.8818 1936.3662 1889.0781 1845.3705
   1805.4061 1769.181  1736.565 ]
  [2153.4233 2100.07   2047.3462 1995.9325 1946.4696 1899.5054 1855.4565
   1814.59   1777.0273 1742.7731]
  [2157.3818 2107.1848 2056.9712 2007.3334 1958.8798 1912.1832 1867.735
   1825.9125 1786.9679 1751.0376]
  [2163.284  2116.0088 2068.103  2020.1007 1972.5973 1926.1962 1881.4539
   1838.8394 1798.7074 1761.2985]
  [2170.4585 2125.6284 2079.6606 2033.0718 1986.4631 1940.4637 1895.6726
   1852.6085 1811.6836 1773.1959]
  [2177.9624 2134.9614 2090.4834 2045.0613 1999.3134 1953.882  1909.3744
   1866.3146 1825.1189 1786.0947]]

 [[2223.8047 2162.2227 2102.8345 2046.4318 1993.6886 1945.1222 1901.0684
   1861.6635 1826.8499 1796.3971]
  [2220.7979 2160.2454 2101.7402 2046.1003 1994.0112 1945.9832 1902.3212
   1863.1145 1828.2548 1797.4746]
  [2219.982  2161.0645 2103.863  2049.1816 1997.7012 1949.9305 1906.1744
   1866.5283 1830.9012 1799.0613]
  [2221.2065 2164.4482 2108.8955 2055.3044 2004.339  1956.5228 1912.204
   1871.5457 1834.5442 1801.067 ]
  [2224.291  2170.0635 2116.3896 2063.954  2013.404  1965.2987 1920.0702
   1878.0013 1839.2264 1803.7544]
  [2229.0015 2177.4675 2125.7583 2074.4858 2024.2872 1975.7761 1929.4917
   1885.8595 1845.1711 1807.5889]
  [2234.989  2186.0767 2136.267  2086.118  2036.2703 1987.3967 1940.1401
   1895.0575 1852.5828 1813.0135]
  [2241.7253 2195.1418 2147.0366 2097.941  2048.5117 1999.4703 1951.534
   1905.3513 1861.4541 1820.2391]
  [2248.4836 2203.7795 2157.0986 2108.9773 2060.0896 2011.1832 1963.007
   1916.2445 1871.4696 1829.1268]
  [2254.405  2211.0654 2165.5063 2118.2896 2070.1016 2021.6857 1973.7767
   1927.0391 1882.032  1839.1942]]

 [[2280.8977 2221.8804 2164.9116 2110.7363 2059.9824 2013.1171 1970.4188
   1931.9625 1897.6302 1867.1458]
  [2282.5437 2224.766  2168.775  2115.31   2064.9893 2018.2637 1975.3906
   1936.4258 1901.246  1869.593 ]
  [2286.2837 2230.205  2175.4412 2122.6953 2072.5698 2025.5231 1981.841
   1941.6323 1904.849  1871.326 ]
  [2291.7097 2237.6694 2184.2842 2132.2002 2082.0107 2034.2162 1989.1895
   1947.1617 1908.2273 1872.3682]
  [2298.3647 2246.543  2194.586  2143.08   2092.627  2043.8013 1997.1083
   1952.9469 1911.5917 1873.1952]
  [2305.7583 2256.1567 2205.5884 2154.5938 2103.8    2053.8772 2005.4762
   1959.172  1915.419  1874.5342]
  [2313.3472 2265.796  2216.5076 2166.0015 2114.9429 2064.0903 2014.2211
   1966.0554 1920.1953 1877.0928]
  [2320.5076 2274.7002 2226.5408 2176.5527 2125.4382 2074.018  2023.1481
   1973.637  1926.1792 1881.3175]
  [2326.5378 2282.0913 2234.8965 2185.4985 2134.6252 2083.1187 2031.8557
   1981.6664 1933.2733 1887.2584]
  [2330.7212 2287.2424 2240.8635 2192.1565 2141.853  2090.7773 2039.7711
   1989.6268 1941.0358 1894.5652]]

 [[2338.905  2282.7324 2228.484  2176.8376 2128.3481 2083.4028 2042.1926
   2004.7076 1970.7615 1940.0382]
  [2345.241  2290.4736 2237.2354 2186.169  2137.801  2092.501  2050.4585
   2011.6876 1976.0532 1943.3208]
  [2353.4136 2300.338  2248.171  2197.501  2148.8367 2102.5728 2058.9673
   2018.1421 1980.0985 1944.7498]
  [2362.7612 2311.5215 2260.3853 2209.8843 2160.5356 2112.809  2067.099
   2023.7043 1982.8184 1944.5402]
  [2372.5881 2323.1836 2272.9727 2222.4463 2172.1606 2122.7021 2074.6426
   2028.489  1984.6472 1943.4062]
  [2382.2136 2334.5151 2285.104  2234.4556 2183.1885 2132.0195 2081.6978
   2032.9297 1986.3163 1942.314 ]
  [2390.98   2344.7642 2296.043  2245.3022 2193.2278 2140.6494 2088.4575
   2037.5107 1988.5565 1942.1825]
  [2398.2454 2353.233  2305.1255 2254.4373 2201.9065 2148.434  2094.989
   2042.5134 1991.8395 1943.6375]
  [2403.3909 2359.2908 2311.7598 2261.3438 2208.8086 2155.0723 2101.1135
   2047.8854 1996.2375 1946.8716]
  [2405.86   2362.4111 2315.4539 2265.561  2213.4941 2160.1387 2106.4253
   2053.2524 2001.4298 1951.6364]]

 [[2397.187  2344.0269 2292.6748 2243.724  2197.6313 2154.6775 2114.9473
   2078.338  2044.6003 2013.3975]
  [2408.0464 2356.3745 2305.9707 2257.3677 2210.9836 2167.0933 2125.8145
   2087.1213 2050.8794 2016.8949]
  [2420.3237 2370.241  2320.6565 2272.0396 2224.802  2179.2725 2135.686
   2094.181  2054.816  2017.5903]
  [2433.1382 2384.6016 2335.6277 2286.6406 2238.0874 2190.413  2144.0347
   2099.3164 2056.5483 2015.9408]
  [2445.6199 2398.479  2349.8984 2300.2896 2250.1729 2200.1494 2150.8506
   2102.879  2056.7573 2012.8925]
  [2456.9807 2411.0217 2362.6733 2312.3638 2260.709  2208.4702 2156.4775
   2105.546  2056.396  2009.6   ]
  [2466.5303 2421.5212 2373.3345 2322.4353 2269.5305 2215.5083 2161.3481
   2108.0178 2056.3787 2007.1273]
  [2473.6702 2429.3955 2381.3901 2330.166  2276.4927 2221.33   2165.7358
   2110.753  2057.3208 2006.2104]
  [2477.8923 2434.17   2386.4368 2335.241  2281.3782 2225.8203 2169.625
   2113.8376 2059.4067 2007.1294]
  [2478.7998 2435.4963 2388.1643 2337.373  2283.9053 2228.691  2172.727
   2116.996  2062.3982 2009.7064]]]
"""
