raw_data = """
[[[3538.7124 3356.0208 3170.457  2984.7854 2801.8523 2624.4258 2455.025
   2295.7563 2148.188  2013.2917]
  [3564.8232 3383.667  3199.134  3014.0554 2831.3608 2653.8992 2484.251
   2324.5532 2176.3755 2040.6729]
  [3585.5972 3407.6287 3225.8853 3043.1826 2862.4397 2686.4949 2517.9038
   2358.7695 2210.6274 2074.4182]
  [3600.24   3427.085  3249.8992 3071.3848 2894.344  2721.492  2555.265
   2397.6655 2250.1729 2113.733 ]
  [3608.4724 3441.6016 3270.5898 3097.929  2926.1921 2757.8652 2595.1768
   2439.9817 2293.6963 2157.3066]
  [3610.6155 3451.211  3287.6626 3122.1702 2956.9885 2794.292  2636.052
   2483.957  2339.377  2203.3745]
  [3607.5059 3456.3325 3301.0535 3143.519  2985.6223 2829.2021 2675.9697
   2527.4678 2385.0493 2249.8765]
  [3600.2354 3457.5474 3310.7512 3161.3447 3010.8728 2860.8772 2712.86
   2568.265  2428.4573 2294.694 ]
  [3589.7964 3455.289  3316.5837 3174.8762 3031.4385 2887.602  2744.7432
   2604.2603 2467.5396 2335.8982]
  [3576.755  3449.6006 3318.0818 3183.1882 3046.0337 2907.85   2769.9685
   2633.777  2500.665  2371.9507]]

 [[3549.2632 3365.4473 3178.5073 2991.2864 2806.7231 2627.6873 2456.7964
   2296.2437 2147.6626 2012.0603]
  [3578.3052 3396.0537 3210.086  3023.3035 2838.7305 2659.3264 2487.787
   2326.3564 2176.6938 2039.8142]
  [3602.47   3423.4626 3240.2224 3055.6228 2872.6775 2694.3455 2523.322
   2361.8506 2211.5947 2073.5964]
  [3620.8303 3446.7039 3267.9412 3087.2854 2907.631  2731.832  2562.4963
   2401.8147 2251.4495 2112.5024]
  [3632.8977 3465.102  3292.3872 3117.2712 2942.421  2770.4834 2603.9062
   2444.7932 2294.8118 2155.1646]
  [3638.713  3478.3567 3312.898  3144.548  2975.6692 2808.6335 2645.688
   2488.8381 2339.7725 2199.8257]
  [3638.7644 3486.486  3328.9666 3168.0776 3005.8462 2844.3591 2685.6646
   2531.6853 2384.1443 2244.5083]
  [3633.7483 3489.6282 3340.1265 3186.7937 3031.3564 2875.6604 2721.5986
   2571.0361 2425.726  2287.2297]
  [3624.253  3487.8066 3345.8242 3199.606  3050.6672 2900.695  2751.4866
   2604.8645 2462.5815 2326.2239]
  [3610.5017 3480.7747 3345.3784 3205.4773 3062.4841 2918.0151 2773.8162
   2631.662  2493.253  2360.1116]]

 [[3555.5286 3371.407  3183.9685 2996.0908 2810.763  2630.9158 2459.2349
   2297.979  2148.8394 2012.8632]
  [3587.6797 3405.1643 3218.6362 3031.022  2845.3936 2664.7827 2491.9727
   2329.3042 2178.5261 2040.7285]
  [3615.4248 3436.1853 3252.2766 3066.582  2882.165  2702.074  2529.1272
   2365.7087 2213.6255 2074.0422]
  [3637.6628 3463.3003 3283.6895 3101.57   2919.8928 2741.6292 2569.5615
   2406.0867 2253.0757 2111.8135]
  [3653.6355 3485.5251 3311.6858 3134.6206 2957.0703 2781.8455 2611.633
   2448.82   2295.3574 2152.6873]
  [3663.0283 3502.1611 3335.1768 3164.2812 2991.941  2820.7524 2653.2754
   2491.8762 2338.5908 2195.034 ]
  [3665.9136 3512.771  3353.1978 3189.0862 3022.623  2856.1829 2692.1982
   2533.0083 2380.7195 2237.089 ]
  [3662.5574 3517.0557 3364.8728 3207.6328 3047.2861 2886.0278 2726.1794
   2570.0425 2419.747  2277.1228]
  [3653.176  3514.7075 3369.3936 3218.6775 3064.3582 2908.5103 2753.3647
   2601.156  2453.9683 2313.604 ]
  [3637.7698 3505.3486 3366.0583 3221.2717 3072.7231 2922.4182 2772.4978
   2625.085  2482.1367 2345.3284]]

 [[3556.8352 3373.1692 3186.0684 2998.405  2813.1768 2633.337  2461.605
   2300.2827 2151.1055 2015.1595]
  [3592.0776 3410.0588 3223.7964 3036.1987 2850.3428 2669.2954 2495.899
   2332.5728 2181.153  2042.8081]
  [3623.348  3444.595  3260.7883 3074.779  2889.641  2708.4817 2534.2227
   2369.3848 2215.92   2075.124 ]
  [3649.3325 3475.3633 3295.57   3112.6536 2929.5903 2749.4543 2575.1968
   2409.4253 2254.229  2111.0774]
  [3668.9626 3501.0315 3326.5847 3148.0896 2968.349  2790.3376 2616.9917
   2450.9924 2294.5771 2149.4175]
  [3681.5273 3520.474  3352.3162 3179.2463 3003.8494 2828.959  2657.4668
   2492.105  2335.2456 2188.752 ]
  [3686.6643 3532.816  3371.3953 3204.3328 3033.9976 2863.077  2694.397
   2530.7039 2374.4524 2227.6392]
  [3684.2427 3537.395  3382.661  3221.769  3056.918  2890.6675 2725.7566
   2564.8894 2410.5195 2264.6792]
  [3674.207  3533.7153 3385.2246 3230.35   3071.1855 2910.1829 2749.9697
   2593.1353 2442.0293 2298.6062]
  [3656.4895 3521.4473 3378.5479 3229.383  3075.9937 2920.7334 2766.0786
   2614.4307 2467.9377 2328.374 ]]

 [[3552.538  3370.0095 3184.0183 2997.3987 2813.119  2634.1162 2463.1106
   2302.4197 2153.8037 2018.3771]
  [3590.6323 3409.7756 3224.5327 3037.758  2852.4993 2671.8203 2498.594
   2335.2964 2183.833  2045.4435]
  [3625.101  3447.444  3264.4336 3078.858  2893.7717 2712.3125 2537.483
   2371.9216 2217.7114 2076.2666]
  [3654.4016 3481.3347 3301.9546 3118.9001 2935.1575 2753.8865 2578.1902
   2410.8706 2254.2134 2109.8486]
  [3677.1414 3509.767  3335.1848 3155.8235 2974.5444 2794.4805 2618.8042
   2450.4675 2291.9575 2145.13  ]
  [3692.2253 3531.2273 3362.2546 3187.505  3009.6875 2831.8743 2657.2686
   2488.929  2329.5044 2181.044 ]
  [3698.9065 3544.4885 3381.5178 3211.9895 3038.4678 2863.9429 2691.598
   2524.5247 2365.4502 2216.5334]
  [3696.7527 3548.6646 3391.6982 3227.7104 3059.1511 2888.9126 2720.0952
   2555.725  2398.4922 2250.5552]
  [3685.5706 3543.2288 3391.9924 3233.6565 3070.5874 2905.5596 2741.5195
   2581.3235 2427.5032 2282.1016]
  [3665.3694 3528.0374 3382.138  3229.464  3072.313  2913.3096 2755.1802
   2600.5193 2451.6    2310.25  ]]

 [[3542.074  3361.2754 3177.0916 2992.2917 2809.7834 2632.454  2462.9885
   2303.6865 2156.3047 2021.9661]
  [3582.565  3403.4326 3219.8813 3034.688  2850.842  2671.3726 2499.1506
   2336.674  2185.891  2048.0854]
  [3619.6592 3443.594  3261.995  3077.5725 2893.3386 2712.4363 2537.9172
   2372.5027 2218.3694 2077.0146]
  [3651.5913 3479.8267 3301.3972 3118.8782 2935.2527 2753.746  2577.5806
   2409.7078 2252.5566 2107.8647]
  [3676.6829 3510.1584 3335.9043 3156.3206 2974.3264 2793.1921 2616.285
   2446.764  2287.2927 2139.8403]
  [3693.5254 3532.7935 3363.4297 3187.6592 3008.3162 2828.6821 2652.2124
   2482.2078 2321.5012 2172.2407]
  [3701.0945 3546.295  3382.2234 3210.962  3035.2612 2858.3682 2683.7427
   2514.7192 2354.1943 2204.4014]
  [3698.7847 3549.7039 3391.0544 3224.8298 3053.7004 2880.825  2709.5654
   2543.1626 2384.443  2235.6172]
  [3686.391  3542.5889 3389.3132 3228.5217 3062.7986 2895.1555 2728.754
   2566.6172 2411.3755 2265.104 ]
  [3664.0847 3525.0476 3377.029  3221.9778 3062.3743 2901.023  2740.803
   2584.4202 2434.211  2292.026 ]]

 [[3525.0347 3346.4714 3164.7158 2982.4556 2802.5115 2627.6887 2460.5996
   2303.4858 2158.065  2025.437 ]
  [3567.297  3390.3545 3209.0894 3026.1875 2844.5586 2667.1692 2496.8474
   2336.0728 2186.7886 2050.289 ]
  [3606.268  3432.1946 3252.5588 3069.9878 2887.4375 2708.028  2534.8188
   2370.5593 2217.4634 2077.06  ]
  [3640.0042 3469.8655 3292.896  3111.6143 2928.9946 2748.296  2572.8079
   2405.5596 2249.046  2105.044 ]
  [3666.6245 3501.2124 3327.7798 3148.7153 2966.9905 2785.9734 2609.1548
   2439.8064 2280.6702 2133.746 ]
  [3684.5256 3524.3044 3355.0774 3179.113  2999.3586 2819.2476 2642.3936
   2472.225  2311.65   2162.8262]
  [3692.537  3537.654  3373.1016 3201.0586 3024.4297 2846.641  2671.3186
   2501.9182 2341.393  2191.9722]
  [3690.0059 3540.3533 3380.7788 3213.404  3041.0637 2867.089  2694.9895
   2528.1033 2369.2961 2220.7642]
  [3676.79   3532.1187 3377.7148 3215.6643 3048.6956 2879.9578 2712.7222
   2550.0781 2394.681  2248.5945]
  [3653.2314 3513.2588 3364.1594 3207.9834 3047.3113 2885.0354 2724.0972
   2567.2424 2416.8228 2274.6855]]

 [[3501.246  3325.3467 3146.5735 2967.5156 2790.8892 2619.384  2455.5032
   2301.3848 2158.664  2028.3853]
  [3544.5645 3370.199  3191.7485 3011.8044 2833.1772 2658.742  2491.242
   2333.085  2186.1602 2051.725 ]
  [3584.6025 3412.855  3235.6887 3055.6514 2875.6316 2698.694  2527.8535
   2365.822  2214.7812 2076.2322]
  [3619.3147 3451.0918 3276.0872 3096.776  2916.1113 2737.346  2563.7673
   2398.3953 2243.7021 2101.4326]
  [3646.7334 3482.712  3310.6436 3132.9243 2952.556  2772.95   2597.6274
   2429.8667 2272.385  2127.1318]
  [3665.1926 3505.804  3337.3433 3162.1362 2983.2063 2804.0632 2628.369
   2459.559  2300.5068 2153.3042]
  [3673.505  3518.9575 3354.6797 3182.9385 3006.7397 2829.5955 2655.1792
   2486.947  2327.8083 2179.92  ]
  [3671.0442 3521.3835 3361.776  3194.441  3022.3103 2848.7888 2677.4172
   2511.525  2353.9333 2206.7734]
  [3657.7522 3512.9302 3358.4023 3196.336  3029.529  2861.1729 2694.5488
   2532.7312 2378.338  2233.3853]
  [3634.083  3494.026  3344.914  3188.844  3028.423  2866.551  2706.1587
   2549.9697 2400.3132 2259.0151]]

 [[3470.8362 3297.9734 3122.6736 2947.4238 2774.8118 2607.385  2447.4941
   2297.1338 2157.815  2030.4923]
  [3514.5046 3343.0493 3167.89   2991.5193 2816.6372 2645.9934 2482.2026
   2327.549  2183.8135 2052.1743]
  [3554.8616 3385.739  3211.5183 3034.6729 2858.0105 2684.504  2517.0662
   2358.3035 2210.2964 2074.4646]
  [3589.8562 3423.8381 3251.308  3074.707  2896.9487 2721.2297 2550.7612
   2388.465  2236.7095 2097.1416]
  [3617.552  3455.2424 3285.125  3109.607  2931.692  2754.7673 2582.2913
   2417.4448 2262.829  2120.279 ]
  [3636.3406 3478.1836 3311.1858 3137.7217 2960.8477 2784.0637 2610.975
   2444.916  2288.6333 2144.0947]
  [3645.0986 3491.4026 3328.216  3157.8752 2983.425  2808.3708 2636.3254
   2470.6433 2314.1086 2168.7556]
  [3643.2625 3494.2358 3335.5144 3169.3826 2998.7986 2827.1475 2657.907
   2494.3083 2339.064  2194.1997]
  [3630.8228 3486.6038 3332.9333 3172.017  3006.652  2839.9922 2675.2527
   2515.4224 2363.0352 2220.0337]
  [3608.2654 3468.9492 3320.8157 3165.9573 3006.9512 2846.64   2687.8884
   2533.3533 2385.3079 2245.5396]]

 [[3434.272  3264.774  3093.3855 2922.4788 2754.4958 2591.8147 2436.599
   2290.662  2155.3574 2031.5249]
  [3477.684  3309.438  3137.997  2965.7551 2795.2834 2629.179  2469.887
   2319.5186 2179.705  2051.5098]
  [3517.7727 3351.5608 3180.7312 3007.6873 2835.1384 2665.9287 2502.8162
   2348.2395 2204.123  2071.7603]
  [3552.5757 3389.0664 3219.513  3046.3232 2872.3489 2700.6802 2534.3796
   2376.2    2228.338  2092.297 ]
  [3580.2834 3420.0466 3252.4707 3079.9712 2905.5159 2732.4016 2563.9407
   2403.1333 2252.3965 2113.4065]
  [3599.422  3442.945  3278.1067 3107.3154 2933.6067 2760.396  2591.1404
   2428.989  2276.4985 2135.4727]
  [3608.9724 3456.6777 3295.3757 3127.4421 2955.903  2784.175  2615.725
   2453.7273 2300.7856 2158.7793]
  [3608.426  3460.674  3303.697  3139.801  2971.914  2803.3267 2637.3772
   2477.1367 2325.1606 2183.3438]
  [3597.772  3454.8596 3302.922  3144.1577 2981.3125 2817.4426 2655.6365
   2498.75   2349.196  2208.8223]
  [3577.449  3439.6023 3293.2903 3140.568  2983.9382 2826.1428 2669.9382
   2517.8794 2372.1602 2234.513 ]]]
"""
