raw_data = """
[[[1870.3748 1800.989  1734.8188 1672.5886 1614.864  1562.0465 1514.3779
   1471.9568 1434.7582 1402.6588]
  [1847.3326 1777.8325 1711.7645 1649.9541 1593.039  1541.449  1495.409
   1454.9572 1419.9772 1390.2396]
  [1825.2343 1756.4697 1691.3087 1630.6481 1575.171  1525.3168 1481.276
   1443.0162 1410.3264 1382.8739]
  [1804.594  1737.4865 1674.1102 1615.3893 1562.0137 1514.399  1472.6832
   1436.7557 1406.3152 1380.9415]
  [1786.1709 1721.6393 1660.9202 1604.9104 1554.2579 1509.3207 1470.1632
   1436.5948 1408.2391 1384.6145]
  [1770.9336 1709.8065 1652.5128 1599.8662 1552.4274 1510.463  1473.9517
   1442.6311 1416.0741 1393.7731]
  [1759.9336 1702.8606 1649.5542 1600.7032 1556.7446 1517.8372 1483.8756
   1454.5454 1429.4016 1407.9492]
  [1754.1124 1701.4781 1652.4299 1607.5056 1567.0079 1530.9912 1499.2876
   1471.5634 1447.3916 1426.3258]
  [1754.0758 1705.9393 1661.0754 1619.8722 1582.5138 1548.9816 1519.0824
   1492.5026 1468.8684 1447.804 ]
  [1759.9036 1715.9719 1674.8711 1636.8687 1602.074  1570.4431 1541.8058
   1515.9058 1492.4453 1471.1254]]

 [[1915.364  1845.0724 1777.9269 1714.7195 1656.0795 1602.4631 1554.1575
   1511.2908 1473.8529 1441.7181]
  [1893.4783 1823.109  1756.0889 1693.3165 1635.4976 1583.1207 1536.4537
   1495.5592 1460.3263 1430.5092]
  [1872.8008 1803.2313 1737.1523 1675.5367 1619.1403 1568.462  1523.7357
   1484.9493 1451.8898 1424.2017]
  [1853.8756 1786.056  1721.8065 1662.1252 1607.7761 1559.2379 1516.6914
   1480.0465 1449.0011 1423.1136]
  [1837.4718 1772.3418 1710.795  1653.7974 1602.0691 1556.0323 1515.8002
   1481.2103 1451.8954 1427.3651]
  [1824.5295 1762.9171 1704.8228 1651.1208 1602.4412 1559.1191 1521.1927
   1488.4443 1460.4762 1436.7964]
  [1816.0123 1758.5302 1704.4004 1654.3638 1608.9264 1568.3246 1532.5305
   1501.2994 1474.2437 1450.9114]
  [1812.6919 1759.6436 1709.6652 1663.3424 1621.0544 1582.9503 1548.963
   1518.8562 1492.2883 1468.8805]
  [1814.9164 1766.2415 1720.2318 1677.3324 1637.8207 1601.7942 1569.1859
   1539.8033 1513.3768 1489.6105]
  [1822.4471 1777.7148 1735.1482 1695.0935 1657.776  1623.2905 1591.611
   1562.6125 1536.1052 1511.8689]]

 [[1964.1036 1893.5033 1825.9264 1762.2184 1703.0629 1648.9702 1600.2728
   1557.1334 1519.5588 1487.4205]
  [1944.1348 1873.5294 1806.121  1742.8625 1684.5173 1631.6292 1584.5104
   1543.2533 1507.757  1477.7653]
  [1925.6415 1855.9163 1789.4805 1727.3612 1670.373  1619.0717 1573.7362
   1534.384  1500.8109 1472.6504]
  [1909.1549 1841.2605 1776.6669 1716.4211 1661.3464 1611.9806 1568.5562
   1531.0188 1499.0826 1472.3053]
  [1895.3975 1830.2609 1768.349  1710.67   1658.0033 1610.8369 1569.3464
   1533.4211 1502.7295 1476.8024]
  [1885.2152 1823.6267 1765.0927 1710.5234 1660.6099 1615.7648 1576.1082
   1541.4991 1511.6039 1485.9801]
  [1879.4153 1821.9146 1767.1924 1716.0232 1668.9819 1626.4001 1588.357
   1554.7155 1525.1821 1499.3827]
  [1878.5371 1825.3226 1774.5026 1726.7051 1682.3945 1641.8369 1605.1001
   1572.0814 1542.5587 1516.2491]
  [1882.6389 1833.5248 1786.3312 1741.564  1699.608  1660.7018 1624.9327
   1592.2568 1562.5338 1535.5686]
  [1891.1791 1845.622  1801.4681 1759.1517 1719.0277 1681.3469 1646.2434
   1613.7393 1583.7653 1556.1934]]

 [[2016.4729 1946.1888 1878.7623 1815.0737 1755.8512 1701.6506 1652.8485
   1609.6389 1572.0431 1539.9254]
  [1999.1909 1929.0186 1861.8308 1798.6123 1740.1677 1687.0863 1639.7223
   1598.1976 1562.4222 1532.1316]
  [1983.6396 1914.4478 1848.266  1786.1459 1728.9404 1677.2518 1631.4042
   1591.4479 1557.1969 1528.2858]
  [1970.283  1902.9899 1838.6279 1778.2609 1722.7489 1672.6807 1628.3427
   1589.7301 1556.5924 1528.5105]
  [1959.7301 1895.2086 1833.432  1775.418  1721.9851 1673.6836 1630.7625
   1593.1858 1560.6875 1532.8518]
  [1952.6611 1891.62   1833.0325 1777.8168 1726.7109 1680.2097 1638.5337
   1601.6503 1569.326  1541.2032]
  [1949.6576 1892.5294 1837.4639 1785.2489 1736.5249 1691.7301 1651.0764
   1614.5665 1582.0386 1553.228 ]
  [1950.9865 1897.8478 1846.2998 1797.0021 1750.5073 1707.2156 1667.353
   1630.9792 1598.021  1568.3171]
  [1956.4194 1906.9739 1858.6064 1811.8813 1767.297  1725.2435 1685.9791
   1649.6283 1616.1979 1585.6138]
  [1965.1749 1918.8124 1873.037  1828.3679 1785.291  1744.2133 1705.4327
   1669.1256 1635.3556 1604.1002]]

 [[2072.2444 2002.8992 1936.2167 1873.0925 1814.2844 1760.3834 1711.798
   1668.7437 1631.2454 1599.1503]
  [2058.379  1989.3093 1922.9663 1860.3394 1802.255  1749.3315 1701.9537
   1660.2651 1624.1836 1593.4363]
  [2046.4626 1978.4935 1913.1902 1851.5957 1794.577  1742.7646 1696.5175
   1655.9198 1620.8109 1590.8391]
  [2036.831  1970.8099 1907.2643 1847.2391 1791.6036 1740.9822 1695.713
   1655.8484 1621.195  1591.3816]
  [2029.9116 1966.6106 1905.4711 1847.4851 1793.4863 1744.0764 1699.5848
   1660.0692 1625.3588 1595.1234]
  [2026.149  1966.1531 1907.8969 1852.2765 1800.061  1751.8231 1707.9003
   1668.392  1633.1986 1602.0801]
  [2025.8506 1969.458  1914.3038 1861.1688 1810.7498 1763.5951 1720.0664
   1680.3314 1644.3884 1612.1108]
  [2029.001  1976.1674 1924.0336 1873.2789 1824.5396 1778.3535 1735.1177
   1695.0732 1658.3168 1624.8307]
  [2035.1324 1985.4834 1936.018  1887.3494 1840.0824 1794.758  1751.8091
   1711.5355 1674.1077 1639.5876]
  [2043.3248 1996.241  1948.9131 1901.9329 1855.9012 1811.3706 1768.7965
   1728.5115 1690.7213 1655.5248]]

 [[2131.0732 2063.2551 1997.8932 1935.8802 1877.9832 1824.8094 1776.7795
   1734.1104 1696.8107 1664.6981]
  [2121.2615 2053.9243 1989.028  1927.5399 1870.2814 1817.878  1770.7245
   1728.97   1692.5317 1661.1294]
  [2113.546  2047.4404 1983.6094 1923.0544 1866.6256 1814.9575 1768.4286
   1727.1504 1690.9917 1659.6324]
  [2108.0757 2043.9364 1981.7526 1922.5133 1867.0673 1816.0529 1769.8514
   1728.579  1692.1151 1660.1646]
  [2105.0347 2043.4895 1983.4462 1925.8358 1871.4807 1821.0212 1774.8666
   1733.1824 1695.9176 1662.859 ]
  [2104.5845 2046.0605 1988.4854 1932.7037 1879.4968 1829.5095 1783.2001
   1740.8187 1702.423  1667.9187]
  [2106.7407 2051.391  1996.3906 1942.4944 1890.4407 1840.8856 1794.3452
   1751.1663 1711.5261 1675.4579]
  [2111.2358 2058.9136 2006.3613 1954.2628 1903.3273 1854.2233 1807.5188
   1763.6434 1722.8757 1685.3574]
  [2117.442  2067.7397 2017.3173 1966.822  1916.9496 1868.3778 1821.706
   1777.4137 1735.8407 1697.1982]
  [2124.4155 2076.7598 2028.044  1978.9108 1930.0526 1882.1473 1835.7971
   1791.4885 1749.5768 1710.2938]]

 [[2192.4907 2126.7278 2063.2192 2002.836  1946.332  1894.3036 1847.1534
   1805.07   1768.024  1735.7911]
  [2187.2256 2122.1738 2059.2654 1999.4187 1943.4216 1891.8765 1845.1597
   1803.4073 1766.5256 1734.2323]
  [2184.0964 2120.3987 2058.5544 1999.4929 1944.0154 1892.7324 1846.0217
   1804.0132 1766.611  1733.5436]
  [2183.014  2121.2532 2060.8845 2002.8093 1947.8271 1896.5667 1849.4426
   1806.636  1768.1152 1733.6854]
  [2183.8813 2124.5068 2065.9258 2008.9832 1954.4656 1903.0363 1855.1805
   1811.1798 1771.1207 1734.93  ]
  [2186.5615 2129.8257 2073.2068 2017.4808 1963.4224 1911.7384 1863.0059
   1817.6323 1775.8467 1737.7173]
  [2190.8022 2136.7207 2082.0796 2027.5938 1974.0304 1922.1414 1872.5923
   1825.9104 1782.4592 1742.4421]
  [2196.1453 2144.503  2091.7058 2038.4307 1985.4435 1933.5289 1883.4155
   1835.7172 1790.8966 1749.2601]
  [2201.8975 2152.2998 2101.106  2048.98   1996.6866 1945.0228 1894.741
   1846.4907 1800.7836 1757.9829]
  [2207.191  2159.155  2109.2793 2058.2324 2006.7756 1955.6895 1905.708
   1857.4663 1811.4694 1768.0887]]

 [[2255.9165 2192.65   2131.4553 2073.1594 2018.4758 1967.9558 1921.9489
   1880.5836 1843.7719 1811.2433]
  [2255.505  2193.1775 2132.6958 2074.904  2020.5255 1970.1061 1923.9766
   1882.239  1844.7843 1811.3402]
  [2257.125  2196.237  2136.7666 2079.5427 2025.289  1974.566  1927.7313
   1884.9265 1846.0983 1811.0447]
  [2260.4207 2201.3726 2143.1304 2086.4846 2032.1611 1980.7632 1932.7268
   1888.2999 1847.5515 1810.4058]
  [2265.0059 2208.0518 2151.1655 2095.0874 2040.5544 1988.2404 1938.7001
   1892.3333 1849.3715 1809.8934]
  [2270.4734 2215.6953 2160.2026 2104.6917 2049.92   1996.646  1945.5573
   1897.2147 1852.0192 1810.2054]
  [2276.3584 2223.663  2169.5234 2114.6074 2059.7002 2005.6354 1953.2151
   1903.1372 1855.944  1812.006 ]
  [2282.0962 2231.2402 2178.3528 2124.092  2069.2668 2014.7592 1961.4417
   1910.0964 1861.36   1815.6985]
  [2287.0112 2237.6567 2185.8867 2132.3677 2077.916  2023.4258 1969.783
   1917.7933 1868.1268 1821.297 ]
  [2290.3774 2242.1582 2191.372  2138.6965 2084.9365 2030.9587 1977.6115
   1925.6648 1875.7668 1828.426 ]]

 [[2320.6782 2260.2441 2201.7197 2145.8672 2093.3281 2044.5728 1999.8645
   1959.2455 1922.5602 1889.5011]
  [2325.21   2265.9026 2208.1465 2152.6885 2100.158  2051.0166 2005.5271
   1963.7467 1925.556  1890.7097]
  [2331.5015 2273.65   2216.771  2161.5752 2108.6877 2058.6003 2011.6399
   1967.9592 1927.5582 1890.3198]
  [2338.9277 2282.733  2226.751  2171.651  2118.0735 2066.5864 2017.6434
   1971.5605 1928.5127 1888.5537]
  [2346.846  2292.3726 2237.2495 2182.1128 2127.643  2074.52   2023.3633
   1974.6848 1928.858  1886.1134]
  [2354.6372 2301.8252 2247.501  2192.285  2136.917  2082.1968 2028.9121
   1977.763  1929.3085 1883.9408]
  [2361.708  2310.3955 2256.8154 2201.5923 2145.523  2089.5103 2034.4735
   1981.2593 1930.5695 1882.9257]
  [2367.4639 2317.424  2264.5537 2209.4941 2153.084  2096.2864 2040.092
   1985.4285 1933.0834 1883.6652]
  [2371.313  2322.293  2270.1216 2215.46   2159.1606 2102.1943 2045.5586
   1990.1901 1936.899  1886.3307]
  [2372.7012 2324.4653 2273.007  2218.9995 2163.2798 2106.7778 2050.4375
   1995.1462 1941.6779 1890.6636]]

 [[2386.0435 2328.6528 2273.0225 2219.8257 2169.6033 2122.716  2079.3164
   2039.3522 2002.6053 1968.751 ]
  [2395.3765 2339.2205 2284.3179 2231.2998 2180.6821 2132.826  2087.916
   2045.9688 2006.868  1970.4156]
  [2406.025  2351.2422 2296.981  2243.8247 2192.2927 2142.8042 2095.6558
   2051.019  2008.956  1969.4478]
  [2417.125  2363.721  2309.9438 2256.3438 2203.4802 2151.8882 2102.042
   2054.3254 2009.0195 1966.3038]
  [2427.8381 2375.7168 2322.2622 2268.0166 2213.6157 2159.7446 2107.0845
   2056.248  2007.738  1961.9205]
  [2437.42   2386.423  2333.1836 2278.2603 2222.3804 2166.382  2111.1372
   2057.4648 2006.0571 1957.44  ]
  [2445.2302 2395.1787 2342.1292 2286.6758 2229.6272 2171.9424 2114.6348
   2058.6702 2004.88   1953.9117]
  [2450.7168 2401.438  2348.6365 2292.9429 2235.2207 2176.493  2117.8447
   2060.315  2004.8123 1952.06  ]
  [2453.4053 2404.7524 2352.3164 2296.754  2238.9446 2179.9146 2120.746
   2062.478  2006.0317 1952.1594]
  [2452.915  2404.7825 2352.8613 2297.8186 2240.5098 2181.9116 2123.0422
   2064.879  2008.2974 1954.0311]]]
"""
