raw_data = """
[[[1820.7621 1749.1265 1680.924  1616.892  1557.6019 1503.458  1454.7003
   1411.4241 1373.5992 1341.0956]
  [1796.4019 1724.4691 1656.198  1592.4331 1533.8232 1480.805  1433.6061
   1392.2638 1356.6603 1326.5597]
  [1773.0323 1701.653  1634.1157 1571.344  1514.0403 1462.656  1417.3903
   1378.2148 1344.9194 1317.1661]
  [1751.1803 1681.2827 1615.362  1554.3774 1499.0464 1449.8068 1406.811
   1369.9584 1338.9503 1313.3586]
  [1731.6184 1664.1364 1600.7178 1542.3047 1489.5831 1442.9419 1402.468
   1367.9854 1339.12   1315.3767]
  [1715.3282 1651.115  1590.9917 1535.828  1486.2323 1442.5116 1404.6738
   1372.4722 1345.4779 1323.1616]
  [1703.3773 1643.1163 1586.8883 1535.4451 1489.281  1448.6008 1413.3317
   1383.1724 1357.6691 1336.2947]
  [1696.7272 1640.8488 1588.8354 1541.2943 1498.5895 1460.8245 1427.8601
   1399.3701 1374.9097 1353.9907]
  [1696.0105 1644.6285 1596.8136 1553.0248 1513.5082 1478.289  1447.1965
   1419.9152 1396.0446 1375.1608]
  [1701.343  1654.2227 1610.243  1569.741  1532.8802 1499.6526 1469.8993
   1443.3527 1419.6812 1398.5359]]

 [[1867.8295 1795.0127 1725.5527 1660.2634 1599.7898 1544.5996 1494.9856
   1451.0791 1412.8679 1380.22  ]
  [1844.4656 1771.3724 1701.8544 1636.8407 1577.0604 1523.0183 1474.9929
   1433.052  1397.0837 1366.8358]
  [1822.338  1749.8501 1681.0931 1617.0804 1558.6003 1506.1753 1460.055
   1420.2358 1386.5046 1358.495 ]
  [1802.0121 1731.0925 1663.9971 1601.7762 1545.2357 1494.8865 1450.9324
   1413.2936 1381.6654 1355.589 ]
  [1784.2816 1715.8937 1651.3578 1591.7018 1537.6998 1489.8154 1448.1892
   1412.6694 1382.8807 1358.3054]
  [1770.1168 1705.1245 1643.934  1587.4934 1536.4949 1491.3226 1452.0446
   1418.4503 1390.1254 1366.5378]
  [1760.5151 1699.578  1642.2958 1589.4893 1541.7344 1499.3184 1462.2405
   1430.2568 1402.9521 1379.8232]
  [1756.2864 1699.7666 1646.6384 1597.5721 1553.017  1513.1693 1477.9825
   1447.2114 1420.4775 1397.3418]
  [1757.8209 1705.7211 1656.6274 1611.0675 1569.3823 1531.7085 1497.9893
   1468.0131 1441.4657 1417.9893]
  [1764.9202 1716.8715 1671.3441 1628.7583 1589.3923 1553.3677 1520.6569
   1491.1086 1464.4847 1440.5049]]

 [[1918.9878 1845.5897 1775.4128 1709.334  1648.0651 1592.1377 1541.9001
   1497.5245 1459.0199 1426.2522]
  [1897.4016 1823.7828 1753.5782 1687.784  1627.2002 1572.399  1523.7134
   1481.2465 1444.898  1414.4022]
  [1877.3011 1804.356  1734.9382 1670.1307 1610.7948 1557.523  1510.6206
   1470.1157 1435.8021 1407.2952]
  [1859.2466 1787.9479 1720.2085 1657.1459 1599.6414 1548.2787 1503.3193
   1464.7191 1432.1827 1405.2378]
  [1844.0011 1775.3094 1710.125  1649.5378 1594.3976 1545.2446 1502.285
   1465.4137 1434.2781 1408.3649]
  [1832.4578 1767.212  1705.3287 1647.8108 1595.427  1548.6456 1507.6143
   1472.1887 1442.0021 1416.5519]
  [1825.4763 1764.2777 1706.1923 1652.0924 1602.6342 1558.2018 1518.8949
   1484.5612 1454.8619 1429.3529]
  [1823.6526 1766.7676 1712.6376 1661.9879 1615.358  1573.0598 1535.1698
   1501.5599 1471.9535 1445.9922]
  [1827.0952 1774.4069 1724.0195 1676.5288 1632.384  1591.8558 1555.0295
   1521.8273 1492.0493 1465.4281]
  [1835.3    1786.3252 1739.1436 1694.2662 1652.098  1612.9082 1576.818
   1543.8107 1513.7601 1486.4713]]

 [[1974.1553 1900.8159 1830.5128 1764.169  1702.5521 1646.2527 1595.6726
   1551.0234 1512.332  1479.4578]
  [1955.1521 1881.6937 1811.4226 1745.3801 1684.4215 1629.1783 1580.0358
   1537.132  1500.3796 1469.5002]
  [1937.8737 1865.1813 1795.7279 1730.6371 1670.8254 1616.9463 1569.3566
   1528.1228 1493.0522 1463.7527]
  [1922.8232 1851.8458 1784.0577 1720.6105 1662.44   1610.1935 1564.1927
   1524.4404 1490.6688 1462.4149]
  [1910.6642 1842.3207 1777.0131 1715.8599 1659.7665 1609.3448 1564.8761
   1526.3218 1493.3824 1465.5809]
  [1902.1416 1837.2021 1775.0421 1716.6902 1662.9755 1614.4528 1571.3671
   1533.6702 1501.079  1473.1593]
  [1897.907  1836.8767 1778.2692 1722.9847 1671.7523 1625.0629 1583.1405
   1545.9591 1513.2943 1484.7976]
  [1898.2941 1841.3257 1786.3359 1734.092  1685.2249 1640.1747 1599.1667
   1562.2222 1529.199  1499.8502]
  [1903.1279 1849.993  1798.3419 1748.8333 1702.0287 1658.3445 1618.027
   1581.1552 1547.6687 1517.4131]
  [1911.6536 1861.7941 1812.93   1765.6587 1720.5121 1677.9097 1638.13
   1601.3029 1567.4303 1536.4203]]

 [[2033.135  1960.505  1890.6923 1824.6464 1763.176  1706.9191 1656.3201
   1611.6198 1572.8523 1539.859 ]
  [2017.4932 1944.8978 1875.2117 1809.4944 1748.6362 1693.3118 1643.9463
   1600.7054 1563.5095 1532.0671]
  [2003.783  1932.0708 1863.2391 1798.4181 1738.5535 1684.3397 1636.1779
   1594.1685 1558.14   1527.706 ]
  [1992.3892 1922.4475 1855.2332 1791.8945 1733.3927 1680.4207 1633.3563
   1592.2568 1556.9021 1526.865 ]
  [1983.8041 1916.463  1851.5764 1790.2526 1733.4246 1681.7642 1635.6313
   1595.0743 1559.8761 1529.633 ]
  [1978.5515 1914.4679 1852.4596 1793.5452 1738.5938 1688.242  1642.8452
   1602.4779 1566.9775 1536.0167]
  [1977.0201 1916.5726 1857.7363 1801.4143 1748.3955 1699.2797 1654.4333
   1613.9845 1577.8588 1545.837 ]
  [1979.2648 1922.4858 1866.807  1813.0197 1761.8395 1713.8398 1669.4097
   1628.7432 1591.8608 1558.655 ]
  [1984.8643 1931.4415 1878.6152 1827.0948 1777.5469 1730.5338 1686.4707
   1645.6084 1608.0459 1573.7638]
  [1992.9099 1942.2639 1891.783  1842.1357 1793.968  1747.8418 1704.1907
   1663.2994 1625.3118 1590.2572]]

 [[2095.5996 2024.3082 1955.5989 1890.4286 1829.627  1773.8585 1723.5898
   1679.0685 1640.3167 1607.1447]
  [2084.0156 2012.9601 1944.5039 1879.6953 1819.4329 1764.4087 1715.066
   1671.5815 1633.873  1601.6385]
  [2074.5051 2004.4677 1936.9001 1872.904  1813.4204 1759.1576 1710.5425
   1667.7029 1630.493  1598.5504]
  [2067.271  1999.0356 1932.994  1870.2516 1811.7592 1758.2318 1710.0928
   1667.4595 1630.1775 1597.8884]
  [2062.5713 1996.8318 1932.879  1871.7722 1814.4409 1761.5981 1713.6826
   1670.8445 1632.9792 1599.7921]
  [2060.651  1997.9132 1936.455  1877.2527 1821.1913 1768.9791 1721.0884
   1677.7375 1638.9152 1604.4357]
  [2061.6108 2002.1084 1943.3246 1886.1404 1831.3872 1779.77   1731.8046
   1687.7937 1647.8387 1611.8789]
  [2065.248  2008.906  1952.728  1897.5106 1844.0403 1793.0197 1745.005
   1700.377  1659.338  1621.9415]
  [2070.9702 2017.433  1963.5774 1910.1453 1857.8928 1807.5184 1759.6041
   1714.5801 1672.7174 1634.1482]
  [2077.8281 2026.5503 1974.6053 1922.7113 1871.6061 1821.9783 1774.4097
   1729.343  1687.0739 1647.7688]]

 [[2161.0835 2091.706  2024.6803 1960.9474 1901.3328 1846.498  1796.8997
   1752.7615 1714.0688 1680.591 ]
  [2154.1143 2085.208  2018.5767 1955.2277 1896.0353 1841.6753 1792.5796
   1748.9122 1710.5806 1677.2778]
  [2149.257  2081.5024 2015.7734 1953.1068 1894.4031 1840.353  1791.3842
   1747.6433 1709.017  1675.1886]
  [2146.478  2080.513  2016.1593 1954.4404 1896.263  1842.3368 1793.1166
   1748.7837 1709.2692 1674.3124]
  [2145.7534 2082.0981 2019.5049 1958.9485 1901.3258 1847.3734 1797.6034
   1752.2797 1711.4327 1674.9092]
  [2147.0288 2086.0144 2025.4305 1966.1849 1909.1554 1855.1105 1804.639
   1758.1157 1715.7009 1677.376 ]
  [2150.1284 2091.8457 2033.3529 1975.4885 1919.1111 1865.0182 1813.8762
   1766.1692 1722.1881 1682.048 ]
  [2154.6494 2098.9453 2042.4565 1985.9694 1930.325  1876.3412 1824.7379
   1776.0829 1730.7689 1689.0203]
  [2159.921  2106.4414 2051.7397 1996.5717 1941.7631 1888.1322 1836.4186
   1787.228  1741.009  1698.0537]
  [2165.058  2113.3394 2060.1436 2006.2152 1952.3615 1899.3782 1847.985
   1798.7781 1752.21   1708.5922]]

 [[2228.9868 2162.0178 2097.1875 2035.399  1977.4414 1923.9366 1875.2914
   1831.6725 1793.0078 1759.0223]
  [2226.9995 2160.7417 2096.433  2035.0109 1977.2885 1923.8899 1875.2017
   1831.356  1792.2448 1757.5713]
  [2227.0205 2162.0159 2098.5745 2037.6351 1980.023  1926.3796 1877.113
   1832.3804 1792.1115 1756.0607]
  [2228.7434 2165.45   2103.1558 2042.7732 1985.1354 1930.9238 1880.6145
   1834.455  1792.4781 1754.5469]
  [2231.848  2170.5898 2109.6401 2049.8672 1992.1149 1937.1267 1885.4845
   1837.5708 1793.5657 1753.4751]
  [2235.998  2176.9297 2117.4294 2058.3203 2000.459  1944.6624 1891.6309
   1841.8967 1795.7987 1753.4948]
  [2240.7935 2183.8867 2125.85   2067.4697 2009.6168 1953.172  1898.9396
   1847.5804 1799.5742 1755.214 ]
  [2245.711  2190.7734 2134.1353 2076.5608 2018.9309 1962.163  1907.1254
   1854.5624 1805.0507 1758.984 ]
  [2250.0884 2196.8125 2141.4556 2084.7734 2027.6428 1970.984  1915.6757
   1862.4888 1812.0398 1764.7784]
  [2253.1807 2201.2144 2147.0063 2091.309  2034.9778 1978.8966 1923.9073
   1870.7506 1820.0289 1772.1969]]

 [[2298.5935 2234.4204 2172.1948 2112.756  2056.8232 2004.9381 1957.4209
   1914.3531 1875.5968 1840.8413]
  [2301.7266 2238.4695 2176.8384 2117.6726 2061.6914 2009.4333 1961.2153
   1917.1248 1877.0447 1840.7094]
  [2306.592  2244.623  2183.7427 2124.7686 2068.4246 2015.2802 1965.7101
   1919.8839 1877.7863 1839.2644]
  [2312.6045 2252.1797 2192.129  2133.2378 2076.2488 2021.8035 1970.3942
   1922.3378 1877.7797 1836.7207]
  [2319.1711 2260.419  2201.2222 2142.3354 2084.5413 2028.5841 1975.1102
   1924.6193 1877.4429 1833.7506]
  [2325.7305 2268.6526 2210.3052 2151.4263 2092.8467 2035.4238 1979.9596
   1927.1335 1877.4547 1831.2509]
  [2331.7358 2276.2256 2218.7173 2159.9453 2100.7888 2042.1967 1985.0952
   1930.3044 1878.4752 1830.0653]
  [2336.6274 2282.497  2225.821  2167.3403 2107.9644 2048.6924 1990.5188
   1934.3433 1880.9048 1830.7513]
  [2339.8198 2286.8423 2231.003  2173.0486 2113.894  2054.539  1995.9813
   1939.1321 1884.7593 1833.4524]
  [2340.7476 2288.6992 2233.7144 2176.539  2118.0618 2059.2373 2001.0096
   1944.2439 1889.6769 1837.8943]]

 [[2369.103  2307.9817 2248.6306 2191.7988 2138.1018 2087.9683 2041.6068
   1999.0026 1959.9568 1924.1461]
  [2377.2441 2317.1655 2258.3857 2201.6245 2147.4827 2096.3936 2048.5928
   2004.1272 1962.885  1924.6547]
  [2386.6597 2327.8025 2269.5513 2212.5898 2157.5278 2104.8574 2054.92
   2007.9045 1963.8643 1922.7517]
  [2396.5098 2338.9302 2281.1018 2223.6826 2167.3257 2112.6338 2060.1174
   2010.1661 1963.0399 1918.878 ]
  [2405.992  2349.647  2292.1313 2234.0981 2176.2732 2119.4038 2064.1973
   2011.2622 1961.0703 1913.9417]
  [2414.4004 2359.1829 2301.9185 2243.2744 2184.062  2125.1733 2067.4998
   2011.8468 1958.8713 1909.0488]
  [2421.131  2366.9055 2309.9038 2250.8198 2190.54   2130.0698 2070.4348
   2012.5851 1957.314  1905.217 ]
  [2425.658  2372.2852 2315.6277 2256.4077 2195.557  2134.1387 2073.246
   2013.9012 1956.9762 1903.1451]
  [2427.519  2374.8755 2318.6938 2259.7139 2198.8748 2137.237  2075.8884
   2015.8529 1958.0176 1903.0902]
  [2426.3328 2374.3267 2318.7788 2260.4287 2200.1833 2139.0493 2078.0488
   2018.1459 1960.1876 1904.8682]]]
"""
