raw_data = """
[[[2219.7305 2148.0457 2078.5098 2011.943  1949.0355 1890.3309 1836.2145
   1786.914  1742.506  1702.9324]
  [2211.8486 2141.476  2073.3906 2008.462  1947.4052 1890.7506 1838.8309
   1791.784  1749.5745 1712.0288]
  [2204.183  2136.1184 2070.4614 2008.0916 1949.7059 1895.7819 1846.5626
   1802.0707 1762.1464 1726.5072]
  [2196.991  2132.2537 2070.0293 2011.1509 1956.2416 1905.6765 1859.5718
   1817.815  1780.1251 1746.1353]
  [2190.7917 2130.3345 2072.467  2017.9146 1967.1656 1920.4434 1877.7074
   1838.7057 1803.0608 1770.364 ]
  [2186.3535 2130.956  2078.1692 2028.5502 1982.4037 1939.7659 1900.4309
   1864.028  1830.1232 1798.3223]
  [2184.5784 2134.7441 2087.4429 2043.0231 2001.578  1962.953  1926.8
   1892.6731 1860.1377 1828.8641]
  [2186.2966 2142.1685 2100.3555 2060.9856 2023.951  1988.9414 1955.5206
   1923.23   1891.6888 1860.668 ]
  [2192.029  2153.3394 2116.586  2081.7012 2048.4268 2016.3661 1985.0707
   1954.1335 1923.2694 1892.361 ]
  [2201.7822 2167.8584 2135.3462 2104.045  2073.6265 2043.6959 2013.8687
   1983.8412 1953.4423 1922.651 ]]

 [[2241.5142 2169.654  2099.9333 2033.2115 1970.2158 1911.5172 1857.5204
   1808.46   1764.4092 1725.298 ]
  [2235.3135 2164.8662 2096.6628 2031.6115 1970.4576 1913.7562 1861.8552
   1814.8965 1772.8407 1735.5022]
  [2229.748  2161.7227 2096.0076 2033.5109 1974.9548 1920.8373 1871.4161
   1826.7217 1786.5973 1750.762 ]
  [2225.0688 2160.4902 2098.247  2039.186  1983.9493 1932.9298 1886.2642
   1843.8618 1805.4681 1770.7446]
  [2221.7417 2161.5488 2103.6597 2048.797  1997.4619 1949.8982 1906.1034
   1865.8762 1828.9016 1794.8413]
  [2220.421  2165.3442 2112.4604 2062.309  2015.2043 1971.2192 1930.2152
   1891.9147 1855.9951 1822.1777]
  [2221.817  2172.268  2124.687  2079.3984 2036.5161 1995.9504 1957.4636
   1920.7526 1885.5436 1851.6606]
  [2226.493  2182.4768 2140.0674 2099.3794 2060.351  2022.7793 1986.3866
   1950.9042 1916.1469 1882.0593]
  [2234.6357 2195.723  2157.9233 2121.1875 2085.3442 2050.1523 2015.3638
   1980.7913 1946.3567 1912.1127]
  [2245.9043 2211.2703 2177.1692 2143.464  2109.9636 2076.4673 2042.8159
   2008.9293 1974.829  1940.6381]]

 [[2264.3965 2192.931  2123.5708 2057.1958 1994.5552 1936.2369 1882.6589
   1834.0623 1790.518  1751.9464]
  [2260.4062 2190.4756 2122.7073 2058.0205 1997.1749 1940.7388 1889.0701
   1842.3191 1800.4487 1763.2736]
  [2257.4702 2190.0713 2124.8271 2062.644  2004.2495 1950.153  1900.6268
   1855.7208 1815.3003 1779.1067]
  [2255.7913 2191.9214 2130.1257 2071.2354 2015.891  1964.501  1917.2328
   1874.0414 1834.7275 1799.0139]
  [2255.7275 2196.27   2138.7212 2083.7747 2031.9292 1983.4597 1938.4238
   1896.7084 1858.1018 1822.3726]
  [2257.752  2203.3477 2150.5874 2099.9746 2051.8335 2006.2944 1963.326
   1922.7902 1884.5204 1848.3864]
  [2262.3196 2213.2537 2165.4512 2119.2095 2074.6755 2031.8619 1990.688
   1951.0431 1912.8517 1876.113 ]
  [2269.6758 2225.8047 2182.7053 2140.4902 2099.1729 2058.7002 2018.9988
   1980.0287 1941.8232 1904.5078]
  [2279.6694 2240.4214 2201.376  2162.5225 2123.814  2085.201  2046.6685
   2008.269  1970.1365 1932.4855]
  [2291.6626 2256.1187 2220.1973 2183.8513 2147.0537 2109.8203 2072.2273
   2034.4161 1996.5911 1959.0043]]

 [[2288.1123 2217.587  2149.1177 2083.5864 2021.7452 1964.1891 1911.3414
   1863.4445 1820.5674 1782.62  ]
  [2286.7952 2217.9473 2151.1501 2087.308  2027.1765 1971.3231 1920.1115
   1873.7007 1832.0634 1795.0228]
  [2286.9243 2220.71   2156.445  2095.0051 2037.1038 1983.2507 1933.7343
   1888.6337 1847.8528 1811.1743]
  [2288.609  2225.9585 2165.0496 2106.6702 2051.4424 1999.7864 1951.9117
   1907.8401 1867.4559 1830.5675]
  [2292.043  2233.7402 2176.8625 2122.049  2069.7896 2020.3965 1974.0121
   1930.6434 1890.2152 1852.6257]
  [2297.46   2244.0188 2191.574  2140.58   2091.3738 2044.1669 1999.0653
   1956.1084 1915.3137 1876.7158]
  [2305.0132 2256.5732 2208.6006 2161.3643 2115.0645 2069.8442 2025.8143
   1983.0865 1941.8002 1902.1344]
  [2314.6191 2270.899  2227.0508 2183.1985 2139.456  2095.9478 2052.829
   2010.3036 1968.6254 1928.0913]
  [2325.8281 2286.1592 2245.7627 2204.6875 2163.03   2120.948  2078.6665
   2036.4725 1994.7019 1953.7177]
  [2337.8037 2301.246  2263.4336 2224.4226 2184.3564 2143.4612 2102.0356
   2060.4243 2018.9952 1978.1182]]

 [[2312.356  2243.271  2176.1877 2111.972  2051.3633 1994.9508 1943.1515
   1896.2026 1854.1631 1816.9296]
  [2314.0771 2246.8254 2181.493  2118.949  2059.9233 2004.9708 1954.4525
   1908.5344 1867.2001 1830.2869]
  [2317.576  2253.042  2190.2166 2129.9214 2072.8354 2019.4587 1970.0952
   1924.8586 1883.7037 1846.4684]
  [2322.8257 2261.8335 2202.2012 2144.6494 2089.7678 2037.9856 1989.5618
   1944.602  1903.091  1864.9379]
  [2329.809  2273.0063 2217.0845 2162.6157 2110.0737 2059.8174 2012.09
   1967.038  1924.7394 1885.234 ]
  [2338.4841 2286.2302 2234.2695 2183.0034 2132.7886 2083.9326 2036.6995
   1991.3201 1948.007  1906.9583]
  [2348.6917 2300.981  2252.9058 2204.7163 2156.6787 2109.0825 2062.2441
   2016.5018 1972.206  1929.7045]
  [2360.05   2316.495  2271.9143 2226.4565 2180.3477 2133.8977 2087.4897
   2041.5608 1996.5707 1952.9729]
  [2371.8906 2331.7876 2290.0713 2246.8599 2202.394  2157.0303 2111.2158
   2065.4521 2020.2551 1976.1228]
  [2383.2915 2345.75   2306.158  2264.67   2221.5825 2177.3083 2132.3374
   2087.192  2042.3862 1998.3973]]

 [[2336.8003 2269.59   2204.336  2141.8691 2082.9038 2028.0057 1977.5719
   1931.8198 1890.7875 1854.3488]
  [2341.8025 2276.5842 2213.149  2152.3113 2094.7578 2041.0162 1991.4341
   1946.1753 1905.2324 1868.4567]
  [2348.8237 2286.3794 2225.3855 2166.5903 2110.623  2057.9631 2008.9244
   1963.6575 1922.1705 1884.3615]
  [2357.6648 2298.6772 2240.6448 2184.2036 2129.901  2078.1724 2029.3295
   1983.5651 1940.9711 1901.562 ]
  [2368.0735 2313.0273 2258.2979 2204.3809 2151.7334 2100.7642 2051.8223
   2005.1989 1961.1239 1919.7753]
  [2379.7273 2328.8213 2277.4993 2226.1133 2175.0454 2124.704  2075.5122
   2027.889  1982.2296 1938.8838]
  [2392.1853 2345.287  2297.2166 2248.2134 2198.6167 2148.8628 2099.463
   2050.965  2003.9113 1958.7981]
  [2404.834  2361.4963 2316.294  2269.4077 2221.1758 2172.0781 2122.7056
   2073.7017 2025.7059 1979.3087]
  [2416.8787 2376.423  2333.557  2288.4648 2241.5166 2193.24   2144.2737
   2095.3042 2047.0039 1999.9907]
  [2427.4119 2389.0515 2347.9458 2304.3306 2258.624  2211.3906 2163.2778
   2114.9585 2067.0754 2020.2092]]

 [[2361.1165 2296.1423 2233.0962 2172.7632 2115.8142 2062.775  2014.0032
   1969.6769 1929.7975 1894.2076]
  [2369.513  2306.6768 2245.495  2186.7117 2130.9553 2078.7104 2030.2959
   1985.8624 1945.403  1908.7814]
  [2380.0566 2320.0103 2261.1565 2204.1562 2149.5774 2097.8684 2049.3442
   2004.1864 1962.4521 1924.1011]
  [2392.356  2335.6182 2279.4297 2224.3372 2170.8403 2119.3755 2070.3018
   2023.8948 1980.3473 1939.7737]
  [2405.9272 2352.8074 2299.453  2246.2847 2193.745  2142.2886 2092.3662
   2044.3992 1998.7582 1955.7428]
  [2420.201  2370.7476 2320.208  2268.8916 2217.209  2165.6638 2114.8232
   2065.273  2017.5664 1972.1825]
  [2434.5142 2388.5034 2340.582  2290.9873 2240.1296 2188.576  2137.007
   2086.1506 2036.7087 1989.3022]
  [2448.1033 2405.078  2359.444  2311.4175 2261.4333 2210.1196 2158.237
   2106.6023 2056.0051 2007.1504]
  [2460.133  2419.485  2375.7375 2329.1304 2280.1372 2229.4253 2177.7876
   2126.0623 2075.0552 2025.4894]
  [2469.7708 2430.8481 2388.5852 2343.275  2295.4282 2245.7227 2194.9324
   2143.8545 2093.2476 2043.7876]]

 [[2385.002  2322.5483 2262.02   2204.1426 2149.5273 2098.64   2051.7764
   2009.0552 1970.4253 1935.6914]
  [2396.784  2336.5842 2277.9253 2221.469  2167.7727 2117.2605 2070.2075
   2026.7375 1986.8364 1950.3787]
  [2410.7156 2353.2705 2296.7717 2241.7866 2188.812  2138.2568 2090.428
   2045.5264 2003.6533 1964.8245]
  [2426.2192 2371.8713 2317.6865 2264.1226 2211.6304 2160.6406 2111.5518
   2064.71   2020.395  1978.81  ]
  [2442.6094 2391.4993 2339.643  2287.3945 2235.1836 2183.505  2132.894
   2083.8843 2036.9614 1992.5284]
  [2459.1277 2411.1807 2361.5447 2310.4985 2258.4807 2206.0774 2153.975
   2102.8945 2053.5164 2006.424 ]
  [2474.966  2429.9065 2382.293  2332.3687 2280.6064 2227.6826 2174.414
   2121.6694 2070.2769 2020.957 ]
  [2489.289  2446.6895 2400.8499 2352.0186 2300.711  2247.6719 2193.7974
   2140.0364 2087.2983 2036.3806]
  [2501.2751 2460.6294 2416.3042 2368.5833 2318.0205 2265.3892 2211.6023
   2157.6162 2104.3462 2052.604 ]
  [2510.192  2470.99   2427.9421 2381.3804 2331.88   2280.2036 2227.2227
   2173.8362 2120.9    2069.1792]]

 [[2408.208  2348.484  2290.7053 2235.5266 2183.4824 2134.9565 2090.1633
   2049.145  2011.7888 1977.8638]
  [2423.2595 2365.856  2309.8943 2255.9463 2204.4854 2155.8623 2110.2964
   2067.875  2028.5717 1992.2742]
  [2440.3457 2385.5986 2331.5679 2278.725  2227.494  2178.2358 2131.2417
   2086.724  2044.821  2005.5989]
  [2458.7236 2406.8025 2354.6887 2302.7576 2251.4124 2201.0771 2152.1775
   2105.1172 2060.2458 2017.8412]
  [2477.5588 2428.4575 2378.1528 2326.9453 2275.254  2223.6084 2172.6113
   2122.882  2074.9966 2029.438 ]
  [2495.9744 2449.5298 2400.8762 2350.2744 2298.1914 2245.2803 2192.3198
   2140.1318 2089.4907 2041.058 ]
  [2513.0913 2469.0137 2421.844  2371.8394 2319.5269 2265.6685 2211.1836
   2157.0422 2104.1655 2053.3452]
  [2528.0586 2485.9824 2440.1465 2390.8333 2338.623  2284.349  2229.0059
   2173.6406 2119.2476 2066.6948]
  [2540.1013 2499.6335 2455.0107 2406.5535 2354.8762 2300.831  2245.4185
   2189.683  2134.623  2081.1191]
  [2548.5818 2509.351  2465.85   2418.4397 2367.7402 2314.5771 2259.8936
   2204.6677 2149.835  2096.2324]]

 [[2430.5571 2373.6965 2318.8132 2266.4785 2217.1335 2171.0647 2128.3906
   2089.0708 2052.933  2019.7202]
  [2448.6775 2394.1345 2340.9412 2289.5737 2240.413  2193.7314 2149.6865
   2108.3281 2069.6208 2033.4685]
  [2468.6135 2416.558  2365.0012 2314.3237 2264.8767 2216.9756 2170.8916
   2126.847  2085.009  2045.4917]
  [2489.4985 2439.9429 2389.8706 2339.5864 2289.4536 2239.8896 2191.3433
   2144.2598 2099.0447 2056.0342]
  [2510.408  2463.2317 2414.453  2364.335  2313.296  2261.8938 2210.7822
   2160.6438 2112.118  2065.7458]
  [2530.4143 2485.4019 2437.7476 2387.709  2335.782  2282.6743 2229.2314
   2176.3435 2124.8484 2075.459 ]
  [2548.6257 2505.5093 2458.8677 2408.9817 2356.4265 2302.0308 2246.7827
   2191.7212 2137.8245 2085.9302]
  [2564.2166 2522.7107 2477.0369 2427.5127 2374.7725 2319.7144 2263.3994
   2206.938  2151.38   2097.6355]
  [2576.4692 2536.2998 2491.6008 2442.7268 2390.3398 2335.3489 2278.813
   2221.8364 2165.4712 2110.6455]
  [2584.8267 2545.7488 2502.0596 2454.141  2402.649  2348.4507 2292.542
   2235.955  2179.6816 2124.6147]]]
"""
