raw_data = """
[[[1705.9198 1630.4901 1559.0331 1492.2913 1430.8276 1375.0256 1325.1
   1281.1146 1243.0078 1210.6163]
  [1679.4492 1603.423  1531.6307 1464.9313 1403.9692 1349.1647 1300.7196
   1258.6443 1222.7905 1192.8911]
  [1654.102  1578.3284 1506.9967 1441.0559 1381.2124 1327.9072 1281.3202
   1241.3999 1207.9092 1180.4763]
  [1630.4164 1555.8322 1485.8461 1421.4562 1363.3972 1312.1067 1267.727
   1230.1389 1199.0183 1173.8981]
  [1609.1691 1536.729  1468.9908 1406.9509 1351.328  1302.5245 1260.6276
   1225.4471 1196.5798 1173.4812]
  [1591.3429 1521.9386 1457.2773 1398.3005 1345.6655 1299.7073 1260.4421
   1227.6106 1200.7456 1179.2524]
  [1578.0109 1512.3832 1451.4585 1396.0757 1346.7928 1303.8533 1267.1953
   1236.4996 1211.2607 1190.8687]
  [1570.155  1508.8132 1452.0278 1400.5042 1354.6785 1314.6953 1280.423
   1251.5037 1227.4266 1207.6035]
  [1568.4541 1511.6096 1459.0492 1411.3333 1368.779  1331.4458 1299.1572
   1271.551  1248.1448 1228.4049]
  [1573.0966 1520.6251 1472.0361 1427.7615 1388.0248 1352.8352 1322.0109
   1295.2207 1272.0406 1252.0098]]

 [[1755.63   1678.3915 1605.0542 1536.4587 1473.2609 1415.9257 1364.733
   1319.7915 1281.06   1248.3701]
  [1729.7507 1651.9062 1578.2251 1509.675  1447.0038 1390.7183 1341.0852
   1298.1497 1261.7693 1231.6516]
  [1705.2101 1627.6499 1554.4491 1486.6754 1425.1461 1370.394  1322.6602
   1281.9188 1247.9231 1220.2588]
  [1682.6036 1606.3131 1534.5121 1468.3231 1408.5964 1355.8619 1310.3202
   1271.8695 1240.1638 1214.6816]
  [1662.7566 1588.7388 1519.2733 1455.4786 1398.19   1347.9001 1304.7512
   1268.5657 1238.9133 1215.1957]
  [1646.6742 1575.8541 1509.5706 1448.8795 1394.5486 1347.0006 1306.3049
   1272.216  1244.2476 1221.7634]
  [1635.3992 1568.5199 1506.0652 1448.9769 1397.9154 1353.2086 1314.8513
   1282.5496 1255.7971 1233.9663]
  [1629.7994 1567.3278 1509.052  1455.7688 1408.0112 1366.0094 1329.6992
   1298.7678 1272.7283 1251.0039]
  [1630.3433 1572.3992 1518.2965 1468.6825 1423.9708 1384.3164 1349.6261
   1319.604  1293.8171 1271.7668]
  [1636.9215 1583.2542 1532.9622 1486.5685 1444.4031 1406.5836 1373.028
   1343.4884 1317.6053 1294.9646]]

 [[1810.0654 1731.6051 1656.9014 1586.8839 1522.2999 1463.7003 1411.4374
   1365.6715 1326.3853 1293.4037]
  [1785.5807 1706.5366 1631.4974 1561.5289 1497.4777 1439.9414 1389.2577
   1345.515  1308.5796 1278.135 ]
  [1762.6531 1683.9413 1609.4028 1540.2091 1477.284  1421.2534 1372.4272
   1330.8145 1296.1638 1268.0227]
  [1741.8967 1664.5299 1591.4236 1523.8062 1462.6372 1408.5415 1361.786
   1322.2971 1289.718  1263.4847]
  [1724.1385 1649.1411 1578.408  1513.1606 1454.342  1402.5403 1357.9625
   1320.459  1289.5935 1264.7332]
  [1710.3477 1638.6476 1571.1221 1508.923  1452.9211 1403.6334 1361.1982
   1325.4076 1295.7844 1271.6812]
  [1701.472  1633.7822 1570.071  1511.367  1458.4287 1411.6808 1371.1973
   1336.7401 1307.8381 1283.8821]
  [1698.2029 1634.9185 1575.2997 1520.2228 1470.3193 1425.9242 1387.0677
   1353.5171 1324.848  1300.5312]
  [1700.7491 1641.883  1586.2577 1534.6019 1487.436  1445.0295 1407.4023
   1374.3584 1345.5479 1320.5376]
  [1708.6936 1653.8757 1601.7963 1553.0715 1508.1486 1467.2726 1430.483
   1397.6423 1368.4799 1342.6523]]

 [[1869.243  1790.2162 1714.739  1643.8145 1578.2738 1518.7523 1465.6759
   1419.2562 1379.4974 1346.2128]
  [1847.0122 1767.4716 1691.6984 1620.8353 1555.8181 1497.3303 1445.7808
   1401.3009 1363.7665 1332.834 ]
  [1826.5521 1747.4186 1672.1753 1602.072  1538.1229 1481.0413 1431.2054
   1388.6617 1353.16   1324.2174]
  [1808.4446 1730.7297 1656.9293 1588.348  1526.035  1470.7036 1422.6881
   1381.9521 1348.1426 1320.6733]
  [1793.4536 1718.1665 1646.7184 1580.4017 1520.2472 1466.932  1420.735
   1381.5535 1348.9696 1322.3499]
  [1782.4413 1710.4718 1642.1604 1578.7224 1521.116  1469.95   1425.4468
   1387.464  1355.5706 1329.1494]
  [1776.1879 1708.18   1643.5408 1583.3573 1528.4763 1479.4244 1436.3779
   1399.1908 1367.4688 1340.6661]
  [1775.1531 1711.4038 1650.6287 1593.7648 1541.5392 1494.4022 1452.5072
   1415.7383 1383.7749 1356.1753]
  [1779.267  1719.6781 1662.5892 1608.8004 1558.9387 1513.4039 1472.3531
   1435.7222 1403.2788 1374.688 ]
  [1787.8379 1731.9479 1678.0552 1626.863  1578.9369 1534.6584 1494.2064
   1457.5745 1424.6082 1395.0593]]

 [[1933.0557 1854.1587 1778.5586 1707.3115 1641.3187 1581.2894 1527.7137
   1480.8447 1440.6969 1407.0602]
  [1913.945  1834.663  1758.8472 1687.6909 1622.1976 1563.1223 1510.9329
   1465.7958 1427.5894 1395.9443]
  [1896.7965 1818.0309 1742.7882 1672.3628 1607.8323 1549.9783 1499.2369
   1455.6881 1419.0885 1388.9384]
  [1882.0977 1804.8214 1731.0083 1661.9979 1598.899  1542.4929 1493.175
   1450.9531 1415.4968 1386.2281]
  [1870.4752 1795.6372 1724.0856 1657.141  1595.8904 1541.0835 1493.0741
   1451.8248 1416.9703 1387.9199]
  [1862.6074 1791.0099 1722.4117 1658.0502 1598.9423 1545.7821 1498.8882
   1458.2146 1423.4192 1393.965 ]
  [1859.0403 1791.2203 1726.0112 1664.5243 1607.6752 1556.0938 1510.079
   1469.6135 1434.4259 1404.0806]
  [1859.9684 1796.1075 1734.392  1675.7952 1621.1287 1570.9657 1525.6049
   1485.0822 1449.2214 1417.7084]
  [1865.062  1804.9648 1746.5166 1690.5713 1637.857  1588.9095 1544.0416
   1503.3486 1466.7477 1434.0331]
  [1873.4375 1816.5945 1760.9346 1707.2322 1656.1632 1608.2452 1563.8077
   1522.9938 1485.7876 1452.0626]]

 [[2001.2435 1923.1831 1848.1401 1777.2028 1711.3198 1651.2528 1597.5331
   1550.4323 1509.9558 1475.8583]
  [1986.0682 1907.8113 1832.6758 1761.8733 1696.4443 1637.1877 1584.6058
   1538.8813 1499.8867 1467.23  ]
  [1972.993  1895.3928 1820.883  1750.7611 1686.1304 1627.8097 1576.2708
   1531.6195 1493.6256 1461.7948]
  [1962.3461 1886.2938 1813.1648 1744.2867 1680.7859 1623.4812 1572.8167
   1528.8494 1491.2968 1459.6271]
  [1954.5433 1880.8755 1809.8345 1742.7179 1680.6299 1624.3699 1574.3639
   1530.6609 1492.9869 1460.8422]
  [1950.008  1879.3942 1811.0001 1746.0408 1685.5598 1630.3226 1580.7539
   1536.935  1498.6573 1465.5117]
  [1949.0107 1881.8489 1816.4214 1753.8276 1695.0304 1640.758  1591.4485
   1547.2455 1508.0426 1473.556 ]
  [1951.481  1887.8359 1825.4069 1765.1761 1708.025  1654.6497 1605.5099
   1560.8214 1520.587  1484.6509]
  [1956.8896 1896.5002 1836.836  1778.7853 1723.1633 1670.6407 1621.6963
   1576.605  1535.4576 1498.204 ]
  [1964.2697 1906.6305 1849.3192 1793.1605 1738.9243 1687.258  1638.6454
   1593.3915 1551.6393 1513.4022]]

 [[2073.3794 1996.8336 1923.0234 1853.0414 1787.8542 1728.2404 1674.7367
   1627.6007 1586.804  1552.0579]
  [2062.834  1986.3298 1912.5795 1842.7759 1777.9576 1718.9261 1666.1844
   1619.907  1579.9525 1545.9167]
  [2054.4355 1978.7413 1905.6602 1836.4467 1772.1837 1713.6875 1661.4373
   1615.555  1575.8354 1541.8209]
  [2048.2883 1974.168  1902.3636 1834.1417 1770.5985 1712.5566 1660.4923
   1614.5192 1574.431  1539.786 ]
  [2044.5372 1972.6672 1902.6802 1835.8041 1773.1187 1715.448  1663.2885
   1616.7946 1575.8214 1540.0063]
  [2043.3093 1974.1884 1906.4204 1841.1564 1779.4357 1722.0812 1669.6305
   1622.3164 1580.1016 1542.7462]
  [2044.5901 1978.4662 1913.1218 1849.6149 1788.9321 1731.8944 1679.0875
   1630.8392 1587.2374 1548.1813]
  [2048.0854 1984.9242 1921.9929 1860.2612 1800.6636 1744.0135 1690.9385
   1641.849  1596.9474 1556.2588]
  [2053.1536 1992.6693 1931.9579 1871.9197 1813.4432 1757.3253 1704.2112
   1654.5642 1608.6631 1566.6273]
  [2058.8557 2000.6012 1941.809  1883.3336 1826.0201 1770.6354 1717.8134
   1668.027  1621.5862 1578.6584]]

 [[2148.858  2074.4407 2002.4911 1934.0773 1870.1432 1811.4407 1758.4661
   1711.4264 1670.2394 1634.5734]
  [2143.4514 2069.3354 1997.5975 1929.374  1865.6548 1807.1985 1754.47
   1707.613  1666.4713 1630.6515]
  [2140.1018 2066.9302 1995.8636 1928.0696 1864.5643 1806.1196 1753.1963
   1705.9275 1664.1495 1627.477 ]
  [2138.6418 2067.0073 1997.034  1929.8813 1866.576  1807.9122 1754.386
   1706.1771 1663.1835 1625.0931]
  [2138.913  2069.2979 2000.7662 1934.4388 1871.3391 1812.2964 1757.8752
   1708.3523 1663.7402 1623.8486]
  [2140.7437 2073.4604 2006.6136 1941.2642 1878.4241 1818.9633 1763.5334
   1712.534  1666.1207 1624.2467]
  [2143.8684 2079.0256 2013.978  1949.7228 1887.2561 1827.4811 1771.1328
   1718.7296 1670.5664 1626.7389]
  [2147.8408 2085.3398 2022.0784 1958.998  1897.0726 1837.2234 1780.2386
   1726.7256 1677.0881 1631.539 ]
  [2151.999  2091.5774 2029.9912 1968.1388 1906.9647 1847.3799 1790.187
   1736.032  1685.381  1638.5242]
  [2155.5264 2096.835  2036.7649 1976.1816 1915.9891 1857.0577 1800.1614
   1745.9344 1694.8527 1647.2377]]

 [[2226.9082 2155.1304 2085.5737 2019.2476 1957.0298 1899.5967 1847.3605
   1800.4473 1758.7113 1721.7942]
  [2226.9043 2155.6658 2086.428  2020.2311 1957.9723 1900.3254 1847.6846
   1800.151  1757.5635 1719.5679]
  [2228.6917 2158.4707 2089.8252 2023.7987 1961.3019 1903.0306 1849.4117
   1800.5908 1756.4683 1716.7644]
  [2231.809  2162.9966 2095.159  2029.321  1966.4102 1907.1747 1852.1259
   1801.5193 1755.3788 1713.5499]
  [2235.8032 2168.6733 2101.804  2036.1884 1972.778  1912.3967 1855.6782
   1803.0289 1754.6326 1710.4869]
  [2240.2444 2174.937  2109.1462 2043.8322 1979.9714 1918.4729 1860.1
   1805.4185 1754.7788 1708.3315]
  [2244.686  2181.205  2116.5586 2051.6785 1987.5619 1925.187  1865.425
   1808.9772 1756.3359 1707.7887]
  [2248.6152 2186.844  2123.3691 2059.1    1995.0403 1932.2031 1871.5226
   1813.7847 1759.5808 1709.3018]
  [2251.4316 2191.1729 2128.8723 2065.4185 2001.7992 1939.0201 1878.0225
   1819.6157 1764.4373 1712.938 ]
  [2252.4995 2193.5288 2132.3975 2069.97   2007.1937 1945.0238 1884.3561
   1825.9689 1770.4896 1718.384 ]]

 [[2306.62   2237.852  2171.0732 2107.1987 2046.9995 1991.0331 1939.5968
   1892.7217 1850.208  1811.6945]
  [2311.9966 2243.933  2177.4868 2113.5684 2052.9487 1996.187  1943.5928
   1895.2275 1850.9452 1810.4603]
  [2318.7002 2251.625  2185.5784 2121.4565 2060.0432 2001.9452 1947.553
   1897.0378 1850.3816 1807.4341]
  [2325.9907 2260.0815 2194.4512 2129.9763 2067.4795 2007.6604 1951.0482
   1897.9834 1848.6259 1802.987 ]
  [2333.1697 2268.5098 2203.299  2138.4048 2074.7063 2013.0254 1954.0621
   1898.3513 1846.2441 1797.9205]
  [2339.6248 2276.2217 2211.4585 2146.2031 2081.4014 2017.9971 1956.8551
   1898.6923 1844.0369 1793.219 ]
  [2344.8198 2282.6233 2218.376  2152.9526 2087.353  2022.6166 1959.7333
   1899.559  1842.7596 1789.7898]
  [2348.257  2287.1807 2223.555  2158.2603 2092.3237 2026.8319 1962.8385
   1901.2769 1842.8978 1788.2444]
  [2349.4568 2289.401  2226.529  2161.7175 2095.9849 2030.41   1966.0435
   1903.8301 1844.5487 1788.7871]
  [2347.985  2288.8623 2226.89   2162.925  2097.9424 2032.962  1968.9763
   1906.8809 1847.4297 1791.212 ]]]
"""
