raw_data = """
[[[1958.7384 1893.3724 1830.8824 1771.9681 1717.1802 1666.9104 1621.3953
   1580.7311 1544.8914 1513.7538]
  [1938.9473 1873.8752 1811.8788 1753.7448 1700.081  1651.2955 1607.5972
   1569.0114 1535.413  1506.5681]
  [1920.0128 1856.0903 1795.4045 1738.7955 1686.8989 1640.1147 1598.6022
   1562.3026 1530.987  1504.3167]
  [1902.407  1840.5477 1782.0474 1727.7522 1678.283  1633.9961 1594.9774
   1561.0753 1531.9631 1507.2169]
  [1886.8455 1827.9435 1772.4767 1721.2429 1674.7979 1633.415  1597.0864
   1565.5674 1538.4529 1515.2676]
  [1874.2527 1819.0906 1767.3771 1719.8065 1676.8215 1638.5824 1604.9775
   1575.6831 1550.2476 1528.1858]
  [1865.6364 1814.7944 1767.3214 1723.7654 1684.4261 1649.3376 1618.2955
   1590.9243 1566.767  1545.3715]
  [1861.8904 1815.6628 1772.6007 1733.0857 1697.2708 1665.0786 1636.2435
   1610.3809 1587.07   1565.9254]
  [1863.5684 1821.9058 1783.0632 1747.2662 1714.5471 1684.7598 1657.6268
   1632.8013 1609.9337 1588.7236]
  [1870.6941 1833.1858 1798.0208 1765.3073 1735.0114 1706.9792 1680.976
   1656.7325 1633.9912 1612.5354]]

 [[1998.4004 1932.5616 1869.5524 1810.1256 1754.8795 1704.2456 1658.4918
   1617.7318 1581.9448 1551.002 ]
  [1980.0104 1914.5332 1852.0654 1793.4486 1739.3392 1690.1863 1646.2261
   1607.497  1573.8721 1545.1031]
  [1962.7838 1898.5448 1837.4374 1780.3552 1727.9834 1680.7614 1638.8752
   1602.2778 1570.7366 1543.8972]
  [1947.2091 1885.14   1826.2644 1771.4774 1721.4462 1676.5677 1636.9565
   1602.4779 1572.8098 1547.5226]
  [1933.9901 1874.9897 1819.1782 1767.391  1720.2268 1678.0024 1640.748
   1608.25   1580.128  1555.9241]
  [1923.9934 1868.825  1816.7563 1768.5078 1724.5641 1685.1354 1650.167
   1619.3916 1592.4128 1568.7936]
  [1918.106  1867.2904 1819.3783 1774.937  1734.3109 1697.6016 1664.6871
   1635.2834 1609.0238 1585.5353]
  [1917.0187 1870.7472 1827.0581 1786.3547 1748.8484 1714.5549 1683.3245
   1654.8992 1628.9778 1605.2773]
  [1921.0037 1879.0895 1839.3134 1801.938  1767.0806 1734.7198 1704.7256
   1676.9026 1651.0377 1626.9404]
  [1929.7556 1891.6447 1855.1371 1820.4088 1787.5438 1756.5421 1727.3362
   1699.8176 1673.862  1649.3519]]

 [[2041.1134 1975.3853 1912.397  1852.9385 1797.6454 1746.9855 1701.2537
   1660.5848 1624.9666 1594.263 ]
  [2024.8326 1959.5668 1897.1858 1838.5636 1784.3936 1735.1586 1691.1207
   1652.3359 1618.6825 1589.9031]
  [2010.0231 1946.0957 1885.1178 1828.0101 1775.4908 1728.0332 1685.8512
   1648.918  1617.0115 1589.7766]
  [1997.1461 1935.4775 1876.7382 1821.8418 1771.4865 1726.1041 1685.8472
   1650.614  1620.11   1593.9255]
  [1986.836  1928.2944 1872.5713 1820.512  1772.7446 1729.6311 1691.256
   1657.4653 1627.9357 1602.2584]
  [1979.8357 1925.1235 1873.0183 1824.2429 1779.3164 1738.5117 1701.857
   1669.1799 1640.1776 1614.4961]
  [1976.8401 1926.3834 1878.2098 1832.8911 1790.8202 1752.1875 1716.9902
   1685.0768 1656.2092 1630.1251]
  [1978.2805 1932.1453 1887.8608 1845.8475 1806.3914 1769.6299 1735.5665
   1704.1055 1675.0983 1648.386 ]
  [1984.1226 1941.9886 1901.188  1862.0284 1824.7346 1789.4373 1756.1823
   1724.9509 1695.686  1668.3184]
  [1993.7628 1954.9668 1916.9573 1879.9921 1844.2921 1810.027  1777.3116
   1746.2057 1716.7247 1688.8563]]

 [[2086.7012 2021.6719 1959.2596 1900.2732 1845.3721 1795.0509 1749.6306
   1709.2618 1673.9376 1643.513 ]
  [2073.2202 2008.7937 1947.0758 1888.9518 1835.1332 1786.1254 1742.2141
   1703.4719 1669.7853 1640.8926]
  [2061.502  1998.5271 1938.2488 1881.5873 1829.2731 1781.8015 1739.4138
   1702.111  1669.6924 1641.8177]
  [2051.9263 1991.276  1933.1989 1878.596  1828.174  1782.394  1741.4503
   1705.2916 1673.6736 1646.2318]
  [2044.9934 1987.4619 1932.267  1880.2324 1831.9988 1787.9716 1748.3066
   1712.9353 1681.6228 1654.0419]
  [2041.2513 1987.4395 1935.6145 1886.4785 1840.5759 1798.2516 1759.6414
   1724.7002 1693.2544 1665.064 ]
  [2041.1422 1991.3494 1943.0919 1896.9313 1853.312  1812.5308 1774.7322
   1739.9296 1708.0444 1678.9497]
  [2044.805  1998.9658 1954.1337 1910.7472 1869.1758 1829.698  1792.4945
   1757.657  1725.2085 1695.1312]
  [2051.917  2009.6002 1967.7377 1926.6902 1886.7969 1848.3536 1811.5952
   1776.6906 1743.7473 1712.827 ]
  [2061.6506 2022.1404 1982.5739 1943.2947 1904.6604 1867.0099 1830.6359
   1795.7665 1762.5586 1731.1108]]

 [[2134.894  2071.1309 2009.84   1951.8304 1897.773  1848.1763 1803.3762
   1763.5309 1728.6292 1698.5076]
  [2124.8445 2061.8594 2001.3708 1944.2483 1891.2023 1842.7467 1799.1798
   1760.5865 1726.8578 1697.7308]
  [2116.8018 2055.3904 1996.3668 1940.6207 1888.8706 1841.6195 1799.1306
   1761.4332 1728.3588 1699.5953]
  [2111.0088 2051.9575 1995.0474 1941.1351 1890.9135 1844.8601 1803.2139
   1765.9857 1733.0018 1703.9663]
  [2107.7686 2051.7534 1997.5011 1945.7853 1897.241  1852.3146 1811.2426
   1774.0625 1740.655  1710.8007]
  [2107.3745 2054.8557 2003.6074 1954.2893 1907.4618 1863.5463 1822.803
   1785.3375 1751.131  1720.0807]
  [2109.978  2061.111  2012.9447 1966.02   1920.8312 1877.7905 1837.2054
   1799.2736 1764.0944 1731.6919]
  [2115.4302 2070.0286 2024.7325 1979.993  1936.2655 1893.9746 1853.4867
   1815.0896 1778.989  1745.3169]
  [2123.178  2080.7444 2037.8654 1994.9508 1952.452  1910.8245 1870.4885
   1831.7998 1795.034  1760.3904]
  [2132.2803 2092.1082 2051.0542 2009.5369 1968.035  1927.0398 1887.0088
   1848.329  1811.3016 1776.1425]]

 [[2185.3337 2123.352  2063.692  2007.1456 1954.3771 1905.8938 1862.028
   1822.9274 1788.5598 1758.7314]
  [2179.2375 2118.2388 2059.501  2003.856  1951.9906 1904.4081 1861.4028
   1823.0585 1789.2665 1759.7618]
  [2175.3135 2116.0068 2058.7402 2004.343  1953.4989 1906.6997 1864.2181
   1826.111  1792.2461 1762.3523]
  [2173.614  2116.6606 2061.3618 2008.5013 1958.735  1912.5441 1870.2081
   1831.8079 1797.2537 1766.3376]
  [2174.1929 2120.1123 2067.1582 2016.0309 1967.3427 1921.5742 1879.0461
   1839.9146 1804.1929 1771.7883]
  [2177.055  2126.1418 2075.7256 2026.4065 1978.7532 1933.2615 1890.3209
   1850.2    1813.0466 1778.9098]
  [2182.0598 2134.3254 2086.419  2038.8525 1992.1653 1946.8828 1903.4768
   1862.3334 1823.7356 1787.8677]
  [2188.8135 2143.9797 2098.3418 2052.359  2006.5626 1961.5175 1917.7671
   1875.7925 1835.9813 1798.6205]
  [2196.6213 2154.1753 2110.4087 2065.7683 2020.8025 1976.1093 1932.2786
   1889.8442 1849.2484 1810.8309]
  [2204.5396 2163.8408 2121.4795 2077.928  2033.7609 1989.5963 1946.037
   1903.6206 1862.7898 1823.8876]]

 [[2237.5713 2177.8154 2120.2378 2065.5986 2014.535  1967.5311 1924.8899
   1886.7239 1852.9592 1823.3602]
  [2235.8047 2177.2473 2120.7073 2066.957  2016.6371 1970.2152 1927.9614
   1889.9421 1856.0391 1825.989 ]
  [2236.2622 2179.4946 2124.395  2071.7097 2022.0646 1975.919  1933.542
   1895.0103 1860.2316 1828.9888]
  [2238.7646 2184.2866 2130.9446 2079.4268 2030.3331 1984.1343 1941.1438
   1901.513  1865.246  1832.238 ]
  [2243.0894 2191.2393 2139.8494 2089.5288 2040.8555 1994.3356 1950.3713
   1909.24   1871.0952 1835.9812]
  [2248.9556 2199.8562 2150.4639 2101.3115 2052.9668 2005.9929 1960.9054
   1918.1318 1877.9901 1840.6835]
  [2255.9673 2209.5046 2162.0068 2113.9512 2065.914  2018.5237 1972.4048
   1928.1223 1886.1398 1846.7976]
  [2263.5586 2219.4038 2173.5718 2126.5215 2078.8486 2031.2386 1984.3964
   1938.9803 1895.5529 1854.5514]
  [2270.9849 2228.6587 2184.1902 2138.0513 2090.8645 2043.3467 1996.2382
   1950.234  1905.9352 1863.8225]
  [2277.3887 2236.3555 2192.9358 2147.6338 2101.0928 2054.0322 2007.1804
   1961.213  1916.7109 1874.145 ]]

 [[2291.0852 2233.9111 2178.791  2126.4343 2077.4307 2032.2122 1991.0234
   1953.9142 1920.75   1891.2502]
  [2293.8516 2238.0762 2184.0771 2132.5464 2084.0557 2039.0131 1997.6407
   1959.9714 1925.8733 1895.0916]
  [2298.7515 2244.8179 2192.1704 2141.4543 2093.216  2047.866  2005.6552
   1966.6744 1930.8749 1898.1052]
  [2305.3547 2253.5781 2202.4065 2152.4192 2104.1475 2058.0405 2014.4385
   1973.5612 1935.5115 1900.2947]
  [2313.17   2263.6997 2214.021  2164.6475 2116.1147 2068.9478 2023.6235
   1980.5356 1939.9752 1902.1259]
  [2321.6685 2274.4702 2226.21   2177.3518 2128.459  2080.1538 2033.0642
   1987.7665 1944.7363 1904.3262]
  [2330.2668 2285.1357 2238.1526 2189.7622 2140.5679 2091.2874 2042.6798
   1995.4701 1950.284  1907.6112]
  [2338.3093 2294.9087 2249.0254 2201.1133 2151.8188 2101.9275 2052.2812
   2003.6952 1956.888  1912.4366]
  [2345.0786 2303.0005 2258.0337 2210.6611 2161.5613 2111.5464 2061.4822
   2012.206  1964.4624 1918.8635]
  [2349.8562 2308.6904 2264.4795 2217.7417 2169.1655 2119.5508 2069.7305
   2020.5024 1972.5784 1926.5499]]

 [[2345.3066 2290.9722 2238.5854 2188.7886 2142.0999 2098.869  2059.2554
   2023.2236 1990.5719 1960.9789]
  [2352.6196 2299.8367 2248.5908 2199.48   2152.9846 2109.4321 2068.9792
   2031.6183 1997.205  1965.5068]
  [2361.8193 2310.8584 2260.7976 2212.1697 2165.4304 2120.9287 2078.8906
   2039.4203 2002.517  1968.1051]
  [2372.2307 2323.2148 2274.2742 2225.8774 2178.4836 2132.516  2088.3384
   2046.2368 2006.4105 1968.9773]
  [2383.1355 2336.037  2288.083  2239.6968 2191.374  2143.6555 2097.085
   2052.163  2009.3073 1968.8301]
  [2393.8232 2348.4841 2301.3623 2252.8643 2203.5488 2154.0898 2105.2122
   2057.6208 2011.9314 1968.6274]
  [2403.6042 2359.7717 2313.3457 2264.7441 2214.5967 2163.6929 2112.9033
   2063.0886 2015.012  1969.29  ]
  [2411.8083 2369.1777 2323.3496 2274.773  2224.1353 2172.301  2120.224
   2068.8481 2019.0226 1971.4456]
  [2417.7976 2376.0576 2330.772  2282.4292 2231.7485 2179.6162 2126.999
   2074.8513 2024.0396 1975.2891]
  [2421.0093 2379.8809 2335.124  2287.2578 2237.0042 2185.2217 2132.83
   2080.7302 2029.7446 1980.5734]]

 [[2399.6501 2348.3035 2298.807  2251.7185 2207.4595 2166.276  2128.2222
   2093.1726 2060.862  2030.9467]
  [2411.3333 2361.6086 2313.1807 2266.5374 2222.0552 2179.9702 2140.3687
   2103.205  2068.335  2035.5627]
  [2424.5017 2376.487  2328.9832 2282.4087 2237.126  2193.4229 2151.5034
   2111.4893 2073.435  2037.3461]
  [2438.272  2391.907  2345.0996 2298.2168 2251.6538 2205.8125 2161.081
   2117.8098 2076.29   2036.7441]
  [2451.7627 2406.875  2360.5244 2313.061  2264.9517 2216.7537 2169.0728
   2122.5017 2077.5679 2034.6954]
  [2464.164  2420.5166 2374.438  2326.294  2276.6465 2226.2144 2175.806
   2126.229  2078.2117 2032.3462]
  [2474.759  2432.0974 2386.197  2337.4636 2286.5508 2234.3096 2181.6978
   2129.6794 2079.1262 2030.7546]
  [2482.9214 2441.0066 2395.2854 2346.211  2294.5034 2241.0913 2187.0107
   2133.3042 2080.9204 2030.6508]
  [2488.1199 2446.7502 2401.281  2352.206  2300.2769 2246.4353 2191.7227
   2137.1824 2083.774  2032.3115]
  [2489.9404 2448.9656 2403.863  2355.1543 2303.582  2250.0498 2195.54
   2141.0347 2087.4434 2035.5543]]]
"""
