raw_data = """
[[[1684.1061 1608.2181 1536.4061 1469.409  1407.7845 1351.9075 1301.9843
   1258.0703 1220.0955 1187.8884]
  [1657.321  1580.7966 1508.6163 1441.6359 1380.4944 1325.6036 1277.157
   1235.1552 1199.4423 1169.7424]
  [1631.6902 1555.3763 1483.6207 1417.3702 1357.3262 1303.9214 1257.3274
   1217.4834 1184.1437 1156.9291]
  [1607.7499 1532.5836 1462.1364 1397.4059 1339.1228 1287.7181 1243.3254
   1205.8176 1174.8616 1149.981 ]
  [1586.2758 1513.2131 1444.9767 1382.565  1326.6941 1277.7615 1235.8472
   1200.753  1172.0664 1149.2319]
  [1568.2463 1498.1829 1432.9894 1373.6117 1320.7075 1274.6086 1235.3247
   1202.5884 1175.9221 1154.7178]
  [1554.7318 1488.4154 1426.9309 1371.1252 1321.5583 1278.4719 1241.7983
   1211.2095 1186.1875 1166.1062]
  [1546.7136 1484.664  1427.303  1375.345  1329.2302 1289.1022 1254.8228
   1226.0234 1202.1787 1182.6821]
  [1544.8755 1487.319  1434.1814 1386.0343 1343.1986 1305.7312 1273.4482
   1245.9745 1222.81   1203.4021]
  [1549.4185 1496.2477 1447.0978 1402.4106 1362.4116 1327.1066 1296.3021
   1269.6526 1246.7155 1227.01  ]]

 [[1734.0496 1656.2411 1582.4409 1513.4901 1450.0419 1392.5564 1341.306
   1296.3918 1257.7634 1225.2434]
  [1707.7748 1629.3159 1555.1365 1486.206  1423.2701 1366.8298 1317.1445
   1274.2502 1237.9951 1208.0769]
  [1682.8645 1604.646  1530.9111 1462.7317 1400.9235 1346.0132 1298.2341
   1257.5515 1223.7074 1196.2766]
  [1659.9171 1582.9264 1510.5576 1443.9382 1383.9188 1331.0248 1285.4481
   1247.0771 1215.5537 1190.343 ]
  [1639.7611 1565.0059 1494.9415 1430.6952 1373.1034 1322.6556 1279.4855
   1243.404  1213.9675 1190.5608]
  [1623.4037 1551.816  1484.9099 1423.7517 1369.1129 1321.4133 1280.7136
   1246.7552 1219.0356 1196.8984]
  [1611.8901 1544.2253 1481.135  1423.5742 1372.2078 1327.3613 1289.0203
   1256.8749 1230.3997 1208.9441]
  [1606.0964 1542.8352 1483.9252 1430.177  1382.1276 1340.0043 1303.7312
   1272.978  1247.2356 1225.9026]
  [1606.5005 1547.7812 1493.0627 1443.005  1398.025  1358.2714 1323.6377
   1293.8079 1268.3254 1246.6665]
  [1613.0092 1558.6    1507.7275 1460.9244 1418.5211 1380.6263 1347.1417
   1317.7982 1292.2124 1269.9465]]

 [[1788.8168 1709.669  1634.3871 1563.9055 1498.973  1440.1389 1387.7509
   1341.9623 1302.7462 1269.9175]
  [1763.8552 1684.0745 1608.4194 1537.9617 1473.5515 1415.7842 1364.9918
   1321.2542 1284.4269 1254.18  ]
  [1740.4724 1660.9769 1585.7869 1516.0829 1452.7925 1396.5392 1347.6266
   1306.0532 1271.5548 1243.6633]
  [1719.2899 1641.0984 1567.31   1499.1658 1437.6301 1383.3258 1336.5122
   1297.1034 1264.7256 1238.7966]
  [1701.1431 1625.2885 1553.851  1488.0679 1428.8883 1376.8984 1332.2959
   1294.9164 1264.3025 1239.7991]
  [1687.0115 1614.4336 1546.1934 1483.4595 1427.1107 1377.6613 1335.2379
   1299.614  1270.2886 1246.5872]
  [1677.8529 1609.2815 1544.8602 1485.6351 1432.373  1385.4939 1345.058
   1310.8047 1282.2356 1258.7124]
  [1674.3733 1610.2223 1549.9148 1494.3444 1444.1482 1399.6542 1360.8759
   1327.555  1299.239  1275.367 ]
  [1676.7966 1617.0989 1560.8236 1508.7136 1461.291  1418.8162 1381.2887
   1348.4862 1320.0295 1295.4563]
  [1684.7213 1629.1257 1576.4486 1527.3168 1482.1748 1441.2544 1404.5745
   1371.9705 1343.1442 1317.726 ]]

 [[1848.4441 1768.612  1692.4387 1620.9365 1554.9434 1495.0977 1441.8228
   1395.3252 1355.5994 1322.4458]
  [1825.6615 1745.261  1668.7507 1597.2861 1531.8105 1473.0105 1421.2913
   1376.776  1339.3284 1308.5891]
  [1804.6672 1724.6251 1648.61   1577.8883 1513.4833 1456.1105 1406.1434
   1363.6166 1328.2644 1299.5835]
  [1786.056  1707.3928 1632.7958 1563.5887 1500.8325 1445.2413 1397.142
   1356.483  1322.8898 1295.7515]
  [1770.6078 1694.3464 1622.0897 1555.153  1494.5785 1441.0435 1394.8159
   1355.7732 1323.4707 1297.2452]
  [1759.2021 1686.2498 1617.1348 1553.0967 1495.1041 1443.7643 1399.2843
   1361.4972 1329.9402 1303.9628]
  [1752.6378 1683.66   1618.2412 1557.4912 1502.2665 1453.0878 1410.1123
   1373.165  1341.8173 1315.488 ]
  [1751.3945 1686.7103 1625.1975 1567.8132 1515.2903 1468.0692 1426.2806
   1389.7776 1358.2046 1331.0846]
  [1755.4191 1694.9508 1637.1812 1582.9257 1532.8119 1487.2266 1446.3016
   1409.9419 1377.8813 1349.7527]
  [1764.0332 1707.3342 1652.8265 1601.2225 1553.0837 1508.775  1468.451
   1432.0753 1399.4633 1370.3385]]

 [[1912.8429 1833.0294 1756.618  1684.6808 1618.1309 1557.6849 1503.8339
   1456.8269 1416.6686 1383.1345]
  [1893.1187 1812.8608 1736.1907 1664.3215 1598.2703 1538.799  1486.3752
   1441.1577 1403.0107 1371.5461]
  [1875.3716 1795.5798 1719.4502 1648.3004 1583.2241 1525.0089 1474.0878
   1430.5281 1394.0673 1364.1808]
  [1860.108  1781.7693 1707.0509 1637.32   1573.702  1516.9828 1467.5505
   1425.3948 1390.1592 1361.2346]
  [1847.9778 1772.059  1699.6028 1631.9584 1570.23   1515.1686 1467.1154
   1426.0082 1391.4496 1362.8126]
  [1839.6831 1767.0105 1697.5294 1632.5062 1572.973  1519.6205 1472.7496
   1432.2839 1397.8439 1368.8528]
  [1835.7966 1766.9319 1700.8821 1638.7858 1581.5695 1529.8547 1483.9178
   1443.7068 1408.9109 1379.0542]
  [1836.5352 1771.6827 1709.1864 1650.0414 1595.0642 1544.816  1499.569
   1459.3232 1423.8643 1392.8389]
  [1841.5842 1780.5677 1721.4088 1664.9778 1612.0021 1563.0015 1518.2615
   1477.8433 1441.6278 1409.3761]
  [1850.0662 1792.3857 1736.0881 1681.9574 1630.6638 1582.7075 1538.3914
   1497.8274 1460.9695 1427.6616]]

 [[1981.7712 1902.6936 1826.7341 1755.0011 1688.4608 1627.8861 1573.8127
   1526.51   1485.9725 1451.9404]
  [1965.9388 1886.6031 1810.5074 1738.8888 1672.8074 1613.0729 1560.1901
   1514.3345 1475.363  1442.8617]
  [1952.2225 1873.4934 1797.9944 1727.0518 1661.7904 1603.0393 1551.2683
   1506.5697 1468.6907 1437.1085]
  [1940.9731 1863.761  1789.6328 1719.9489 1655.8578 1598.1855 1547.3685
   1503.4432 1466.0969 1434.7627]
  [1932.6356 1857.8    1785.7727 1717.8862 1655.2645 1598.7095 1548.6335
   1505.057  1467.6692 1435.9298]
  [1927.6641 1855.9014 1786.5581 1720.8823 1659.9341 1604.476  1554.9113
   1511.2878 1473.3552 1440.6625]
  [1926.3573 1858.0925 1791.7736 1728.5294 1669.3331 1614.9044 1565.6556
   1521.6927 1482.8674 1448.8533]
  [1928.6677 1863.9875 1800.739  1739.9274 1682.4387 1628.9554 1579.9092
   1535.4784 1495.6251 1460.1552]
  [1934.0765 1872.7336 1812.3275 1753.7612 1697.8497 1645.2474 1596.4047
   1551.5621 1510.7742 1473.9562]
  [1941.6132 1883.1078 1825.1284 1768.5094 1714.0156 1662.278  1613.7533
   1568.7173 1527.2817 1489.432 ]]

 [[2054.8115 1977.1661 1902.3492 1831.4795 1765.5446 1705.3379 1651.4036
   1603.9976 1563.0819 1528.3514]
  [2043.5911 1965.9249 1891.126  1820.4178 1754.8628 1695.2766 1642.1667
   1595.7007 1555.7202 1521.7981]
  [2034.5353 1957.6322 1883.479  1813.3636 1748.3949 1689.4016 1636.8623
   1590.8844 1551.2379 1517.4347]
  [2027.7759 1952.4229 1879.5454 1810.4467 1746.2491 1687.7837 1635.5184
   1589.5449 1549.6244 1515.2778]
  [2023.4902 1950.3895 1879.3541 1811.6489 1748.3761 1690.3627 1638.09
   1591.6824 1550.9557 1515.5062]
  [2021.8383 1951.5175 1882.7498 1816.721  1754.4869 1696.868  1644.3794
   1597.2184 1555.3052 1518.3574]
  [2022.8335 1955.5665 1889.2897 1825.0903 1763.9666 1706.729  1653.938
   1605.8833 1562.6105 1523.9775]
  [2026.2006 1961.9714 1898.1848 1835.8324 1775.8538 1719.0493 1666.0181
   1617.1354 1572.562  1532.2872]
  [2031.3016 1969.8344 1908.3445 1847.7488 1788.935  1732.6855 1679.6189
   1630.1654 1584.569  1542.9159]
  [2037.187  1978.0334 1918.533  1859.5493 1801.9257 1746.4128 1693.6212
   1643.9955 1597.8169 1555.2245]]

 [[2131.365  2055.7861 1982.7603 1913.3842 1848.626  1789.2543 1735.7754
   1688.3951 1647.0221 1611.3083]
  [2125.2915 2049.9543 1977.1025 1907.9052 1843.3783 1784.2981 1731.1339
   1684.023  1642.7926 1607.0249]
  [2121.2969 2046.8633 1974.6653 1905.9076 1841.6334 1782.6287 1729.3539
   1681.927  1640.1598 1603.6357]
  [2119.2432 2046.3303 1975.233  1907.1501 1843.1339 1783.9882 1730.2009
   1681.9288 1639.0372 1601.1779]
  [2119.004  2048.121  1978.4993 1911.296  1847.5569 1788.1149 1733.5186
   1684.015  1639.5787 1599.9794]
  [2120.4392 2051.9272 1984.045  1917.8875 1854.4838 1794.6992 1739.165
   1688.2465 1642.0583 1600.5142]
  [2123.3074 2057.2969 1991.2839 1926.293  1863.3309 1803.2931 1746.889
   1694.6024 1646.688  1603.2032]
  [2127.1753 2063.582  1999.4296 1935.6812 1873.316  1813.2434 1756.227
   1702.8402 1653.4501 1608.2349]
  [2131.3784 2069.9448 2007.5387 1945.0748 1883.4991 1823.7097 1766.4863
   1712.4447 1662.0189 1615.4689]
  [2135.085  2075.4575 2014.6302 1953.4784 1892.9059 1833.7714 1776.8275
   1722.6841 1671.7896 1624.4396]]

 [[2210.6567 2137.6782 2066.9988 1999.6558 1936.5536 1878.3865 1825.5763
   1778.249  1736.2517 1699.2089]
  [2210.019  2137.5261 2067.1333 1999.9141 1936.7928 1878.4606 1825.3169
   1777.4564 1734.7025 1696.6779]
  [2211.1997 2139.6902 2069.8794 2002.8466 1939.53   1880.6395 1826.601
   1777.5461 1733.3512 1693.708 ]
  [2213.7642 2143.6538 2074.6646 2007.8585 1944.1882 1884.4104 1829.0283
   1778.2764 1732.1473 1690.4539]
  [2217.2893 2148.879  2080.8948 2014.3671 1950.2665 1889.4208 1832.4481
   1779.7279 1731.4093 1687.4541]
  [2221.3706 2154.8242 2087.9744 2021.813  1957.3325 1895.4382 1836.8746
   1782.1768 1731.659  1685.4357]
  [2225.5815 2160.9204 2095.2798 2029.6183 1964.9436 1902.2263 1842.3167
   1785.8837 1733.386  1685.0759]
  [2229.414  2166.5312 2102.1294 2037.1384 1972.5684 1909.4231 1848.6156
   1790.9021 1736.8427 1686.7957]
  [2232.2627 2170.9624 2107.796  2043.6691 1979.5718 1916.5007 1855.3777
   1796.9863 1741.9357 1690.6482]
  [2233.4727 2173.5266 2111.583  2048.5188 1985.2827 1922.8225 1862.0162
   1803.6208 1748.2397 1696.3141]]

 [[2291.762  2221.7773 2153.851  2088.926  2027.7981 1971.0432 1918.9684
   1871.605  1828.7455 1790.016 ]
  [2296.559  2227.2324 2159.6123 2094.643  2033.1202 1975.62   1922.4564
   1873.6848 1829.1451 1788.5328]
  [2302.7124 2234.3464 2167.1216 2101.9683 2039.6953 1980.9225 1926.0385
   1875.2017 1828.3737 1785.3783]
  [2309.5054 2242.3018 2175.5093 2110.0415 2046.7427 1986.3186 1929.2924
   1875.9849 1826.529  1780.9089]
  [2316.2625 2250.3274 2183.9912 2118.1558 2053.7178 1991.501  1932.1929
   1876.3046 1824.1578 1775.9012]
  [2322.392  2257.7517 2191.9136 2125.7747 2060.294  1996.4133 1934.9813
   1876.6888 1822.0337 1771.3156]
  [2327.3696 2263.9873 2198.721  2132.4702 2066.2441 2001.0765 1937.9407
   1877.6659 1820.8887 1768.0337]
  [2330.6987 2268.4941 2203.9048 2137.8325 2071.309  2005.4161 1941.19
   1879.5393 1821.1881 1766.6512]
  [2331.8916 2270.7656 2206.9814 2141.4316 2075.1401 2009.1792 1944.5845
   1882.2788 1823.0165 1767.3605]
  [2330.4993 2270.3608 2207.52   2142.8481 2077.3235 2011.9614 1947.74
   1885.537  1826.0858 1769.9531]]]
"""
