raw_data = """
[[[2289.9136 2211.9883 2136.0571 2063.0215 1993.6598 1928.6031 1868.3217
   1813.1154 1763.1193 1718.3152]
  [2284.8237 2208.3162 2133.9106 2062.5576 1995.0585 1932.0317 1873.8938
   1820.8586 1772.9521 1730.0438]
  [2279.6982 2205.6572 2133.8164 2065.1306 2000.378  1940.1199 1884.6829
   1834.1652 1788.4694 1747.3593]
  [2274.73   2204.2275 2136.0146 2070.99   2009.8518 1953.0518 1900.7844
   1853.0101 1809.5115 1769.971 ]
  [2270.388  2204.4204 2140.8096 2080.336  2023.5529 1970.75   1921.9579
   1876.9928 1835.5398 1797.244 ]
  [2267.4082 2206.7861 2148.5378 2093.2646 2041.3218 1992.8015 1947.5592
   1905.2875 1865.6132 1828.1998]
  [2266.6807 2211.9229 2159.4614 2109.6753 2062.6968 2018.4158 1976.5355
   1936.6681 1898.4395 1861.581 ]
  [2269.042  2220.288  2173.6143 2129.168  2086.8687 2046.4407 2007.4923
   1969.6176 1932.4963 1895.9619]
  [2275.0283 2231.9912 2190.6565 2150.9688 2112.688  2075.4458 2038.8329
   2002.4923 1966.197  1929.8928]
  [2284.6665 2246.6392 2209.793  2173.9346 2138.749  2103.8667 2068.9385
   2033.7087 1998.0619 1962.0372]]

 [[2308.019  2229.8442 2153.653  2080.3887 2010.8677 1945.7523 1885.5336
   1830.5211 1780.8484 1736.4856]
  [2304.6223 2227.9595 2153.354  2081.794  2014.1136 1950.9596 1892.7664
   1839.7559 1791.9523 1749.2166]
  [2301.63   2227.5432 2155.5547 2086.6458 2021.6234 1961.0739 1905.3414
   1854.5376 1808.5735 1767.2188]
  [2299.2253 2228.793  2160.462  2095.1465 2033.5652 1976.1931 1923.2504
   1874.7267 1830.4377 1790.1017]
  [2297.8179 2232.0205 2168.2798 2107.375  2049.872  1996.0898 1946.1034
   1899.7891 1856.9034 1817.1711]
  [2298.018  2237.6174 2179.1536 2123.2114 2070.1602 2020.1359 1973.0703
   1928.7607 1886.957  1847.4476]
  [2300.515  2245.9343 2193.062  2142.2568 2093.675  2047.2811 2002.8995
   1960.2985 1919.2762 1879.7273]
  [2305.8635 2257.103  2209.6897 2163.762  2119.291  2076.12   2034.0278
   1992.8114 1952.3568 1912.6814]
  [2314.2593 2270.868  2228.3335 2186.6226 2145.591  2105.037  2064.7637
   2024.6466 1984.6761 1944.974 ]
  [2325.375  2286.4968 2247.9019 2209.4658 2171.021  2132.4026 2093.4985
   2054.2869 2014.8525 1975.3838]]

 [[2326.811  2248.9707 2173.0815 2100.1104 2030.8943 1966.1147 1906.2764
   1851.6979 1802.5115 1758.6797]
  [2325.5967 2249.3835 2175.1465 2103.8853 2036.4492 1973.4993 1915.4844
   1862.6361 1814.9857 1772.397 ]
  [2325.2283 2251.6948 2180.0996 2111.4248 2046.483  1985.8754 1929.9652
   1878.8883 1832.583  1790.8467]
  [2325.8394 2256.0332 2188.0605 2122.8203 2061.0322 2003.1904 1949.5532
   1900.1627 1854.897  1813.5427]
  [2327.7231 2262.5693 2199.0667 2137.9653 2079.8335 2025.0262 1973.6885
   1925.7935 1881.2113 1839.7793]
  [2331.3003 2271.4692 2213.0117 2156.479  2102.2534 2050.539  2001.384
   1954.7368 1910.514  1868.6592]
  [2336.9922 2282.7798 2229.5552 2177.6514 2127.266  2078.4753 2031.2738
   1985.6338 1941.5619 1899.1354]
  [2345.027  2296.2852 2248.0383 2200.4268 2153.5068 2107.2822 2061.749
   2016.945  1972.9843 1930.0693]
  [2355.2544 2311.3918 2267.46   2223.4712 2179.4155 2135.294  2091.1558
   2047.1254 2003.4131 1960.3069]
  [2367.0515 2327.123  2286.556  2245.3245 2203.4346 2160.9487 2118.001
   2074.7988 2031.6141 1988.767 ]]

 [[2346.0122 2269.0645 2194.0256 2121.862  2053.416  1989.3738 1930.2468
   1876.3564 1827.8346 1784.6355]
  [2347.397  2272.2102 2198.8916 2128.4272 2061.6606 1999.2545 1941.6644
   1889.1345 1841.7087 1799.263 ]
  [2350.0405 2277.6248 2206.9434 2138.9482 2074.4392 2014.019  1958.0726
   1906.7686 1860.0901 1817.8807]
  [2353.9827 2285.3171 2218.1516 2153.3416 2091.5903 2033.41   1979.1056
   1928.7938 1882.4435 1839.9313]
  [2359.3477 2295.2583 2232.3296 2171.262  2112.6182 2056.7983 2004.0396
   1954.4447 1908.0275 1864.7607]
  [2366.31   2307.3372 2249.083  2192.0522 2136.6482 2083.163  2031.7953
   1982.6787 1935.9227 1891.64  ]
  [2374.9805 2321.2764 2267.7544 2214.7266 2162.451  2111.1445 2061.0059
   2012.2391 1965.0726 1919.767 ]
  [2385.251  2336.5317 2287.4004 2238.0156 2188.5437 2139.177  2090.1516
   2041.7579 1994.3367 1948.2634]
  [2396.671  2352.2544 2306.834  2260.4897 2213.3652 2165.6792 2117.7307
   2069.887  2022.5627 1976.1947]
  [2408.4211 2367.3481 2324.7603 2280.7427 2235.48   2189.2559 2142.4336
   2095.4294 2048.6814 2002.6249]]

 [[2365.3186 2289.7744 2216.0957 2145.2302 2078.0068 2015.1047 1957.0289
   1904.0957 1856.4298 1813.9744]
  [2369.6147 2295.9756 2224.0837 2154.8867 2089.2034 2027.6829 1970.7809
   1918.7499 1871.6487 1829.3702]
  [2375.521  2304.7246 2235.4292 2168.5325 2104.801  2044.8304 1989.0236
   1937.5895 1890.5652 1847.8531]
  [2382.9424 2315.8594 2249.9004 2185.8555 2124.397  2066.0513 2011.1794
   1959.9865 1912.5474 1868.8427]
  [2391.792  2329.1108 2267.0522 2206.2495 2147.2559 2090.5242 2036.4005
   1985.1343 1936.897  1891.8042]
  [2401.965  2344.0752 2286.2031 2228.8066 2172.316  2117.128  2063.607
   2012.0879 1962.8765 1916.2502]
  [2413.2563 2360.166  2306.4302 2252.347  2198.2505 2144.5151 2091.5522
   2039.7996 1989.7002 1941.6804]
  [2425.2576 2376.5828 2326.6033 2275.5107 2223.5933 2171.2378 2118.9177
   2067.1616 2016.5161 1967.511 ]
  [2437.2983 2392.329  2345.479  2296.9053 2246.9038 2195.903  2144.4294
   2093.0684 2042.4153 1993.0374]
  [2448.4797 2406.3142 2361.8508 2315.2788 2266.9453 2217.3262 2166.982
   2116.508  2066.4868 2017.4584]]

 [[2384.4158 2310.7214 2238.8608 2169.7456 2104.1758 2042.807  1986.1228
   1934.4211 1887.806  1846.203 ]
  [2391.8118 2320.1682 2250.1494 2182.647  2118.4368 2058.14   2002.1996
   1950.8691 1904.2177 1862.1561]
  [2401.0793 2332.3184 2264.8154 2199.393  2136.7705 2077.524  2022.0702
   1970.657  1923.3776 1880.1971]
  [2411.9543 2346.807  2282.3916 2219.4172 2158.5188 2100.231  2044.9723
   1993.0397 1944.6156 1899.7866]
  [2424.1196 2363.1108 2302.1738 2241.871  2182.7454 2125.3042 2070.0063
   2017.2472 1967.3525 1920.5736]
  [2437.193  2380.5537 2323.2397 2265.6636 2208.289  2151.6213 2096.1904
   2042.5209 1991.1006 1942.3544]
  [2450.6877 2398.307  2344.4895 2289.5308 2233.8467 2177.965  2122.4988
   2068.0964 2015.3904 1964.95  ]
  [2463.9653 2415.406  2364.7214 2312.1445 2258.0815 2203.1003 2147.883
   2093.167  2039.6758 1988.069 ]
  [2476.231  2430.816  2382.7437 2332.2446 2279.752  2225.8708 2171.3232
   2116.8774 2063.2832 2011.2208]
  [2486.6    2443.54   2397.5076 2348.781  2297.8357 2245.3027 2191.9023
   2138.3784 2085.4402 2033.7238]]

 [[2403.004  2331.5334 2261.8867 2194.9258 2131.4053 2071.9385 2016.9696
   1966.757  1921.3705 1880.7063]
  [2413.5654 2344.2769 2276.5034 2211.0664 2148.681  2089.9255 2035.2151
   1984.7906 1938.7242 1896.9396]
  [2426.145  2359.7397 2294.3555 2230.7295 2169.5186 2111.272  2056.4077
   2005.2062 1957.8104 1914.2457]
  [2440.2986 2377.3428 2314.7373 2253.1035 2193.0327 2135.0637 2079.6648
   2027.2158 1977.9989 1932.1964]
  [2455.4854 2396.3323 2336.7256 2277.1577 2218.1616 2160.2974 2104.1245
   2050.1704 1998.896  1950.6692]
  [2471.0833 2415.8188 2359.2366 2301.7146 2243.751  2185.9521 2128.9924
   2073.5615 2020.3002 1969.7548]
  [2486.3894 2434.817  2381.099  2325.537  2268.6235 2211.0234 2153.5188
   2096.9355 2042.0588 1989.5745]
  [2500.6174 2452.2976 2401.1401 2347.4187 2291.6448 2234.5356 2176.9463
   2119.7812 2063.9094 2010.095 ]
  [2512.9312 2467.2654 2418.2834 2366.278  2311.7913 2255.5703 2198.4917
   2141.471  2085.3853 2031.0116]
  [2522.5178 2478.8564 2431.6558 2381.2578 2328.2334 2273.3296 2217.391
   2161.284  2105.8252 2051.7422]]

 [[2420.8289 2351.881  2284.776  2220.3125 2159.1836 2101.94   2048.963
   2000.452  1956.4261 1916.7455]
  [2434.5076 2367.8445 2302.607  2239.5334 2179.267  2122.3257 2069.0798
   2019.7445 1974.3832 1932.931 ]
  [2450.2327 2386.403  2323.3765 2261.7974 2202.2544 2145.2563 2091.214
   2040.4255 1993.0758 1949.2412]
  [2467.3843 2406.7805 2346.1738 2286.0999 2227.1025 2169.7195 2114.4558
   2061.7593 2011.9938 1965.4226]
  [2485.2346 2428.0461 2369.9282 2311.312  2252.7224 2194.7607 2138.071
   2083.2866 2030.9763 1981.6014]
  [2502.9844 2449.178  2393.49   2336.2742 2278.0615 2219.542  2161.5073
   2104.7756 2050.1062 1998.1385]
  [2519.791  2469.1252 2415.7107 2359.8613 2302.137  2243.3125 2184.3037
   2126.069  2069.512  2015.4059]
  [2534.7974 2486.8694 2435.5112 2381.0352 2324.0378 2265.3533 2205.9678
   2146.913  2089.166  2033.5757]
  [2547.1777 2501.4949 2451.953  2398.8936 2342.9421 2284.9517 2225.9146
   2166.8606 2108.7659 2052.4888]
  [2556.2107 2512.268  2464.3154 2412.7356 2358.166  2301.438  2243.4912
   2185.287  2127.7356 2071.643 ]]

 [[2437.7053 2371.5083 2307.1973 2245.4985 2187.026  2132.246  2081.4575
   2034.7833 1992.1818 1953.477 ]
  [2454.3652 2390.5066 2328.0044 2267.5059 2209.5693 2154.6387 2103.0273
   2054.9116 2010.3423 1969.2621]
  [2472.9858 2411.853  2351.328  2291.9614 2234.269  2178.7124 2125.683
   2075.4878 2028.3417 1984.3661]
  [2492.8018 2434.6167 2376.1128 2317.747  2260.018  2203.4556 2148.5886
   2095.9153 2045.8606 1998.754 ]
  [2512.9492 2457.7585 2401.2258 2343.733  2285.797  2228.0532 2171.207
   2115.9692 2062.9873 2012.7928]
  [2532.5225 2480.2095 2425.5415 2368.8596 2310.726  2251.8953 2193.2458
   2135.6855 2080.0571 2027.066 ]
  [2550.6125 2500.9265 2448.0005 2392.1665 2334.0415 2274.484  2214.505
   2155.1558 2097.4194 2042.1295]
  [2566.3462 2518.949  2467.6467 2412.7903 2355.042  2295.3223 2234.71
   2174.3242 2115.2183 2058.299 ]
  [2578.935  2533.4512 2483.6733 2429.983  2373.067  2313.855  2253.4214
   2192.876  2133.2688 2075.5178]
  [2587.7422 2543.806  2495.4714 2443.1506 2387.5288 2329.495  2270.058
   2210.2512 2151.056  2093.3452]]

 [[2453.5366 2390.2444 2328.8975 2270.1367 2214.4788 2162.2917 2113.7778
   2068.9756 2027.7836 1989.9961]
  [2472.9727 2412.0095 2352.3442 2294.5269 2239.0242 2186.1992 2136.3005
   2089.4644 2045.726  2005.0404]
  [2494.1921 2435.781  2377.8003 2320.711  2264.956  2210.9487 2159.0566
   2109.5894 2062.7827 2018.7975]
  [2516.321  2460.5308 2404.1428 2347.5474 2291.2034 2235.6304 2181.3726
   2128.9614 2078.8667 2031.465 ]
  [2538.421  2485.1855 2430.259  2373.99   2316.894  2259.6292 2202.9443
   2147.602  2094.3013 2043.6201]
  [2559.5427 2508.6968 2455.1147 2399.1375 2341.3555 2282.5732 2223.7253
   2165.7783 2109.6233 2056.0063]
  [2578.7668 2530.0835 2477.777  2422.2068 2364.0376 2304.187  2243.727
   2183.7664 2125.3333 2069.2954]
  [2595.2402 2548.4634 2497.4197 2442.4978 2384.4133 2324.1458 2262.8325
   2201.646  2141.6829 2083.8843]
  [2608.2234 2563.096  2513.342  2459.378  2401.9377 2342.0024 2280.698
   2219.1853 2158.5593 2099.7773]
  [2617.1448 2573.4297 2525.0093 2472.32   2416.0789 2357.2156 2296.7822
   2235.8623 2175.4863 2116.5752]]]
"""
