raw_data = """
[[[2128.1738 2062.3894 1998.9825 1938.691  1882.1184 1829.7158 1781.7816
   1738.465  1699.7797 1665.6262]
  [2116.3247 2051.6096 1989.4391 1930.6102 1875.7562 1825.3217 1779.5547
   1738.5162 1702.1085 1670.1127]
  [2104.9854 2042.2684 1982.2397 1925.716  1873.3234 1825.4624 1782.3013
   1743.7897 1709.7075 1679.7258]
  [2094.4932 2034.7373 1977.7874 1924.4286 1875.2286 1830.5009 1790.2966
   1754.4412 1722.5968 1694.348 ]
  [2085.437  2029.5499 1976.5513 1927.134  1881.7511 1840.5817 1803.5374
   1770.3145 1740.4832 1713.5835]
  [2078.6333 2027.3695 1979.0139 1934.1112 1892.9507 1855.5447 1821.6569
   1790.8765 1762.7206 1736.7388]
  [2075.0068 2028.8683 1985.5574 1945.4294 1908.5818 1874.8563 1843.8899
   1815.2057 1788.3217 1762.8468]
  [2075.3926 2034.5457 1996.3068 1960.828  1928.0227 1897.5931 1869.0984
   1842.0542 1816.0331 1790.738 ]
  [2080.2993 2044.5243 2010.9789 1979.6334 1950.2626 1922.4908 1895.8702
   1869.9708 1844.4584 1819.1442]
  [2089.7188 2058.4072 2028.804  2000.7523 1973.9633 1948.0648 1922.6733
   1897.4622 1872.2092 1846.823 ]]

 [[2155.5098 2089.5896 2026.033  1965.6195 1908.9872 1856.615  1808.8182
   1765.753  1727.4292 1693.7329]
  [2145.3032 2080.5522 2018.3041 1959.3932 1904.485  1854.0475 1808.3416
   1767.4309 1731.2096 1699.4453]
  [2135.9924 2073.355  2013.3127 1956.7142 1904.2117 1856.2257 1812.935
   1774.2937 1740.0793 1709.9579]
  [2127.915  2068.3599 2011.4434 1957.9692 1908.5244 1863.4393 1822.7816
   1786.3914 1753.9479 1725.0543]
  [2121.617  2066.0405 2013.0839 1963.4431 1917.5829 1875.703  1837.7448
   1803.4456 1772.4254 1744.2804]
  [2117.815  2066.9282 2018.5563 1973.2311 1931.2518 1892.6644 1857.2896
   1824.7957 1794.7949 1766.9362]
  [2117.2627 2071.481  2027.9921 1987.133  1949.0194 1913.5521 1880.4637
   1849.405  1820.0349 1792.098 ]
  [2120.5437 2079.9016 2041.1946 2004.5637 1969.965  1937.1964 1905.961
   1875.9453 1846.8973 1818.6775]
  [2127.8486 2091.9683 2057.5322 2024.5267 1992.8069 1962.1394 1932.2601
   1902.9391 1874.032  1845.5051]
  [2138.8262 2106.9473 2075.9321 2045.6844 2016.04   1986.8082 1957.8137
   1928.9354 1900.1299 1871.4388]]

 [[2184.5483 2119.0532 2055.879  1995.8286 1939.561  1887.5745 1840.1965
   1797.5895 1759.7607 1726.5853]
  [2176.57   2112.3696 2050.586  1992.0669 1937.4934 1887.3469 1841.8981
   1801.2163 1765.1956 1733.5989]
  [2169.8735 2107.9019 2048.3706 1992.128  1939.8351 1891.923  1848.5822
   1809.7821 1775.3152 1744.8628]
  [2164.7534 2105.9539 2049.5386 1996.2986 1946.8212 1901.4501 1860.2794
   1823.1862 1789.8954 1760.0594]
  [2161.6567 2106.875  2054.331  2004.695  1958.4313 1915.765  1876.6908
   1841.0216 1808.467  1778.7157]
  [2161.1348 2110.9958 2062.8425 2017.1749 1974.299  1934.312  1897.129
   1862.5438 1830.3069 1800.2001]
  [2163.7017 2118.4995 2074.9124 2033.2482 1993.654  1956.1212 1920.5251
   1886.6903 1854.4562 1823.7283]
  [2169.6394 2129.2637 2090.0164 2052.0337 2015.3397 1979.8695 1945.5127
   1912.1661 1879.7802 1848.3822]
  [2178.8096 2142.7388 2107.228  2072.298  2037.9175 2004.0294 1970.586
   1937.5798 1905.0641 1873.1593]
  [2190.5642 2157.9375 2125.2861 2092.5947 2059.8528 2027.0703 1994.2917
   1961.6039 1929.1344 1897.0505]]

 [[2215.0435 2150.5154 2088.2466 2029.0425 1973.569  1922.332  1875.6664
   1833.7363 1796.5453 1763.9567]
  [2209.8267 2146.7444 2085.956  2028.2998 1974.4529 1924.898  1879.9115
   1839.5687 1803.7704 1772.2826]
  [2206.252  2145.5117 2086.9993 2031.538  1979.7745 1932.1412 1888.8418
   1849.8695 1815.0491 1784.0951]
  [2204.523  2147.0042 2091.5361 2038.8699 1989.5741 1944.0027 1902.2855
   1864.3579 1830.0181 1798.9949]
  [2204.9304 2151.3833 2099.5942 2050.183  2003.602  1960.1091 1919.7737
   1882.5166 1848.1704 1816.5441]
  [2207.7954 2158.7217 2110.995  2065.0679 2021.2548 1979.7244 1940.5168
   1903.5872 1868.8568 1836.2618]
  [2213.3447 2168.8936 2125.2737 2082.7644 2041.5568 2001.7605 1963.4276
   1926.5876 1891.2827 1857.5885]
  [2221.5405 2181.4614 2141.625  2102.1733 2063.2202 2024.8638 1987.206
   1950.3723 1914.5214 1879.8478]
  [2231.9495 2195.6187 2158.9282 2121.9512 2084.7866 2047.5706 2010.4789
   1973.7269 1937.5603 1902.246 ]
  [2243.7192 2210.2446 2175.8726 2140.683  2104.8223 2068.4976 2031.9626
   1995.4971 1959.3889 1923.9209]]

 [[2246.6946 2183.6338 2122.7603 2064.864  2010.6047 1960.4827 1914.8298
   1873.8048 1837.3995 1805.461 ]
  [2244.6826 2183.237  2123.938  2067.5913 2014.8502 1966.1869 1921.8751
   1881.9945 1846.453  1815.0253]
  [2244.617  2185.615  2128.5864 2074.3032 2023.379  1976.2351 1933.0875
   1893.9604 1858.7214 1827.1342]
  [2246.562  2190.78   2136.6575 2084.8784 2035.9791 1990.3176 1948.0677
   1909.2405 1873.726  1841.3474]
  [2250.5986 2198.6528 2147.9155 2098.9373 2052.1504 2007.8523 1966.2035
   1927.2544 1890.9814 1857.3289]
  [2256.7786 2209.0164 2161.895  2115.8098 2071.0874 2027.9823 1986.6797
   1947.3156 1909.997  1874.82  ]
  [2265.0193 2221.442  2177.8618 2134.5325 2091.7002 2049.6099 2008.5037
   1968.627  1930.2267 1893.5453]
  [2274.9888 2235.2332 2194.8179 2153.9016 2112.6982 2071.477  2030.5555
   1990.2819 1951.0165 1913.1107]
  [2286.033  2249.4292 2211.5728 2172.5952 2132.7283 2092.2927 2051.676
   2011.3002 1971.5901 1932.9489]
  [2297.209  2262.9033 2226.8918 2189.3438 2150.5464 2110.8823 2070.7886
   2030.7178 1991.1031 1952.3401]]

 [[2279.1577 2218.0007 2158.9604 2102.7988 2050.1504 2001.4983 1957.1555
   1917.26   1881.7809 1850.5387]
  [2280.6748 2221.3105 2163.9336 2109.2961 2058.0137 2010.5305 1967.1067
   1927.818  1892.5763 1861.1663]
  [2284.3535 2227.5112 2172.3623 2119.606  2069.8057 2023.3612 1980.4961
   1941.2651 1905.5853 1873.2767]
  [2290.0786 2236.396  2183.946  2133.3284 2085.0332 2039.4208 1996.7103
   1956.9948 1920.2667 1886.4518]
  [2297.6895 2247.6187 2198.1716 2149.8179 2102.9683 2057.9604 2015.0533
   1974.4347 1936.2308 1900.5232]
  [2306.953  2260.6768 2214.313  2168.1978 2122.6758 2078.091  2034.7792
   1993.0577 1953.215  1915.501 ]
  [2317.503  2274.8892 2231.4434 2187.3987 2143.064  2098.8174 2055.0886
   2012.3276 1970.9724 1931.4199]
  [2328.772  2289.3872 2248.48   2206.2317 2162.954  2119.0776 2075.1177
   2031.626  1989.1455 1948.1711]
  [2339.978  2303.166  2264.278  2223.502  2181.1865 2137.8152 2093.96
   2050.2256 2007.1975 1965.4058]
  [2350.1902 2315.1902 2277.7617 2238.146  2196.7434 2154.079  2110.7441
   2067.3403 2024.4357 1982.5354]]

 [[2312.0625 2253.1697 2196.3384 2142.2856 2091.6084 2044.7518 2001.9911
   1963.4247 1928.9811 1898.4453]
  [2317.2966 2260.3657 2205.2637 2152.6748 2103.1572 2057.1128 2014.7716
   1976.1946 1941.2902 1909.8531]
  [2324.7925 2270.4248 2217.4617 2166.5137 2118.081  2072.5312 2030.0854
   1990.8263 1954.7186 1921.6425]
  [2334.2297 2282.898  2232.3604 2183.1223 2135.6218 2090.214  2047.1626
   2006.6406 1968.7407 1933.4923]
  [2345.2012 2297.1787 2249.1934 2201.6328 2154.8843 2109.3252 2065.31
   2023.1567 1983.1338 1945.4519]
  [2357.2146 2312.527  2267.0435 2221.0488 2174.905  2129.043  2083.939
   2040.0758 1997.9059 1957.8185]
  [2369.6729 2328.0862 2284.8892 2240.3022 2194.6929 2148.563  2102.5078
   2057.1577 2013.1177 1970.9215]
  [2381.8555 2342.914  2301.6663 2258.316  2213.2625 2167.075  2120.4375
   2074.077  2028.6947 1984.9117]
  [2392.9387 2356.047  2316.3503 2274.0806 2229.682  2183.77   2137.071
   2090.3433 2044.3145 1999.6306]
  [2402.0732 2366.597  2328.0588 2286.748  2243.1504 2197.9004 2151.7144
   2105.3228 2059.4146 2014.603 ]]

 [[2345.0356 2288.6885 2234.3665 2182.7327 2134.3267 2089.5356 2048.5742
   2011.479  1978.1235 1948.2512]
  [2354.0366 2299.7905 2247.2244 2196.9407 2149.4253 2105.0205 2063.912
   2026.1313 1991.5791 1960.0599]
  [2365.2683 2313.5737 2262.9985 2214.055  2167.171  2122.6704 2080.7644
   2041.5555 2005.0541 1971.2002]
  [2378.202  2329.3535 2280.8687 2233.157  2186.6013 2141.5483 2098.2979
   2057.0962 2018.128  1981.5197]
  [2392.2097 2346.3057 2299.8774 2253.2375 2206.751  2160.8313 2115.9175
   2072.4424 2030.7997 1991.3143]
  [2406.5938 2363.5264 2319.0078 2273.2808 2226.7266 2179.853  2133.256
   2087.56   2043.3556 2001.1505]
  [2420.601  2380.0745 2337.2402 2292.313  2245.7136 2198.0488 2150.0508
   2102.498  2056.1353 2011.6084]
  [2433.436  2395.016  2353.6033 2309.4248 2262.9526 2214.8677 2165.9917
   2117.1924 2069.301  2023.0466]
  [2444.2979 2407.4802 2367.227  2323.8057 2277.7322 2229.7273 2180.6372
   2131.3481 2082.706  2035.4594]
  [2452.4475 2416.736  2377.4124 2334.796  2289.4324 2242.0388 2193.4321
   2144.4507 2095.8901 2048.4617]]

 [[2377.7317 2324.128  2272.5347 2223.545  2177.6243 2135.08   2096.0435
   2060.4739 2028.1818 1998.8726]
  [2390.416  2339.003  2289.1284 2241.3057 2195.9343 2153.2842 2113.4832
   2076.5269 2042.3058 2010.6398]
  [2405.171  2356.2305 2308.1304 2261.2842 2216.042  2172.6785 2131.389
   2092.292  2055.4382 2020.8278]
  [2421.2773 2374.9258 2328.5269 2282.4    2236.8757 2192.2905 2148.975
   2107.2373 2067.3442 2029.5076]
  [2437.9353 2394.117  2349.2568 2303.6025 2257.5054 2211.4092 2165.8247
   2121.2803 2078.272  2037.2208]
  [2454.3118 2412.8218 2369.2966 2323.9512 2277.188  2229.5806 2181.8223
   2134.6494 2088.7612 2044.7605]
  [2469.5745 2430.0955 2387.7063 2342.6257 2295.3232 2246.4897 2196.9656
   2147.6433 2099.374  2052.8926]
  [2482.9155 2445.067  2403.6465 2358.9036 2311.3706 2261.8174 2211.169
   2160.4023 2110.4482 2062.12  ]
  [2493.5916 2456.9797 2416.4014 2372.1519 2324.805  2275.1597 2224.1553
   2172.776  2121.9617 2072.543 ]
  [2500.9783 2465.242  2425.4211 2381.857  2335.1377 2286.0427 2235.4666
   2184.333  2133.5278 2083.8442]]

 [[2409.851  2359.107  2310.3672 2264.1418 2220.8052 2180.5664 2143.4617
   2109.3657 2078.0312 2049.137 ]
  [2426.0215 2377.4814 2330.3423 2285.0166 2241.8142 2200.9229 2162.4094
   2126.2366 2092.2886 2060.4097]
  [2443.9824 2397.759  2352.1028 2307.3313 2263.7192 2221.4949 2180.838
   2141.8816 2104.7173 2069.4028]
  [2462.8672 2418.9124 2374.5225 2329.94   2285.4526 2241.3901 2198.1113
   2155.9773 2115.3237 2076.4346]
  [2481.7642 2439.9006 2396.528  2351.85   2306.211  2260.0862 2214.0444
   2168.6902 2124.5994 2082.267 ]
  [2499.7769 2459.743  2417.171  2372.2642 2325.4517 2277.3628 2228.7668
   2180.4827 2133.29   2087.8584]
  [2516.0579 2477.553  2435.637  2390.544  2342.7896 2293.1326 2242.4927
   2191.8438 2142.1099 2094.0894]
  [2529.8325 2492.5542 2451.2314 2406.1436 2357.8735 2307.2598 2255.3008
   2203.0498 2151.5066 2101.543 ]
  [2540.43   2504.1006 2463.3735 2418.5728 2370.318  2319.4668 2267.024
   2214.0435 2161.5312 2110.379 ]
  [2547.3264 2511.7117 2471.6226 2427.4175 2379.7183 2329.3496 2277.2612
   2224.4424 2171.8438 2120.3228]]]
"""
