raw_data = """
[[[2112.75   2047.6244 1984.9171 1925.3567 1869.5338 1817.8895 1770.7091
   1728.1322 1690.1644 1656.7002]
  [2100.1929 2036.082  1974.5605 1916.4176 1862.277  1812.5726 1767.5419
   1727.2367 1691.5513 1660.2622]
  [2088.1892 2026.0125 1966.5706 1910.676  1858.9473 1811.7772 1769.3248
   1731.5325 1698.1732 1668.9125]
  [2077.09   2017.8015 1961.3674 1908.5704 1859.9744 1815.8873 1776.3557
   1741.1989 1710.0735 1682.559 ]
  [2067.496  2011.9979 1959.437  1910.5063 1865.6597 1825.0742 1788.6599
   1756.1104 1726.9908 1700.8359]
  [2060.2324 2009.2775 1961.2786 1916.785  1876.0895 1839.2075 1805.9048
   1775.7694 1748.3154 1723.085 ]
  [2056.2295 2010.3223 1967.2898 1927.4948 1891.0435 1857.7843 1827.3588
   1799.2906 1773.0951 1748.3727]
  [2056.3242 2015.6375 1977.6062 1942.3932 1909.9231 1879.9075 1851.9124
   1825.4559 1800.1056 1775.5557]
  [2061.0254 2025.3507 1991.9541 1960.8187 1931.7324 1904.3312 1878.1744
   1852.834  1827.97   1803.3839]
  [2070.3237 2039.0665 2009.5671 1981.684  1955.1414 1929.579  1904.6201
   1879.9379 1855.3055 1830.6204]]

 [[2141.1204 2075.8555 2012.9935 1953.3047 1897.4154 1845.7933 1798.7429
   1756.4095 1718.795  1685.7808]
  [2130.1958 2066.044  2004.4392 1946.2086 1892.0084 1842.2965 1797.3235
   1757.1437 1721.6436 1690.5841]
  [2120.204  2058.1    1998.64   1942.666  1890.8248 1843.5294 1800.9497
   1763.0321 1729.5468 1700.153 ]
  [2111.4973 2052.4028 1995.9978 1943.0834 1894.2435 1849.8046 1809.8292
   1774.15   1742.4401 1714.295 ]
  [2104.6362 2049.4438 1996.9218 1947.769  1902.4515 1861.1676 1823.857
   1790.2526 1759.9668 1732.5879]
  [2100.3496 2049.768  2001.7533 1956.8435 1915.3424 1877.2988 1842.5345
   1810.715  1781.4457 1754.3651]
  [2099.3997 2053.8484 2010.6434 1970.1299 1932.4329 1897.4589 1864.9446
   1834.5374 1805.8896 1778.735 ]
  [2102.3755 2061.898  2023.4098 1987.0636 1952.8265 1920.5063 1889.8086
   1860.4193 1832.078  1804.6321]
  [2109.4707 2073.7007 2039.4308 2006.6606 1975.258  1944.999  1915.6238
   1886.9    1858.6752 1830.9017]
  [2120.3335 2088.525  2057.6375 2027.5884 1998.2262 1969.3691 1940.8457
   1912.5323 1884.3759 1856.4058]]

 [[2171.3047 2106.461  2043.975  1984.6411 1929.1074 1877.8612 1831.2195
   1789.3341 1752.2048 1719.7015]
  [2162.6077 2099.0024 2037.8562 1980.011  1926.1385 1876.7114 1831.9902
   1792.0344 1756.7308 1725.8352]
  [2155.2236 2093.782  2034.8276 1979.2056 1927.5706 1880.3475 1837.7186
   1799.6442 1765.909  1736.1864]
  [2149.4624 2091.1216 2035.2146 1982.533  1933.6624 1888.9426 1848.462
   1812.0895 1779.5416 1750.4624]
  [2145.7886 2091.3892 2039.2804 1990.1362 1944.4231 1902.3655 1863.9545
   1828.9971 1797.1931 1768.2201]
  [2144.7664 2094.9346 2047.1438 2001.901  1959.518  1920.0952 1883.5461
   1849.6587 1818.1742 1788.8601]
  [2146.9233 2101.958  2058.6653 2017.3635 1978.2081 1941.1954 1906.2019
   1873.0463 1841.5573 1811.626 ]
  [2152.5488 2112.3496 2073.338  2035.6632 1999.3595 1964.3687 1930.5814
   1897.8895 1866.2318 1835.62  ]
  [2161.5103 2125.5674 2090.245  2055.5786 2021.5472 1988.1008 1955.193
   1922.8099 1890.9945 1859.8511]
  [2173.1584 2140.6245 2108.127  2075.6648 2043.2378 2010.8619 1978.5826
   1946.4807 1914.6736 1883.313 ]]

 [[2203.0605 2139.1812 2077.5947 2019.0984 1964.3485 1913.8405 1867.899
   1826.6783 1790.1746 1758.2456]
  [2197.1377 2134.6484 2074.4932 2017.5042 1964.351  1915.5078 1871.2411
   1831.6176 1796.5288 1765.7335]
  [2192.8823 2132.6714 2074.7334 2019.8893 1968.7811 1921.8344 1879.2449
   1840.9967 1806.9053 1776.6763]
  [2190.5146 2133.4553 2078.4968 2026.3901 1977.7039 1932.7875 1891.7645
   1854.562  1820.9674 1790.6981]
  [2190.342  2137.1821 2085.8337 2036.9218 1990.9001 1948.0264 1908.3654
   1871.8291 1838.2386 1807.3893]
  [2192.7036 2143.9456 2096.5928 2051.1035 2007.7992 1966.8499 1928.2924
   1892.0732 1858.1017 1826.2976]
  [2197.8394 2153.6394 2110.3306 2068.203  2027.4557 1988.2017 1950.4906
   1914.344  1879.7902 1846.8876]
  [2205.7231 2165.8394 2126.2603 2087.1409 2048.6035 2010.7507 1973.6829
   1937.5162 1902.3967 1868.5011]
  [2215.9255 2179.7456 2143.2695 2106.583  2069.7942 2033.0435 1996.5051
   1960.386  1924.9191 1890.3541]
  [2227.5942 2194.237  2160.0461 2125.1125 2089.5916 2053.6943 2017.672
   1981.7976 1946.3462 1911.5867]]

 [[2236.0889 2173.6763 2113.4802 2056.2842 2002.7374 1953.332  1908.3896
   1868.0594 1832.3264 1801.0305]
  [2233.3982 2172.547  2113.8792 2058.1938 2006.1396 1958.1791 1914.5778
   1875.4053 1840.5602 1809.8102]
  [2232.6743 2174.2056 2117.753  2064.086  2013.8137 1967.3523 1924.9093
   1886.4989 1851.9784 1821.1005]
  [2233.9976 2178.6829 2125.0752 2073.8599 2025.5721 1980.5673 1939.0111
   1900.9042 1866.1248 1834.4833]
  [2237.4668 2185.92   2135.6338 2087.164  2040.9453 1997.2726 1956.3008
   1918.0698 1882.5425 1849.6477]
  [2243.1504 2195.7212 2148.9893 2103.3574 2059.1577 2016.6434 1975.9962
   1937.3406 1900.769  1866.3602]
  [2250.983  2207.6782 2164.4297 2121.5015 2079.1472 2037.6113 1997.133
   1957.9464 1920.2826 1884.3668]
  [2260.643  2221.1072 2180.973  2140.4111 2099.642  2058.9375 2018.6097
   1978.9978 1940.4465 1903.2894]
  [2271.4805 2235.0535 2197.436  2158.771  2119.2974 2079.338  2039.2764
   1999.5244 1960.4933 1922.5702]
  [2282.5505 2248.3875 2212.58   2175.3076 2136.8647 2097.6353 2058.052
   2018.56   1979.5795 1941.4917]]

 [[2270.043  2209.5361 2151.1711 2095.7021 2043.7563 1995.8074 1952.1594
   1912.9419 1878.1155 1847.4941]
  [2270.924  2212.1597 2155.4138 2101.4353 2050.832  2004.042  1961.3154
   1922.7186 1888.1539 1857.3966]
  [2273.9827 2217.683  2163.1152 2110.9753 2061.8242 2016.0557 1973.8843
   1935.3546 1900.3718 1868.7441]
  [2279.1182 2225.9167 2173.9917 2123.9434 2076.2617 2031.3018 1989.2755
   1950.2642 1914.2471 1881.1367]
  [2286.1865 2236.5334 2187.5527 2139.718  2093.4414 2049.058  2006.8196
   1966.9014 1929.4152 1894.4272]
  [2294.9722 2249.0515 2203.0957 2157.4482 2112.457  2068.4644 2025.7986
   1984.7654 1945.6377 1908.649 ]
  [2305.123  2262.8066 2219.7144 2176.088  2132.2402 2088.5493 2045.4374
   2003.3436 1962.6898 1923.8564]
  [2316.0825 2276.9443 2236.341  2194.4634 2151.6294 2108.2683 2064.8896
   2022.0342 1980.2306 1939.956 ]
  [2327.0732 2290.463  2251.835  2211.3862 2169.4707 2126.5718 2083.2563
   2040.1188 1997.7312 1956.6089]
  [2337.1606 2302.3252 2265.1182 2225.789  2184.7437 2142.5068 2099.665
   2056.812  2014.503  1973.2308]]

 [[2304.545  2246.3071 2190.1497 2136.784  2086.7986 2040.6312 1998.5482
   1960.6385 1926.8231 1896.8789]
  [2309.2002 2252.8782 2198.411  2146.478  2097.6326 2052.2686 2010.6074
   1972.7    1938.4441 1907.6243]
  [2316.1284 2262.317  2209.9426 2159.6128 2111.8254 2066.9404 2025.1703
   1986.5864 1951.142  1918.7046]
  [2325.0208 2274.1887 2224.188  2175.525  2128.6357 2083.8706 2041.4838
   2001.6362 1964.4078 1929.8136]
  [2335.4849 2287.9028 2240.3997 2193.3667 2147.1914 2102.2458 2058.8772
   2017.3903 1978.0396 1941.0209]
  [2347.0427 2302.736  2257.6797 2212.163  2166.5503 2121.2686 2076.7856
   2033.573  1992.0679 1952.6442]
  [2359.1106 2317.8481 2275.0237 2230.8652 2185.7422 2140.1545 2094.6895
   2049.9653 2006.5737 1965.0321]
  [2370.9775 2332.3076 2291.3813 2248.411  2203.7979 2158.1104 2112.0254
   2066.2593 2021.4988 1978.3516]
  [2381.8237 2345.1562 2305.7336 2263.7969 2219.7925 2174.336  2128.1465
   2081.9731 2036.5315 1992.4553]
  [2390.7974 2355.503  2317.1968 2276.1748 2232.9258 2188.0842 2142.3608
   2096.4785 2051.1162 2006.874 ]]

 [[2339.2095 2283.5234 2229.876  2178.9233 2131.1982 2087.0808 2046.7761
   2010.3123 1977.5531 1948.2349]
  [2347.6992 2294.0735 2242.1462 2192.5166 2145.664  2101.9238 2061.4727
   2024.3309 1990.3885 1959.4402]
  [2358.425  2307.3037 2257.3252 2209.001  2162.7542 2118.9014 2077.6443
   2039.0745 2003.1893 1969.9185]
  [2370.8667 2322.538  2274.6028 2227.469  2181.517  2137.0872 2094.4705
   2053.9    2015.5486 1979.5303]
  [2384.4062 2338.9658 2293.0347 2246.9253 2201.004  2155.6765 2111.3735
   2068.516  2027.4843 1988.5905]
  [2398.3564 2355.6948 2311.6182 2266.373  2220.3398 2174.022  2128.0076
   2082.9087 2039.3033 1997.686 ]
  [2411.9768 2371.7979 2329.3506 2284.8535 2238.729  2191.5796 2144.13
   2097.148  2051.3662 2007.4174]
  [2424.4797 2386.3516 2345.272  2301.4731 2255.4275 2207.815  2159.4482
   2111.1875 2063.852  2018.1584]
  [2435.069  2398.492  2358.5212 2315.4287 2269.7344 2222.1553 2173.5332
   2124.7449 2076.627  2029.9166]
  [2443.0073 2407.4895 2368.4006 2326.066  2281.0334 2234.0195 2185.8354
   2137.313  2089.2393 2042.3158]]

 [[2373.6719 2320.7363 2269.8174 2221.5024 2176.2505 2134.3608 2095.956
   2060.9858 2029.2515 2000.4492]
  [2385.9202 2335.1382 2285.9067 2238.7334 2194.0132 2152.0068 2112.8325
   2076.4758 2042.8162 2011.6636]
  [2400.235  2351.8833 2304.3872 2258.1572 2213.5386 2170.7986 2130.122
   2091.6162 2055.3208 2021.2267]
  [2415.903  2370.0906 2324.2495 2278.6978 2233.7625 2189.7717 2147.0474
   2105.886  2066.5435 2029.221 ]
  [2432.129  2388.795  2344.4404 2299.3147 2253.7646 2208.228  2163.207
   2119.2185 2076.749  2036.2084]
  [2448.0881 2407.024  2363.9495 2319.0808 2272.8188 2225.7314 2178.5044
   2131.8638 2086.4993 2043.0023]
  [2462.9578 2423.8445 2381.8494 2337.192  2290.3423 2241.9868 2192.9585
   2144.1414 2096.3765 2050.3892]
  [2475.9395 2438.3977 2397.314  2352.9414 2305.812  2256.693  2206.503
   2156.2104 2106.7383 2058.8901]
  [2486.2966 2449.9355 2409.6394 2365.7083 2318.716  2269.46   2218.8738
   2167.935  2117.5757 2068.6182]
  [2493.409  2457.8718 2418.2827 2374.987  2328.575  2279.8242 2229.6243
   2178.8948 2128.5137 2079.2668]]

 [[2407.6106 2357.5398 2309.473  2263.9136 2221.23   2181.6228 2145.1191
   2111.584  2080.7595 2052.3174]
  [2423.4192 2375.5205 2329.025  2284.3408 2241.7715 2201.496  2163.5718
   2127.9502 2094.506  2063.0747]
  [2441.0054 2395.382  2350.3323 2306.1685 2263.1594 2221.5256 2181.436
   2143.014  2106.341  2071.4673]
  [2459.5    2416.0974 2372.2678 2328.2505 2284.3281 2240.822  2198.082
   2156.4602 2116.2822 2077.8257]
  [2477.9932 2436.6277 2393.7627 2349.6008 2304.4814 2258.874  2213.339
   2168.4722 2124.8408 2082.933 ]
  [2495.5955 2455.9995 2413.8782 2369.4343 2323.0933 2275.4805 2227.357
   2179.5337 2132.7832 2087.7683]
  [2511.4675 2473.3381 2431.8142 2387.1292 2339.7974 2290.5732 2240.37
   2190.1553 2140.847  2093.2344]
  [2524.8452 2487.8809 2446.8906 2402.1567 2354.2603 2304.0366 2252.4785
   2200.6343 2149.497  2099.9316]
  [2535.0684 2498.9932 2458.5427 2414.0427 2366.1138 2315.6094 2263.5317
   2210.9292 2158.802  2108.0347]
  [2541.621  2506.2058 2466.34   2422.386  2374.9656 2324.9023 2273.1426
   2220.671  2168.4326 2117.2805]]]
"""
