raw_data = """
[[[3052.892  2886.815  2721.2349 2558.5242 2400.9756 2250.6782 2109.3984
   1978.4823 1858.7941 1750.7124]
  [3070.415  2905.274  2740.3494 2578.1025 2420.9104 2270.9243 2129.9373
   1999.2809 1879.7759 1771.7449]
  [3084.5566 2921.9617 2759.3528 2599.203  2443.8928 2295.5564 2155.9468
   2026.3351 1907.4775 1799.6506]
  [3094.8435 2936.4219 2777.8325 2621.4658 2469.6064 2324.2805 2187.1216
   2059.2964 1941.4894 1833.9595]
  [3101.2449 2948.511  2795.5327 2644.52   2497.5596 2356.473  2222.7112
   2097.304  1980.8748 1873.7069]
  [3104.2334 2958.4453 2812.3801 2667.9827 2527.0547 2391.147  2261.4858
   2138.9631 2024.1667 1917.4501]
  [3104.6895 2966.7102 2828.4087 2691.4043 2557.171  2426.9636 2301.791
   2182.4316 2069.478  1963.385 ]
  [3103.6538 2973.8467 2843.5933 2714.1765 2586.7512 2462.311  2341.6953
   2225.6196 2114.7124 2009.5415]
  [3101.996  2980.1714 2857.6602 2735.45   2614.4414 2495.4475 2379.2131
   2266.4446 2157.8247 2054.0112]
  [3100.1162 2985.558  2869.9717 2754.1345 2638.7966 2524.6897 2412.5425
   2303.0884 2197.0566 2095.1482]]

 [[3047.3157 2879.9548 2713.0994 2549.2039 2390.6436 2239.5786 2097.829
   1966.7723 1847.2793 1739.7091]
  [3066.5994 2900.1677 2733.9043 2570.3518 2411.9727 2260.997  2119.282
   1988.2017 1868.5961 1760.7803]
  [3083.0876 2919.226  2755.216  2593.605  2436.861  2287.209  2146.481
   2016.0125 1896.605  1788.5538]
  [3096.253  2936.616  2776.5566 2618.5312 2464.9133 2317.8303 2179.0244
   2049.7615 1930.8118 1822.4929]
  [3105.9397 2952.0469 2797.5078 2644.5845 2495.4539 2352.063  2216.0056
   2088.462  1970.1952 1861.5975]
  [3112.4172 2965.4922 2817.7207 2671.0896 2527.5012 2388.6592 2255.9844
   2130.5764 2013.2227 1904.4346]
  [3116.279  2977.0984 2836.856  2697.214  2559.7688 2425.9707 2297.0762
   2174.1304 2057.9746 1949.2585]
  [3118.2024 2986.9968 2854.4568 2721.9292 2590.7283 2462.092  2337.1567
   2216.9475 2102.3687 1994.191 ]
  [3118.6536 2995.081  2869.8396 2744.0222 2618.7368 2495.085  2374.1406
   2256.934  2144.4163 2037.4309]
  [3117.6526 3000.8752 2882.0762 2762.1924 2642.226  2523.226  2406.253
   2292.3408 2182.452  2077.4324]]

 [[3038.981  2871.187  2703.929  2539.7056 2380.9343 2229.8164 2088.2046
   1957.494  1838.5594 1731.7489]
  [3060.2239 2893.3752 2726.656  2562.6467 2403.8555 2252.5605 2110.6636
   1979.577  1860.1632 1752.7454]
  [3079.2712 2915.0066 2750.4478 2588.1746 2430.7036 2280.3223 2138.9321
   2007.9396 1888.203  1780.0582]
  [3095.5093 2935.4656 2774.7131 2615.7295 2460.9448 2312.575  2172.4702
   2042.0157 1922.0892 1813.092 ]
  [3108.6086 2954.2637 2798.8127 2644.5356 2493.682  2348.3203 2210.21
   2080.7114 1960.7543 1850.8617]
  [3118.5688 2971.0662 2822.0735 2673.5967 2527.6377 2386.0742 2250.5532
   2122.4204 2002.687  1892.0336]
  [3125.6287 2985.632  2843.7554 2701.7034 2561.212  2423.9617 2291.4966
   2165.1616 2046.0598 1935.0275]
  [3130.0627 2997.669  2862.9985 2727.4775 2592.6113 2459.9202 2330.872
   2206.8174 2088.9302 1978.1599]
  [3131.9443 3006.7031 2878.8047 2749.4731 2620.0564 2491.9734 2366.6423
   2245.4072 2129.4648 2019.8068]
  [3131.0027 3012.0337 2890.1074 2766.3445 2642.0188 2518.499  2397.1665
   2279.3267 2166.1367 2058.5474]]

 [[3027.5554 2860.1575 2693.358  2529.6604 2371.4888 2221.0537 2080.2131
   1950.3677 1832.3916 1726.623 ]
  [3050.8247 2884.4072 2718.1025 2554.4878 2396.077  2245.1646 2103.6772
   1973.0543 1854.1835 1747.403 ]
  [3072.4692 2908.6313 2744.3655 2582.2383 2424.7783 2274.3086 2132.7886
   2001.6917 1881.942  1773.9275]
  [3091.7595 2932.0771 2771.395  2612.1748 2456.8733 2307.777  2166.8442
   2035.5839 1914.9935 1805.5677]
  [3108.1514 2954.013  2798.2947 2643.2646 2491.2283 2344.3772 2204.642
   2073.5747 1952.2819 1841.4153]
  [3121.3328 2973.768  2824.0532 2674.2017 2526.3164 2382.4587 2244.517
   2114.092  1992.4165 1880.3218]
  [3131.1614 2990.7107 2847.5642 2703.4727 2560.3252 2420.05   2284.4893
   2155.2842 2033.7794 1920.9646]
  [3137.521  3004.179  2867.6562 2729.4753 2591.35   2455.094  2322.5005
   2195.224  2074.6714 1961.9274]
  [3140.1653 3013.4387 2883.1562 2750.6907 2617.638  2485.7234 2356.683
   2232.1357 2113.476  2001.8014]
  [3138.6575 3017.7146 2893.019  2765.8762 2637.8188 2510.5032 2385.5825
   2264.5854 2148.8145 2039.2933]]

 [[3012.7446 2846.5256 2681.0112 2518.6729 2361.9082 2212.901  2073.4917
   1945.0668 1828.4882 1724.0823]
  [3037.9573 2872.7676 2707.7131 2545.3289 2388.098  2238.2998 2097.8618
   1968.2354 1850.3269 1744.49  ]
  [3062.046  2899.4092 2736.2434 2575.0667 2418.385  2268.5308 2127.501
   1996.825  1877.4896 1769.9336]
  [3084.1445 2925.5317 2765.6604 2606.9446 2451.8433 2302.6938 2161.5488
   2030.0326 1909.2543 1799.7935]
  [3103.477  2950.1501 2794.8071 2639.6855 2487.1323 2339.4512 2198.734
   2066.711  1944.6466 1833.3008]
  [3119.4143 2972.2732 2822.376  2671.7412 2522.568  2377.096  2237.4404
   2105.4316 1982.4895 1869.5604]
  [3131.4602 2990.9358 2846.9878 2701.4172 2556.2705 2413.7104 2275.851
   2144.5884 2021.4603 1907.5624]
  [3139.1746 3005.2107 2867.291  2727.0425 2586.3818 2447.3884 2312.14
   2182.538  2060.1638 1946.1912]
  [3142.0986 3014.2344 2882.0837 2747.165  2611.2974 2476.47   2344.6768
   2217.7488 2097.2231 1984.2633]
  [3139.7551 3017.2842 2890.4531 2760.7307 2629.8616 2499.7295 2372.1946
   2248.9468 2131.3926 2020.6008]]

 [[2994.3213 2830.0054 2666.5532 2506.3745 2351.8062 2204.9758 2067.6763
   1941.255  1826.5453 1723.8528]
  [3021.253  2858.022  2695.0024 2534.6545 2379.3997 2231.47   2092.7646
   1964.726  1848.261  1743.7318]
  [3047.463  2886.7307 2725.4265 2565.9907 2410.878  2262.401  2122.567
   1992.9392 1874.5476 1767.8674]
  [3071.9421 2915.042  2756.6929 2599.2417 2445.1257 2296.709  2156.1094
   2025.0377 1904.6882 1795.7013]
  [3093.6978 2941.7446 2787.4282 2632.9458 2480.6716 2332.996  2192.1384
   2059.9673 1937.8622 1826.6544]
  [3111.828  2965.5938 2816.1196 2665.427  2515.7993 2369.6255 2229.2026
   2096.5337 1973.1685 1860.122 ]
  [3125.5557 2985.397  2841.2444 2694.9539 2548.7087 2404.8674 2265.7542
   2133.4512 2009.6218 1895.419 ]
  [3134.215  3000.0818 2861.409  2719.923  2577.7107 2437.063  2300.2666
   2169.3962 2046.144  1931.7278]
  [3137.2432 3008.7705 2875.4878 2739.0366 2601.41   2464.792  2331.358
   2203.081  2081.588  1968.0764]
  [3134.2075 3010.8599 2882.7397 2751.4373 2618.8472 2487.006  2357.911
   2233.3555 2114.8145 2003.3871]]

 [[2972.1714 2810.4158 2649.745  2492.4814 2340.8706 2196.9531 2062.4414
   1938.6154 1826.2563 1725.6348]
  [3000.4922 2839.8777 2679.6157 2522.0696 2369.5674 2224.2642 2087.998
   1962.1713 1847.6678 1744.8429]
  [3028.3826 2870.186  2711.4517 2554.523  2401.7766 2255.4744 2117.6
   1989.715  1872.8602 1767.5281]
  [3054.7124 2900.109  2743.9653 2588.5486 2436.251  2289.4321 2150.2334
   2020.4069 1901.1873 1793.244 ]
  [3078.3196 2928.2737 2775.6484 2622.5957 2471.4944 2324.784  2184.7583
   2053.3623 1932.0336 1821.6337]
  [3098.1096 2953.2861 2804.9053 2654.9915 2505.8857 2360.0764 2219.9727
   2087.6768 1964.8003 1852.3792]
  [3113.123  2973.8438 2830.2007 2684.0974 2537.8179 2393.851  2254.6523
   2122.4058 1998.8333 1885.0992]
  [3122.5693 2988.8394 2850.2031 2708.465  2565.8323 2424.732  2287.5767
   2156.5337 2033.3458 1919.2389]
  [3125.8557 2997.444  2863.9065 2726.9695 2588.7395 2451.5173 2317.5823
   2188.9834 2067.3901 1954.0125]
  [3122.6228 2999.1753 2870.715  2738.9028 2605.717  2473.2769 2343.6516
   2218.6917 2099.9102 1988.4296]]

 [[2946.339  2787.7344 2630.4993 2476.8477 2328.9075 2188.6    2057.5234
   1936.8583 1827.3088 1729.0962]
  [2975.669  2818.2534 2661.4048 2507.367  2358.3525 2216.4048 2083.2686
   1960.2694 1848.2416 1747.5142]
  [3004.7637 2849.662  2694.146  2540.4458 2390.8376 2247.501  2112.3545
   1986.9164 1872.2024 1768.6957]
  [3032.413  2880.6372 2727.3452 2574.715  2425.0735 2280.7349 2143.8152
   2016.0527 1898.6748 1792.3469]
  [3057.36   2909.735  2759.4639 2608.6484 2459.646  2314.8955 2176.7017
   2047.0159 1927.2766 1818.3352]
  [3078.411  2935.5208 2788.9412 2640.6892 2493.129  2348.7856 2210.104
   2079.2036 1957.6969 1846.6007]
  [3094.5195 2956.6882 2814.3296 2669.3762 2524.1658 2381.2458 2243.1174
   2111.9854 1989.5698 1877.0132]
  [3104.846  2972.162  2834.411  2693.4448 2551.5332 2411.1638 2274.793
   2144.6082 2022.3514 1909.2312]
  [3108.7979 2981.1753 2848.2898 2711.9138 2574.204  2437.5083 2304.1377
   2176.1616 2055.2544 1942.623 ]
  [3106.0703 2983.3228 2855.455  2724.1538 2591.4224 2459.4033 2330.1865
   2205.6394 2087.29   1976.2766]]

 [[2917.0608 2762.1309 2608.9138 2459.4968 2315.8647 2179.7886 2052.7222
   1935.7164 1829.3765 1733.8646]
  [2947.0337 2793.3276 2640.4683 2490.5674 2345.697  2207.7625 2078.3784
   1958.7638 1849.6765 1751.4054]
  [2976.9028 2825.3857 2673.662  2523.8386 2378.0725 2238.4243 2106.7124
   1984.3698 1872.352  1771.113 ]
  [3005.4316 2856.96   2707.108  2557.959  2411.7502 2270.7124 2136.8862
   2011.943  1897.0588 1792.8676]
  [3031.3467 2886.6252 2739.3352 2591.521  2445.4888 2303.6274 2168.1873
   2041.0637 1923.6447 1816.7418]
  [3053.4382 2912.9978 2768.9058 2623.1604 2478.1086 2336.2515 2199.9934
   2071.4048 1952.0444 1842.8821]
  [3070.6458 2934.8345 2794.514  2651.625  2508.5095 2367.7036 2231.6785
   2102.5942 1982.1184 1871.3463]
  [3082.1184 2951.1194 2815.0632 2675.8198 2535.6677 2397.0872 2262.508
   2134.0808 2013.5055 1901.9528]
  [3087.266  2961.1287 2829.7322 2694.8591 2558.666  2423.4866 2291.6104
   2165.0796 2045.5428 1934.1886]
  [3085.7954 2964.4753 2838.0266 2708.124  2576.754  2446.0366 2318.0403
   2194.6187 2077.2954 1967.2136]]

 [[2884.7732 2733.973  2585.273  2440.6147 2301.8188 2170.482  2047.886
   1934.9336 1832.1173 1739.534 ]
  [2915.0913 2765.5276 2617.1406 2471.8987 2331.7144 2198.3298 2073.2063
   1957.4305 1851.6652 1756.1483]
  [2945.4092 2797.8906 2650.4392 2505.0347 2363.694  2228.337  2100.645
   1981.9353 1873.0787 1774.4812]
  [2974.5186 2829.76   2683.8496 2538.7708 2396.6504 2259.6025 2129.5483
   2008.0515 1896.2035 1794.5863]
  [3001.1921 2859.802  2716.039  2571.8835 2429.5625 2291.3696 2159.4482
   2035.5895 1921.0916 1816.706 ]
  [3024.2634 2886.7393 2745.7402 2603.231  2461.505  2322.9841 2189.976
   2064.4478 1947.866  1841.1349]
  [3042.6985 2909.4243 2771.8035 2631.762  2491.6035 2353.7964 2220.7222
   2094.445  1976.546  1868.0555]
  [3055.6504 2926.9001 2793.2358 2656.5173 2518.9885 2383.0674 2251.107
   2125.1738 2006.8965 1897.3923]
  [3062.5146 2938.456  2809.2498 2676.6594 2542.8018 2409.9534 2280.3384
   2155.9355 2038.3447 1928.7211]
  [3062.9707 2943.6765 2819.3186 2691.5356 2562.2651 2433.5728 2307.4746
   2185.7842 2070.003  1961.2659]]]
"""
