raw_data = """
[[[2443.5293 2348.881  2255.9458 2165.856  2079.6267 1998.1227 1922.0273
   1851.8229 1787.7809 1729.9731]
  [2443.9932 2350.8096 2259.376  2170.873  2086.3445 2006.6478 1932.424
   1864.0787 1801.7869 1745.5177]
  [2443.8145 2353.2722 2264.5156 2178.725  2096.918  2019.8981 1948.2185
   1882.1761 1821.8323 1767.0637]
  [2443.0483 2356.3423 2271.4626 2189.524  2111.4531 2037.9375 1969.3971
   1905.9929 1847.674  1794.2472]
  [2442.0557 2360.2925 2280.3916 2203.33   2129.8765 2060.5415 1995.5726
   1934.9868 1878.6394 1826.311 ]
  [2441.5093 2365.5884 2291.5298 2220.1096 2151.878  2087.13   2025.9263
   1968.1536 1913.6133 1862.113 ]
  [2442.2827 2372.7815 2305.0596 2239.6484 2176.8518 2116.7432 2059.2166
   2004.0714 1951.1078 1900.2087]
  [2445.239  2382.3206 2320.9673 2261.46   2203.8655 2148.0757 2093.8755
   2041.0383 1989.4155 1938.9938]
  [2450.9634 2394.3281 2338.891  2284.711  2231.6802 2179.583  2128.1743
   2077.2673 2026.8011 1976.8706]
  [2459.5366 2408.44   2358.0369 2308.2368 2258.8481 2209.641  2160.4214
   2111.0933 2061.695  2012.4073]]

 [[2454.7322 2359.6125 2266.1958 2175.6606 2089.0693 2007.3237 1931.1346
   1861.0005 1797.1957 1739.7817]
  [2456.8872 2363.308  2271.4292 2182.4736 2097.5276 2017.4858 1943.0165
   1874.5422 1812.2433 1756.0853]
  [2458.8828 2368.0374 2278.8628 2192.5745 2110.227  2032.6602 1960.4581
   1893.9438 1833.1982 1778.1108]
  [2460.7566 2373.848  2288.5586 2206.0244 2127.204  2052.8232 1983.3435
   1918.973  1859.7078 1805.4008]
  [2462.7952 2380.918  2300.5747 2222.749  2148.2354 2077.5928 2011.1324
   1948.9528 1890.999  1837.1434]
  [2465.5278 2389.5327 2314.9268 2242.4805 2172.7715 2106.1616 2042.8116
   1982.7377 1925.8839 1872.1959]
  [2469.6052 2399.9736 2331.4922 2264.6846 2199.895  2137.297  2076.933
   2018.7848 1962.8445 1909.1705]
  [2475.5872 2412.3416 2349.887  2288.5063 2228.3435 2169.4321 2111.7559
   2055.3167 2000.1914 1946.5598]
  [2483.699  2426.3782 2369.372  2312.777  2256.6055 2200.834  2145.456
   2090.5396 2036.2555 1982.8823]
  [2493.6594 2441.3755 2388.8584 2336.105  2283.0933 2229.8237 2176.3604
   2122.8584 2069.5679 2016.821 ]]

 [[2465.8127 2370.8523 2277.57   2187.17   2100.7378 2019.1995 1943.2853
   1873.5049 1810.1373 1753.2385]
  [2470.0723 2376.7483 2285.0437 2196.1997 2111.32   2031.3221 1956.8949
   1888.48   1826.2716 1770.2433]
  [2474.6592 2384.1516 2295.1514 2208.876  2126.397  2048.5757 1976.0289
   1909.1157 1847.9546 1792.4706]
  [2479.5542 2393.0376 2307.8599 2225.147  2145.8706 2070.7883 2000.4165
   1935.0319 1874.7086 1819.3752]
  [2484.9172 2403.4302 2323.0513 2244.7432 2169.3167 2097.3843 2029.3491
   1965.4265 1905.6918 1850.1389]
  [2491.0686 2415.37   2340.4727 2267.1208 2195.9248 2127.3354 2061.6558
   1999.0756 1939.7224 1883.7069]
  [2498.3699 2428.8162 2359.663  2291.4204 2224.4968 2159.2017 2095.7742
   2034.4231 1975.3661 1918.8508]
  [2507.0322 2443.5005 2379.8796 2316.4717 2253.5264 2191.2666 2129.9194
   2069.7485 2011.0714 1954.2582]
  [2516.924  2458.8203 2400.0833 2340.874  2281.3628 2221.7544 2162.312
   2103.3699 2045.3275 1988.6313]
  [2527.4688 2473.8264 2419.0193 2363.1606 2306.4253 2249.0627 2191.4014
   2133.837  2076.8135 2020.7924]]

 [[2476.4795 2382.284  2289.7373 2200.0447 2114.296  2033.4253 1958.17
   1889.047  1826.3381 1770.0945]
  [2483.171  2390.7224 2299.7964 2211.6196 2127.2947 2047.7433 1973.6682
   1905.529  1843.5398 1787.6927]
  [2490.6462 2401.0815 2312.8257 2227.0693 2144.8745 2067.1152 1994.438
   1927.2467 1865.7134 1809.816 ]
  [2498.7898 2413.2146 2328.644  2246.1665 2166.7458 2091.1704 2020.0195
   1953.6586 1892.2628 1835.8578]
  [2507.5847 2426.9373 2346.903  2268.4014 2192.2515 2119.1282 2049.5479
   1983.8716 1922.3298 1865.0577]
  [2517.0896 2442.0037 2367.0522 2292.9487 2220.3394 2149.7876 2081.7666
   2016.6719 1954.834  1896.5345]
  [2527.3398 2458.0295 2388.3042 2318.6675 2249.609  2181.605  2115.1208
   2050.6143 1988.5347 1929.3105]
  [2538.197  2474.412  2409.6248 2344.1724 2278.4382 2212.8584 2147.9211
   2084.1572 2022.1165 1962.3379]
  [2549.2224 2490.2905 2429.792  2367.9746 2305.184  2241.865  2178.5479
   2115.8193 2054.287  1994.5399]
  [2559.6494 2504.6057 2447.5322 2388.6719 2328.396  2267.1936 2205.6343
   2144.3298 2083.8882 2024.8805]]

 [[2486.4355 2393.5615 2302.315  2213.8787 2129.329  2049.589  1975.3916
   1907.2505 1845.4425 1790.0137]
  [2495.771  2404.7644 2315.178  2228.2021 2144.912  2066.2202 1992.8318
   1925.2203 1863.6206 1808.0465]
  [2506.2827 2418.2043 2331.219  2246.4646 2164.974  2087.6206 2015.0765
   1947.7944 1886.0074 1829.7554]
  [2517.7231 2433.5693 2350.0593 2268.2197 2188.9937 2113.1948 2041.4698
   1974.2833 1911.9227 1854.5189]
  [2529.8618 2450.4353 2371.0957 2292.7053 2216.0867 2141.984  2071.0376
   2003.7655 1940.5623 1881.7026]
  [2542.4717 2468.2583 2393.4915 2318.8486 2245.0225 2172.6987 2102.5356
   2035.1375 1971.0358 1910.6699]
  [2555.2644 2486.344  2416.1938 2345.3213 2274.313  2203.821  2134.5417
   2067.1743 2002.382  1940.7511]
  [2567.7957 2503.8289 2437.9854 2370.6543 2302.3613 2233.7563 2165.5781
   2098.601  2033.5797 1971.1958]
  [2579.4077 2519.7092 2457.5933 2393.4019 2327.6526 2261.0134 2194.2544
   2128.1821 2063.5806 2001.1577]
  [2589.2588 2532.9402 2473.84   2412.3228 2348.936  2284.372  2219.4048
   2154.8245 2091.3774 2029.7296]]

 [[2495.3962 2404.3381 2314.904  2228.2383 2145.3823 2067.232  1994.4976
   1927.6744 1867.0232 1812.575 ]
  [2507.4634 2418.3923 2330.6497 2245.3672 2163.5762 2086.1602 2013.8137
   1947.0143 1886.0104 1830.8372]
  [2521.0056 2434.8762 2349.6267 2266.3235 2185.9531 2109.375  2037.2793
   1970.1621 1908.3148 1851.8396]
  [2535.6187 2453.2854 2371.236  2290.422  2211.7563 2136.0698 2064.0732
   1996.3279 1933.2288 1875.0077]
  [2550.8474 2472.9534 2394.6292 2316.6768 2239.92   2165.17   2093.188
   2024.6423 1960.0771 1899.8928]
  [2566.1921 2493.0713 2418.741  2343.848  2269.1338 2195.4062 2123.4966
   2054.2014 1988.2267 1926.1459]
  [2581.0837 2512.7075 2442.3518 2370.5374 2297.9475 2225.4038 2153.8088
   2084.0732 2017.0391 1953.4203]
  [2594.8484 2530.84   2464.1804 2395.3152 2324.9048 2253.7903 2182.9253
   2113.289  2045.8021 1981.2604]
  [2606.7063 2546.43   2483.0083 2416.8723 2348.6882 2279.3115 2209.707
   2140.8618 2073.702  2009.0337]
  [2615.8354 2558.5269 2497.8152 2434.1626 2368.2556 2300.9453 2233.166
   2165.8503 2099.8608 2035.9471]]

 [[2503.121  2414.3015 2327.1343 2242.7058 2162.006  2085.8845 2015.0077
   1949.831  1890.5829 1837.2693]
  [2517.8916 2431.167  2345.7034 2262.5564 2182.696  2106.9602 2036.0148
   1970.325  1910.1425 1855.5154]
  [2534.325  2450.5166 2367.398  2285.9495 2207.0986 2131.677  2060.3787
   1993.7301 1932.0706 1875.556 ]
  [2551.8533 2471.6528 2391.4065 2311.9834 2234.2578 2159.0693 2087.1802
   2019.231  1955.7087 1896.9296]
  [2569.8152 2493.6992 2416.6848 2339.5137 2263.0093 2188.04   2115.4695
   2046.0913 1980.5728 1919.4142]
  [2587.4854 2515.6519 2442.0283 2367.2393 2292.072  2217.441  2144.3223
   2073.667  2006.319  1942.9539]
  [2604.0872 2536.4346 2466.1602 2393.804  2320.1382 2246.1248 2172.835
   2101.3438 2032.6301 1967.5042]
  [2618.8032 2554.9663 2487.8342 2417.9065 2345.9578 2272.9824 2200.102
   2128.4531 2059.0808 1992.8691]
  [2630.8108 2570.2456 2505.945  2438.4116 2368.4275 2296.9912 2225.2168
   2154.2275 2085.06   2018.6017]
  [2639.3552 2581.4482 2519.6365 2454.4521 2386.6804 2317.2886 2247.3286
   2177.8442 2109.7944 2044.0038]]

 [[2509.4448 2423.2168 2338.7031 2256.9214 2178.792  2105.0945 2036.4286
   1973.189  1915.5533 1863.4945]
  [2526.798  2442.7468 2359.9197 2279.285  2201.7358 2128.0464 2058.8345
   1994.5355 1935.3898 1881.4518]
  [2545.8894 2464.6848 2384.0134 2304.7627 2227.7915 2153.8887 2083.7368
   2017.8739 1956.6713 1900.3275]
  [2566.0017 2488.1648 2409.9985 2332.2915 2255.8745 2181.582  2110.2085
   2042.4509 1978.8635 1919.8274]
  [2586.3115 2512.161  2436.7144 2360.6619 2284.8208 2210.1018 2137.4426
   2067.7275 2001.713  1939.9724]
  [2605.935  2535.559  2462.915  2388.6118 2313.474  2238.4985 2164.7676
   2093.3418 2025.1619 1960.9739]
  [2623.969  2557.2334 2487.3604 2414.9116 2340.732  2265.8887 2191.5747
   2118.9797 2049.176  1983.0386]
  [2639.527  2576.1143 2508.8994 2438.43   2365.5679 2291.4194 2217.2249
   2144.2285 2073.5652 2006.1783]
  [2651.7915 2591.272  2526.556  2458.1992 2387.0688 2314.2627 2241.
   2168.4998 2097.8813 2030.0942]
  [2660.084  2601.9958 2539.6042 2473.4858 2404.4917 2333.6655 2262.1445
   2191.0544 2121.431  2054.165 ]]

 [[2514.3042 2430.9512 2349.407  2270.6084 2195.3877 2124.4338 2058.257
   1997.1729 1941.2961 1890.5624]
  [2534.0596 2452.9248 2373.0063 2295.1782 2220.2427 2148.8945 2081.686
   2019.0079 1961.0785 1907.9534]
  [2555.5283 2477.121  2399.1265 2322.3374 2247.5366 2175.4604 2106.7617
   2041.9739 1981.4844 1925.5219]
  [2577.8782 2502.5537 2426.6714 2350.9421 2276.1504 2203.1155 2132.643
   2065.4602 2002.1631 1943.178 ]
  [2600.1787 2528.1196 2454.4475 2379.8079 2305.0107 2230.9895 2158.7266
   2089.1611 2023.1042 1961.1752]
  [2621.461  2552.6785 2481.2559 2407.795  2333.1497 2258.3706 2184.6064
   2112.9841 2044.5006 1979.9432]
  [2640.7644 2575.1226 2505.9539 2433.8435 2359.6897 2284.632  2209.9375
   2136.8647 2066.5396 1999.8746]
  [2657.1848 2594.4377 2527.512  2456.9949 2383.8108 2309.1396 2234.2954
   2160.5889 2089.206  2021.1282]
  [2669.9294 2609.7695 2545.0667 2476.4175 2404.745  2331.212  2257.1025
   2183.6982 2112.1704 2043.5115]
  [2678.3833 2620.4897 2557.981  2491.4624 2421.8247 2350.161  2277.661
   2205.509  2134.797  2066.4668]]

 [[2517.7473 2437.483  2359.1445 2283.5723 2211.4956 2143.4966 2079.9805
   2021.1729 1967.1228 1917.7318]
  [2539.6926 2461.6345 2384.804  2309.9744 2237.8506 2169.0352 2104.0083
   2043.1051 1986.5176 1934.3005]
  [2563.2507 2487.7463 2412.5623 2338.4001 2265.9644 2195.9321 2128.917
   2065.435  2005.8762 1950.4893]
  [2587.5142 2514.7693 2441.286  2367.709  2294.776  2223.2832 2154.0298
   2087.7524 2025.0665 1966.4244]
  [2611.5032 2541.5925 2469.828  2396.8213 2323.373  2250.4248 2178.9768
   2109.9922 2044.3049 1982.5577]
  [2634.2239 2567.1143 2497.0933 2424.7644 2351.0015 2276.885  2203.5955
   2132.2883 2063.9814 1999.4779]
  [2654.7114 2590.291  2522.0703 2450.6604 2376.996  2302.2593 2227.7534
   2154.7634 2084.4365 2017.6951]
  [2672.073  2610.1814 2543.8496 2473.7026 2400.706  2326.0828 2251.1816
   2177.3413 2105.7683 2037.4576]
  [2685.5474 2625.996  2561.657  2493.1614 2421.4673 2347.7732 2273.3965
   2199.6475 2127.7246 2058.6406]
  [2694.5623 2637.1567 2574.9045 2508.4292 2438.646  2366.6733 2293.7305
   2221.0342 2149.7095 2080.7334]]]
"""
