raw_data = """
[[[2179.8442 2111.1038 2044.6084 1981.1387 1921.3431 1865.7201 1814.6145
   1768.2162 1726.572  1689.6044]
  [2170.2832 2102.7656 2037.6447 1975.7546 1917.7698 1864.1783 1815.2715
   1771.1505 1731.749  1696.8723]
  [2161.0718 2095.7427 2032.9421 1973.5173 1918.1292 1867.2158 1820.9824
   1779.4155 1742.3258 1709.4065]
  [2152.5034 2090.3555 2030.8483 1974.7883 1922.7686 1875.13   1831.9548
   1793.0983 1758.2502 1727.0192]
  [2145.1277 2087.0913 2031.7771 1979.8883 1931.8921 1887.9841 1848.0966
   1811.949  1779.135  1749.2213]
  [2139.7314 2086.5735 2036.1587 1989.0309 1945.4811 1905.5259 1868.9391
   1835.3253 1804.224  1775.2133]
  [2137.2256 2089.4458 2044.3308 2002.2234 1963.2108 1927.1282 1893.6119
   1862.196  1832.4196 1803.9237]
  [2138.4407 2096.1895 2056.3838 2019.1537 1984.3918 1951.7848 1920.886
   1891.2173 1862.3735 1834.0938]
  [2143.8906 2106.9177 2072.0103 2039.1099 2007.9626 1978.1731 1949.2843
   1920.8723 1892.6267 1864.397 ]
  [2153.574  2121.231  2090.4292 2060.9795 2032.5612 2004.7811 1977.2476
   1949.6405 1921.7643 1893.5646]]

 [[2203.9277 2135.04   2068.3875 2004.7894 1944.9293 1889.3347 1838.3674
   1792.224  1750.9474 1714.4469]
  [2196.0356 2128.4722 2063.2642 2001.2817 1943.2308 1889.6239 1840.7646
   1796.758  1757.532  1722.8778]
  [2188.899  2123.6384 2060.8135 2001.2982 1945.7787 1894.7135 1848.3198
   1806.5897 1769.3345 1736.2461]
  [2182.8062 2120.8484 2061.3594 2005.16   1952.8615 1904.8217 1861.1414
   1821.6934 1786.1898 1754.2637]
  [2178.2583 2120.5205 2065.2263 2013.0792 1964.5559 1919.8735 1878.9972
   1841.6923 1807.6105 1776.3823]
  [2175.9346 2123.136  2072.6729 2025.0737 1980.637  1939.4148 1901.2429
   1865.8129 1832.7689 1801.798 ]
  [2176.563  2129.113  2083.7747 2040.8701 2000.5042 1962.5726 1926.8173
   1892.9076 1860.5352 1829.4883]
  [2180.7126 2138.6257 2098.2903 2059.8235 2023.162  1988.0934 1954.3232
   1921.5563 1889.5739 1858.2832]
  [2188.5708 2151.435  2115.5586 2080.8965 2047.2809 2014.4639 1982.1823
   1950.2245 1918.4796 1886.962 ]
  [2199.7893 2166.806  2134.499  2102.7397 2071.3398 2040.0951 2008.831
   1977.4448 1945.9269 1914.3636]]

 [[2229.3633 2160.8923 2094.6194 2031.3857 1971.8964 1916.6953 1866.1567
   1820.4839 1779.7167 1743.7538]
  [2223.6921 2156.6704 2091.921  2030.3267 1972.6072 1919.2869 1870.6805
   1826.8987 1787.8707 1753.386 ]
  [2219.1821 2154.5771 2092.2515 2033.0798 1977.7545 1926.7434 1880.2771
   1838.3649 1800.8362 1767.4034]
  [2216.0757 2154.8586 2095.8525 2039.863  1987.5002 1939.1362 1894.899
   1854.7037 1818.3135 1785.4176]
  [2214.7688 2157.8037 2102.893  2050.7122 2001.7349 1956.2063 1914.1482
   1875.4083 1839.7365 1806.8636]
  [2215.7666 2163.6846 2113.397  2065.3982 2019.9939 1977.291  1937.2252
   1899.6223 1864.2753 1831.0135]
  [2219.5474 2172.6326 2127.1362 2083.3513 2041.4141 2001.3177 1962.9539
   1926.1772 1890.8701 1856.9908]
  [2226.37   2184.4893 2143.5369 2103.6257 2064.7637 2026.8823 1989.8838
   1953.6943 1918.3079 1883.8058]
  [2236.087  2198.686  2161.6436 2124.9524 2088.5623 2052.4111 2016.462
   1980.7355 1945.3273 1910.4117]
  [2248.0532 2214.2354 2180.192  2145.88   2111.2705 2076.3682 2041.2286
   2005.9646 1970.7445 1935.784 ]]

 [[2255.8916 2188.3801 2123.0122 2060.632  2001.9491 1947.514  1897.7067
   1852.7317 1812.6261 1777.2771]
  [2252.9346 2187.0183 2123.2593 2062.527  2005.5363 1952.8114 1904.6725
   1861.2368 1822.4427 1788.0854]
  [2251.5166 2188.1248 2126.8044 2068.4023 2013.5947 1962.8506 1916.4146
   1874.3223 1836.4393 1802.5165]
  [2251.7888 2191.826  2133.7422 2078.2998 2026.0905 1977.4957 1932.683
   1891.6304 1854.1802 1820.1035]
  [2253.9856 2198.2183 2144.0234 2092.0234 2042.6813 1996.2764 1952.911
   1912.5474 1875.0662 1840.325 ]
  [2258.376  2207.3088 2157.393  2109.0728 2062.6646 2018.3512 1976.2008
   1936.209  1898.3486 1862.61  ]
  [2265.144  2218.9155 2173.315  2128.6055 2084.9722 2042.5332 2001.3647
   1961.5367 1923.1426 1886.3164]
  [2274.2217 2232.56   2190.9329 2149.461  2108.248  2067.3958 2027.0292
   1987.3114 1948.4524 1910.7048]
  [2285.1648 2247.417  2209.101  2170.2656 2130.9985 2091.4387 2051.7822
   2012.2799 1973.2262 1934.942 ]
  [2297.129  2262.3713 2226.5125 2189.609  2151.795  2113.2812 2074.3398
   2035.2836 1996.4429 1958.1503]]

 [[2283.2095 2217.1543 2153.1826 2092.1208 2034.6696 1981.3726 1932.6056
   1888.5668 1849.2823 1814.625 ]
  [2283.3633 2219.066  2156.7883 2097.3652 2041.4872 1989.666  1942.2185
   1899.2677 1860.761  1826.5052]
  [2285.3767 2223.6953 2163.8398 2106.603  2052.6274 2002.371  1956.0917
   1913.8593 1875.5858 1841.0743]
  [2289.2622 2230.9966 2174.2249 2119.642  2067.8057 2019.1047 1973.7532
   1931.809  1893.2118 1857.832 ]
  [2295.0444 2240.8252 2187.6333 2136.0208 2086.4333 2039.1931 1994.4984
   1952.448  1913.0718 1876.3665]
  [2302.7188 2252.8965 2203.5215 2154.982  2107.6106 2061.6814 2017.4153
   1974.9954 1934.5851 1896.3381]
  [2312.158  2266.725  2221.0867 2175.4834 2130.1626 2085.3828 2041.4205
   1998.5668 1957.1249 1917.3967]
  [2322.999  2281.5735 2239.2817 2196.2659 2152.7366 2108.9753 2065.329
   2022.191  1979.9746 1939.0903]
  [2334.5767 2296.4658 2256.897  2215.984  2173.9536 2131.1375 2087.9502
   2044.8534 2002.3221 1960.8127]
  [2345.96   2310.2847 2272.7065 2233.376  2192.5764 2150.6992 2108.2056
   2065.5837 2023.31   1981.827 ]]

 [[2310.982  2246.8162 2184.6782 2125.3633 2069.5454 2017.7485 1970.3284
   1927.4622 1889.1553 1855.255 ]
  [2314.5234 2252.2817 2191.915  2134.2031 2079.7954 2029.1757 1982.6472
   1940.3307 1902.1792 1868.0125]
  [2320.1543 2260.5942 2202.5942 2146.8713 2094.0195 2044.4755 1998.5055
   1956.2131 1917.5625 1882.4163]
  [2327.7124 2271.494  2216.355  2162.9065 2111.662  2063.0144 2017.2269
   1974.4432 1934.7079 1897.996 ]
  [2336.9836 2284.5732 2232.6167 2181.5886 2131.915  2083.9634 2038.0363
   1994.3718 1953.153  1914.5146]
  [2347.6829 2299.268  2250.583  2201.9624 2153.7607 2106.3481 2060.101
   2015.3881 1972.5552 1931.9086]
  [2359.3984 2314.8423 2269.2637 2222.8887 2176.0317 2129.0942 2082.5427
   2036.8776 1992.5934 1950.143 ]
  [2371.535  2330.392  2287.5332 2243.1294 2197.496  2151.0825 2104.439
   2058.163  2012.8517 1969.0535]
  [2383.3013 2344.898  2304.2285 2261.4688 2216.9685 2171.2285 2124.8508
   2078.482  2032.7554 1988.2511]
  [2393.7786 2357.3362 2318.2842 2276.8494 2233.435  2188.5793 2142.9006
   2097.0361 2051.5942 2007.124 ]]

 [[2338.8623 2276.9443 2217.0146 2159.8237 2106.0044 2056.0415 2010.2516
   1968.7736 1931.5726 1898.4642]
  [2345.935  2286.097  2227.9924 2172.333  2119.7087 2070.562  2025.1665
   1983.6283 1945.9003 1911.8135]
  [2355.2139 2298.0833 2242.2412 2188.3193 2136.8467 2088.229  2042.7335
   2000.4921 1961.5186 1925.7363]
  [2366.3381 2312.4106 2259.143  2207.0552 2156.6104 2108.2002 2062.1343
   2018.6375 1977.8562 1939.8668]
  [2378.8562 2328.4219 2277.8752 2227.6123 2178.0413 2129.5737 2082.6094
   2037.5195 1994.6271 1954.1925]
  [2392.2312 2345.3237 2297.4602 2248.9282 2200.106  2151.4558 2103.4966
   2056.764  2011.7649 1968.9393]
  [2405.8257 2362.2131 2316.8228 2269.8743 2221.7473 2172.9714 2124.1821
   2076.059  2029.2604 1984.3698]
  [2418.893  2378.115  2334.8599 2289.3286 2241.9297 2193.2566 2144.0298
   2095.0215 2046.9807 2000.5773]
  [2430.6016 2392.0505 2350.527  2306.2578 2259.6934 2211.4702 2162.3462
   2113.12   2064.562  2017.3616]
  [2440.109  2403.1384 2362.9456 2319.813  2274.232  2226.8535 2178.4216
   2129.7002 2081.4158 2034.2175]]

 [[2366.5188 2307.1284 2249.71   2194.9575 2143.4438 2095.596  2051.6685
   2011.7391 1975.7214 1943.3909]
  [2377.1382 2319.9534 2264.3735 2211.0286 2160.4375 2112.9824 2068.8926
   2028.2471 1990.991  1956.9661]
  [2389.9521 2335.4492 2281.9717 2230.0557 2180.1606 2132.65   2087.7808
   2045.7075 2006.4875 1970.1022]
  [2404.404  2352.901  2301.6528 2251.088  2201.6177 2153.6277 2107.4658
   2063.4292 2021.7529 1982.6062]
  [2419.8333 2371.4492 2322.42   2273.072  2223.7964 2175.0435 2127.2983
   2081.0457 2036.7277 1994.7137]
  [2435.5068 2390.1484 2343.2085 2294.94   2245.745  2196.1667 2146.8447
   2098.452  2051.6274 2006.9218]
  [2450.6382 2408.0176 2362.9521 2315.6633 2266.5903 2216.3699 2165.7744
   2115.629  2066.7217 2019.7426]
  [2464.4077 2424.0896 2380.6406 2334.2893 2285.5215 2235.0461 2183.7195
   2132.4507 2082.1135 2033.4758]
  [2476.0002 2437.4766 2395.3792 2349.9746 2301.7913 2251.5713 2200.1929
   2148.5771 2097.608  2048.069 ]
  [2484.6794 2447.4429 2406.4597 2362.0479 2314.7612 2265.336  2214.6133
   2163.4624 2112.712  2063.1038]]

 [[2393.6624 2337.0017 2282.3193 2230.2368 2181.2544 2135.716  2093.795
   2055.4932 2020.6611 1989.0376]
  [2407.7263 2353.3462 2300.455  2249.5923 2201.1929 2155.5657 2112.8838
   2073.1902 2036.4191 2002.4264]
  [2423.8499 2372.0608 2321.0476 2271.2483 2223.047  2176.7603 2132.6294
   2090.8228 2051.4358 2014.5057]
  [2441.3022 2392.2478 2343.0693 2294.109  2245.73   2198.3088 2152.224
   2107.8318 2065.443  2025.3055]
  [2459.2634 2412.9133 2365.434  2317.0952 2268.2761 2219.4612 2171.2046
   2124.082  2078.6304 2035.3073]
  [2476.876  2433.0435 2387.082  2339.223  2289.8948 2239.7065 2189.393
   2139.7336 2091.468  2045.2313]
  [2493.278  2451.659  2407.0305 2359.622  2309.9268 2258.6665 2206.719
   2155.0164 2104.4463 2055.7764]
  [2507.6365 2467.855  2424.3967 2377.5208 2327.7769 2275.962  2223.0337
   2170.005  2117.8398 2067.3833]
  [2519.1875 2480.8464 2438.4324 2392.2458 2342.874  2291.1392 2238.0093
   2184.4976 2131.5762 2080.1035]
  [2527.297  2490.0264 2448.5652 2403.2559 2354.6985 2303.69   2251.1484
   2198.0244 2145.2292 2093.5823]]

 [[2420.0652 2366.2593 2314.4468 2265.168  2218.8296 2175.6787 2135.7935
   2099.093  2065.369  2034.3329]
  [2437.374  2385.8516 2335.706  2287.3804 2241.2183 2197.4482 2156.1836
   2117.4321 2081.1191 2047.1218]
  [2456.4983 2407.4023 2358.8406 2311.159  2264.6682 2219.6384 2176.2952
   2134.817  2095.3354 2057.9385]
  [2476.5725 2429.8872 2382.7263 2335.3594 2288.109  2241.3467 2195.4746
   2150.898  2107.9875 2067.0571]
  [2496.6787 2452.2554 2406.2761 2358.9688 2310.7104 2262.0156 2213.4937
   2165.7876 2119.5083 2075.1753]
  [2515.903  2473.5032 2428.5112 2381.1523 2331.8835 2281.37   2230.418
   2179.8809 2130.5693 2083.1772]
  [2533.3706 2492.7085 2448.5745 2401.2197 2351.1838 2299.2573 2246.3916
   2193.5933 2141.814  2091.8748]
  [2548.276  2509.0554 2465.7227 2418.5693 2368.1992 2315.4756 2261.4272
   2207.1348 2153.624  2101.7893]
  [2559.9192 2521.861  2479.3308 2432.6619 2382.489  2329.6917 2275.2998
   2220.3914 2165.9978 2113.0298]
  [2567.755  2530.616  2488.9238 2443.0422 2393.6057 2341.4558 2287.563
   2232.937  2178.5515 2125.2827]]]
"""
