raw_data = """
[[[1650.8616 1574.4384 1502.2452 1435.0153 1373.2932 1317.4412 1267.6501
   1223.9613 1186.2903 1154.4534]
  [1623.6272 1546.5145 1473.9119 1406.6678 1345.4094 1290.5333 1242.2173
   1200.4469 1165.0518 1135.7441]
  [1597.5946 1520.6375 1448.4132 1381.8634 1321.6772 1268.2727 1221.8048
   1182.1976 1149.1919 1122.3948]
  [1573.3    1497.4333 1426.4674 1361.3972 1302.9426 1251.5195 1207.2467
   1169.9822 1139.3782 1114.9447]
  [1551.5138 1477.6941 1408.888  1346.0928 1290.0176 1241.0469 1199.2466
   1164.4039 1136.0911 1113.7361]
  [1533.2074 1462.3334 1396.5208 1336.7183 1283.5786 1237.4238 1198.2507
   1165.777  1139.508  1118.8162]
  [1519.4426 1452.2708 1390.1262 1333.8611 1284.0347 1240.8809 1204.3201
   1174.008  1149.4072 1129.8677]
  [1511.1979 1448.2622 1390.2136 1337.7762 1291.3909 1251.1946 1217.0361
   1188.5298 1165.1257 1146.1917]
  [1509.163  1450.7092 1396.8776 1348.2504 1305.1494 1267.6249 1235.4778
   1208.3112 1185.5997 1166.7617]
  [1513.5562 1459.5013 1409.6749 1364.529  1324.288  1288.9473 1258.2959
   1231.9634 1209.479  1190.3328]]

 [[1701.0304 1622.5217 1548.1843 1478.857  1415.1862 1357.6216 1306.4226
   1261.676  1223.3171 1191.1533]
  [1674.1794 1594.9626 1520.2021 1450.8671 1387.6954 1331.1768 1281.5557
   1238.8534 1202.9016 1173.3817]
  [1648.7355 1569.7008 1495.3406 1426.7263 1364.6682 1309.6802 1261.9805
   1221.5173 1188.0156 1161.0316]
  [1625.3013 1547.4381 1474.399  1407.315  1347.0312 1294.0613 1248.5814
   1210.4614 1179.324  1154.613 ]
  [1604.7075 1529.0284 1458.2522 1393.5132 1335.6445 1285.1252 1242.0723
   1206.2769 1177.273  1154.4197]
  [1587.9617 1515.4081 1447.7565 1386.0841 1331.1614 1283.3989 1242.8402
   1209.2046 1181.9626 1160.429 ]
  [1576.1124 1507.4529 1443.5968 1385.5121 1333.8644 1288.9705 1250.7969
   1219.009  1193.0505 1172.2373]
  [1570.0409 1505.7772 1446.1006 1391.835  1343.5195 1301.3713 1265.2932
   1234.9257 1209.7266 1189.0576]
  [1570.2413 1510.5364 1455.0728 1404.524  1359.3066 1319.5562 1285.1417
   1255.7153 1230.7852 1209.7903]
  [1576.6428 1521.2915 1469.7196 1422.47   1379.8685 1342.0065 1308.758
   1279.821  1254.7755 1233.149 ]]

 [[1756.1595 1676.1375 1600.1494 1529.1338 1463.839  1404.8083 1352.3798
   1306.6934 1267.7069 1235.2167]
  [1730.4934 1649.7742 1573.3658 1502.3477 1437.569  1379.6182 1328.8157
   1285.2251 1248.6838 1218.8416]
  [1706.4425 1625.947  1549.9604 1479.6729 1416.0121 1359.5944 1310.709
   1269.3358 1235.1885 1207.7749]
  [1684.6396 1605.393  1530.7704 1462.0249 1400.1233 1345.6802 1298.9384
   1259.7893 1227.8336 1202.4596]
  [1665.9312 1588.9775 1516.6774 1450.2842 1390.7505 1338.654  1294.1731
   1257.117  1226.9968 1203.1221]
  [1651.308  1577.6038 1508.4869 1445.1462 1388.4647 1338.9469 1296.6973
   1261.458  1232.6907 1209.6807]
  [1641.7426 1572.0381 1506.7458 1446.9331 1393.3701 1346.4653 1306.2527
   1272.4358 1244.4741 1221.6858]
  [1637.9576 1572.6934 1511.5437 1455.4219 1404.9667 1360.4904 1321.9768
   1289.1279 1261.446  1238.326 ]
  [1640.1997 1579.4364 1522.371  1469.762  1422.1288 1379.7112 1342.4762
   1310.1594 1282.3372 1258.5037]
  [1648.0912 1591.5037 1538.1084 1488.5409 1443.2369 1402.4047 1366.0276
   1333.8989 1305.6794 1280.9606]]

 [[1816.3168 1735.4341 1658.3794 1586.1775 1519.6729 1459.5035 1406.087
   1359.6182 1320.0743 1287.2354]
  [1792.7078 1711.1852 1633.7435 1561.5544 1495.5685 1436.4716 1384.6597
   1340.2408 1303.0564 1272.7227]
  [1770.9188 1689.6902 1612.7021 1541.2404 1476.3374 1418.7068 1368.7091
   1326.3585 1291.362  1263.1853]
  [1751.5635 1671.6617 1596.0623 1526.1127 1462.8838 1407.086  1359.0294
   1318.6355 1285.4956 1258.9607]
  [1735.4426 1657.9092 1584.6381 1516.9719 1455.9637 1402.284  1356.179
   1317.4916 1285.7358 1260.2036]
  [1723.4606 1649.2264 1579.1073 1514.3708 1455.996  1404.5792 1360.2998
   1322.9497 1292.0181 1266.8036]
  [1716.4424 1646.2018 1579.8131 1518.4143 1462.8679 1413.6794 1370.9722
   1334.5248 1303.856  1278.3317]
  [1714.8932 1648.9962 1586.5731 1528.6049 1475.825  1428.6532 1387.182
   1351.2145 1320.342  1294.0352]
  [1718.7864 1657.1838 1598.5835 1543.818  1493.5089 1448.0173 1407.4342
   1371.615  1340.2422 1312.9011]
  [1727.4624 1669.7295 1614.4829 1562.444  1514.1616 1469.9718 1429.988
   1394.1273 1362.159  1333.7656]]

 [[1881.4427 1800.4088 1722.9442 1650.1412 1582.9274 1522.0258 1467.9255
   1420.8661 1380.8335 1347.5804]
  [1860.7878 1779.2316 1701.4554 1628.6982 1561.9926 1502.1064 1449.502
   1404.322  1366.4069 1335.3375]
  [1842.1385 1760.9824 1683.7085 1611.6643 1545.9612 1487.3909 1436.3755
   1392.9598 1356.8483 1327.478 ]
  [1826.029  1746.279  1670.3977 1599.7861 1535.5889 1478.5918 1429.1661
   1387.2692 1352.5028 1324.2108]
  [1813.1409 1735.7903 1662.178  1593.69   1531.4478 1476.1984 1428.2573
   1387.521  1353.541  1325.6362]
  [1804.213  1730.1201 1659.5178 1593.7102 1533.7427 1480.2955 1433.635
   1393.6357 1359.8602 1331.6726]
  [1799.8541 1729.6146 1662.5072 1599.7037 1542.1382 1490.4141 1444.7666
   1405.0889 1371.0089 1341.9917]
  [1800.3124 1734.1644 1670.697  1610.9323 1555.6869 1505.4966 1460.5886
   1420.9071 1386.177  1355.989 ]
  [1805.298  1743.0897 1683.0607 1626.0979 1572.9214 1524.0215 1479.6375
   1439.7766 1404.2649 1372.8126]
  [1813.9413 1755.1876 1698.1232 1643.54   1592.0941 1544.254  1500.2793
   1460.2327 1424.0205 1391.4438]]

 [[1951.322  1870.8705 1793.6982 1720.9421 1653.5907 1592.4292 1537.9961
   1490.5522 1450.0741 1416.2751]
  [1934.4824 1853.6902 1776.3284 1703.6682 1636.7942 1576.5277 1523.372
   1477.4863 1438.7008 1406.5667]
  [1919.7874 1839.537  1762.739  1690.7589 1624.748  1565.5441 1513.6084
   1469.008  1431.4526 1400.375 ]
  [1907.6239 1828.8517 1753.4183 1682.7284 1617.9558 1559.931  1509.0724
   1465.3798 1428.4923 1397.7888]
  [1898.4788 1822.0776 1748.7717 1679.9382 1616.7245 1559.9292 1509.9359
   1466.718  1429.9061 1398.8999]
  [1892.8512 1819.5558 1748.9928 1682.4539 1621.0151 1565.4269 1516.0557
   1472.8915 1435.621  1403.7288]
  [1891.0823 1821.3551 1753.9038 1689.8949 1630.3093 1575.846  1526.8721
   1483.4337 1445.3162 1412.131 ]
  [1893.1567 1827.1152 1762.8406 1701.366  1643.5763 1590.127  1541.4011
   1497.5177 1458.376  1423.7239]
  [1898.5721 1835.9886 1774.6686 1715.5323 1659.3866 1606.8547 1558.3402
   1514.0276 1473.9163 1437.8705]
  [1906.3538 1846.7341 1787.9467 1730.834  1676.1471 1624.4852 1576.2631
   1531.7073 1490.8824 1453.7308]]

 [[2025.5585 1946.4092 1870.2421 1798.2101 1731.3293 1670.4119 1616.0074
   1568.3656 1527.4296 1492.8665]
  [2013.2888 1934.0369 1857.8365 1785.9539 1719.4807 1659.2515 1605.7733
   1559.1986 1519.3398 1485.7323]
  [2003.2178 1924.6687 1849.0887 1777.8141 1711.9851 1652.444  1599.6613
   1553.7178 1514.3425 1480.9988]
  [1995.5177 1918.49   1844.1941 1773.9834 1709.0111 1650.1144 1597.7429
   1551.949  1512.4408 1478.682 ]
  [1990.4143 1915.6499 1843.2401 1774.5009 1710.5597 1652.2408 1599.9951
   1553.8966 1513.6992 1478.9359]
  [1988.1178 1916.1847 1846.1205 1779.1576 1716.3698 1658.5638 1606.2147
   1559.4619 1518.1588 1481.9584]
  [1988.684  1919.892  1852.4219 1787.3986 1725.828  1668.4995 1615.9269
   1568.3389 1525.715  1487.8507]
  [1991.8645 1926.2241 1861.359  1798.2885 1737.9508 1681.119  1628.3451
   1579.9443 1536.0172 1496.4952]
  [1997.0275 1934.275  1871.82   1810.5961 1751.484  1695.2362 1642.4268
   1593.4323 1548.4426 1507.4944]
  [2003.2073 1942.8926 1882.5271 1822.984  1765.0944 1709.5814 1657.0149
   1607.7946 1562.1556 1520.1959]]

 [[2103.5625 2026.3817 1951.898  1881.246  1815.4266 1755.232  1701.1758
   1653.4594 1611.9724 1576.3394]
  [2096.4395 2019.4219 1945.0664 1874.5881 1809.0383 1749.2133 1695.5841
   1648.2733 1607.0785 1571.5428]
  [2091.436  2015.2699 1941.5531 1871.541  1806.3127 1746.6691 1693.0629
   1645.585  1604.0048 1567.8567]
  [2088.4575 2013.7963 1941.201  1871.9243 1807.0505 1747.3905 1693.4133
   1645.2354 1602.6688 1565.3082]
  [2087.4292 2014.8224 1943.7604 1875.4521 1810.97   1751.1422 1696.488
   1647.2035 1603.2024 1564.1924]
  [2088.258  2018.0862 1948.8524 1881.6974 1817.6666 1757.613  1702.128
   1651.5199 1605.84   1564.9391]
  [2090.7407 2023.1661 1955.9092 1890.031  1826.5463 1766.3291 1710.0454
   1658.1208 1610.7471 1567.9231]
  [2094.461  2029.4192 1964.1356 1899.6006 1836.7931 1776.5975 1719.7335
   1666.7196 1617.8655 1573.2958]
  [2098.7522 2035.9901 1972.5581 1909.3888 1847.4232 1787.5333 1730.4584
   1676.7657 1626.8391 1580.8912]
  [2102.7563 2041.9143 1980.1508 1918.3527 1857.4154 1798.1742 1741.3468
   1687.5016 1637.0448 1590.2323]]

 [[2184.558  2109.915  2037.7024 1968.9996 1904.7456 1845.6578 1792.169
   1744.4001 1702.1809 1665.1097]
  [2182.9106 2108.6816 2036.7191 1968.1434 1903.916  1844.7484 1791.0425
   1742.8783 1700.0503 1662.1443]
  [2183.1284 2109.8413 2038.4559 1970.1027 1905.756  1846.1398 1791.6724
   1742.4591 1698.3353 1658.9459]
  [2184.8223 2112.9292 2042.3965 1974.3379 1909.737  1849.3569 1793.682
   1742.9082 1696.978  1655.6508]
  [2187.6143 2117.455  2047.9924 1980.3041 1915.3851 1854.0596 1796.9167
   1744.2885 1696.2681 1652.7601]
  [2191.142  2122.916  2054.6765 1987.4587 1922.2693 1860.0017 1801.3643
   1746.8398 1696.6852 1650.9579]
  [2195.0063 2128.7598 2061.832  1995.2158 1929.926  1866.9147 1806.9934
   1750.7794 1698.6746 1650.8782]
  [2198.7087 2134.347  2068.7598 2002.9032 1937.7876 1874.3965 1813.6051
   1756.1207 1702.4523 1652.9089]
  [2201.6333 2138.9604 2074.7007 2009.777  1945.1783 1881.8796 1820.7693
   1762.588  1707.8986 1657.0817]
  [2203.0981 2141.877  2078.9158 2015.1042 1951.3871 1888.6937 1827.8728
   1769.6453 1714.5758 1663.0686]]

 [[2267.6042 2195.9258 2126.4255 2060.087  1997.7401 1939.9838 1887.1346
   1839.2202 1796.0181 1757.1304]
  [2271.4644 2200.3828 2131.1616 2064.79   2002.0992 1943.6838 1889.86
   1840.6697 1795.9259 1755.2915]
  [2276.7327 2206.5806 2137.7583 2071.2446 2007.8811 1948.2993 1892.8806
   1841.7588 1794.8588 1751.9635]
  [2282.732  2213.7456 2145.3926 2078.633  2014.3386 1953.2203 1895.783
   1842.3127 1792.8989 1747.4783]
  [2288.8257 2221.1455 2153.3125 2086.272  2020.9409 1958.1392 1898.5283
   1842.5776 1790.5602 1742.576 ]
  [2294.4536 2228.1335 2160.8809 2093.6294 2027.3516 1962.9784 1901.3269
   1843.0441 1788.5769 1738.1768]
  [2299.109  2234.1304 2167.5386 2100.2627 2033.3182 1967.7262 1904.4254
   1844.2014 1787.6426 1735.1271]
  [2302.2964 2238.5867 2172.7573 2105.733  2038.5507 1972.2738 1907.9083
   1846.3218 1788.1934 1733.9949]
  [2303.5156 2240.9727 2176.0234 2109.5796 2042.665  1976.3372 1911.6041
   1849.3511 1790.2943 1734.9575]
  [2302.292  2240.817  2176.874  2111.3481 2045.2189 1979.4875 1915.109
   1852.9298 1793.6487 1737.7994]]]
"""
