raw_data = """
[[[2000.169  1936.0564 1874.6842 1816.7471 1762.7944 1713.218  1668.2576
   1628.01   1592.4496 1561.4528]
  [1982.2537 1918.647  1857.974  1801.0085 1748.3491 1700.3983 1657.3596
   1619.255  1585.9551 1557.2231]
  [1965.1383 1902.9036 1843.7595 1788.5253 1737.8175 1692.0208 1651.2805
   1615.5265 1584.5206 1557.9185]
  [1949.2666 1889.3196 1832.5854 1779.8782 1731.7892 1688.6465 1650.5115
   1617.212  1588.4072 1563.6672]
  [1935.326  1878.5544 1825.0731 1775.6366 1730.7571 1690.6671 1655.3223
   1624.4484 1597.6229 1574.3683]
  [1924.214  1871.3838 1821.8572 1776.2732 1735.0189 1698.1995 1665.6565
   1637.0302 1611.8517 1589.6399]
  [1916.9148 1868.5767 1823.4592 1782.0449 1744.5651 1710.9886 1681.0568
   1654.3566 1630.4172 1608.7996]
  [1914.3004 1870.7075 1830.1243 1792.8573 1758.9823 1728.352  1700.6438
   1675.4388 1652.3099 1630.8932]
  [1916.9043 1877.9572 1841.6608 1808.1605 1777.409  1749.1902 1723.1731
   1698.9839 1676.2744 1654.7733]
  [1924.7319 1889.964  1857.3534 1826.9283 1798.5778 1772.083  1747.1653
   1723.5371 1700.9492 1679.2189]]

 [[2036.7941 1972.3588 1910.6287 1852.3467 1798.1044 1748.3292 1703.2845
   1663.0808 1627.6947 1596.9928]
  [2020.3682 1956.5186 1895.5455 1838.2706 1785.3348 1737.1747 1694.0148
   1655.8849 1622.6519 1594.0627]
  [2005.07   1942.6906 1883.3032 1827.7708 1776.7513 1730.6608 1689.6649
   1653.7006 1622.5255 1595.7825]
  [1991.3552 1931.3761 1874.4465 1821.4172 1772.9165 1729.3031 1690.6622
   1656.8354 1627.4889 1602.1946]
  [1979.8898 1923.1982 1869.5454 1819.7118 1774.2407 1733.3989 1697.1757
   1665.3292 1637.468  1613.1426]
  [1971.5012 1918.835  1869.1116 1822.9835 1780.8661 1742.909  1709.0076
   1678.8645 1652.0768 1628.2266]
  [1967.038  1918.8796 1873.4575 1831.2589 1792.5507 1757.364  1725.5251
   1696.7222 1670.5885 1646.7811]
  [1967.1553 1923.646  1882.5367 1844.1444 1808.5969 1775.8385 1745.6694
   1717.8091 1691.9664 1667.8962]
  [1972.0947 1932.9899 1895.8234 1860.7694 1827.8628 1797.0148 1768.0525
   1740.7665 1714.961  1690.4872]
  [1981.5286 1946.2153 1912.2883 1879.8396 1848.8767 1819.3414 1791.133
   1764.138  1738.2529 1713.4039]]

 [[2076.1226 2011.9385 1950.3861 1892.2396 1838.122  1788.4886 1743.6259
   1703.6584 1668.5663 1638.2085]
  [2061.8638 1998.3771 1937.6556 1880.5468 1827.7201 1779.6365 1736.5413
   1698.4762 1665.31   1636.7819]
  [2049.0615 1987.1533 1928.0638 1872.6754 1821.6687 1775.4836 1734.3079
   1698.0952 1666.6136 1639.5094]
  [2038.139  1978.7223 1922.0948 1869.1161 1820.4326 1776.4299 1737.2245
   1702.6913 1672.5281 1646.3351]
  [2029.6833 1973.6077 1920.1987 1870.2333 1824.2731 1782.6213 1745.3191
   1712.187  1682.9    1657.0707]
  [2024.386  1972.32   1922.6947 1876.1511 1833.1301 1793.8365 1758.2506
   1726.1769 1697.3193 1671.3583]
  [2022.8892 1975.2115 1929.6332 1886.6339 1846.5208 1809.4122 1775.259
   1743.892  1715.0894 1688.633 ]
  [2025.5759 1982.2957 1940.6611 1900.9984 1863.5052 1828.2501 1795.1946
   1764.2343 1735.2443 1708.1168]
  [2032.3749 1993.11   1954.954  1918.1226 1882.7563 1848.9248 1816.6411
   1785.886  1756.6307 1728.8577]
  [2042.6613 2006.6907 1971.2684 1936.5652 1902.729  1869.8793 1838.107
   1807.4775 1778.0371 1749.822 ]]

 [[2117.9556 2054.5947 1993.7623 1936.2457 1882.6852 1833.5566 1789.1633
   1749.6416 1714.9728 1685.0046]
  [2106.5151 2043.9984 1984.089  1927.6367 1875.3213 1827.6188 1784.7893
   1746.8878 1713.7882 1685.228 ]
  [2096.8398 2036.018  1977.7769 1922.9872 1872.3326 1826.2667 1784.9977
   1748.5039 1716.578  1688.8855]
  [2089.2686 2031.0018 1975.1775 1922.6305 1874.0057 1829.7095 1789.8961
   1754.4913 1723.2498 1695.8253]
  [2084.246  2029.3037 1976.5474 1926.7212 1880.3901 1837.8944 1799.3451
   1764.6537 1733.5935 1705.8702]
  [2082.259  2031.199  1981.954  1935.1345 1891.198  1850.4188 1812.8882
   1778.5471 1747.2404 1718.7749]
  [2083.6858 2036.7533 1991.1608 1947.3705 1905.736  1866.4834 1829.7169
   1795.4445 1763.6155 1734.1584]
  [2088.6086 2045.6766 2003.534  1962.5181 1922.9102 1884.9235 1848.7063
   1814.3527 1781.9203 1751.4503]
  [2096.6655 2057.2437 2018.039  1979.3168 1941.3357 1904.3363 1868.5309
   1834.0953 1801.1748 1769.8876]
  [2107.0154 2070.3354 2033.351  1996.3197 1959.5302 1923.2776 1887.8401
   1853.4564 1820.3196 1788.5787]]

 [[2162.0127 2100.017  2040.4286 1984.0297 1931.4639 1883.2148 1839.5938
   1800.739  1766.6245 1737.0792]
  [2153.971  2092.9985 2034.4407 1979.1267 1927.7268 1880.7172 1838.3652
   1800.7328 1767.6996 1739.0038]
  [2147.9546 2088.796  2031.9269 1978.1785 1928.2148 1882.4893 1841.2267
   1804.4337 1771.9368 1743.436 ]
  [2144.1616 2087.5864 2033.0331 1981.2847 1932.9636 1888.4872 1848.0514
   1811.6472 1779.1056 1750.157 ]
  [2142.8364 2089.4878 2037.7585 1988.3351 1941.7686 1898.4379 1858.5356
   1822.0857 1788.9851 1759.056 ]
  [2144.2031 2094.4941 2045.8862 1998.9398 1954.1254 1911.7932 1872.164
   1835.3376 1801.3229 1770.0709]
  [2148.3442 2102.373  2056.9062 2012.3811 1969.2001 1927.7084 1888.1805
   1850.8163 1815.752  1783.0719]
  [2155.0525 2112.5723 2069.978  2027.6189 1985.863  1945.0767 1905.6002
   1867.7316 1831.7164 1797.7482]
  [2163.7388 2124.1978 2083.975  2043.3853 2002.8038 1962.6364 1923.2864
   1885.1228 1848.4609 1813.5568]
  [2173.4565 2136.1042 2097.6255 2058.3564 2018.7101 1979.139  1940.0897
   1901.9642 1865.099  1829.7599]]

 [[2207.9346 2147.7905 2089.9282 2035.1084 1983.9617 1936.9645 1894.4188
   1856.4486 1823.0039 1793.8853]
  [2203.7605 2144.8403 2088.1228 2034.3938 1984.2932 1938.2804 1896.6146
   1859.3545 1826.3799 1797.4296]
  [2201.7886 2144.7932 2089.7588 2037.4523 1988.4962 1943.3274 1902.1782
   1865.0828 1831.9064 1802.3958]
  [2202.0288 2147.5957 2094.7153 2044.0925 1996.307  1951.7775 1910.7404
   1873.2594 1839.2549 1808.5508]
  [2204.474  2153.0874 2102.6987 2053.9148 2007.263  1963.1558 1921.8728
   1883.5621 1848.2582 1815.914 ]
  [2209.0618 2160.9678 2113.213  2066.2961 2020.6959 1976.8402 1935.0837
   1895.6943 1858.8527 1824.6627]
  [2215.5825 2170.737  2125.5342 2080.3826 2035.7322 1992.0464 1949.769
   1909.2927 1870.9407 1834.9554]
  [2223.588  2181.6582 2138.7166 2095.1218 2051.3247 2007.834  1965.1733
   1923.836  1884.25   1846.7607]
  [2232.3535 2192.7798 2151.6624 2109.3577 2066.3413 2023.1666 1980.4095
   1938.6172 1898.2699 1859.7618]
  [2240.9348 2203.0408 2163.2554 2121.9717 2079.703  2037.0315 1994.5499
   1952.8099 1912.2871 1873.3698]]

 [[2255.2878 2197.4087 2141.6936 2088.8672 2039.5314 1994.1321 1952.9396
   1916.0396 1883.3406 1854.6011]
  [2255.3066 2198.8555 2144.3892 2092.629  2044.1653 1999.4191 1958.6217
   1921.8146 1888.8691 1859.5277]
  [2257.5889 2203.1462 2150.3162 2099.7805 2052.099  2007.676  1966.7393
   1929.3442 1895.3983 1864.7046]
  [2261.918  2209.9587 2159.0552 2109.8154 2062.7632 2018.3063 1976.7178
   1938.1342 1902.572  1869.9589]
  [2268.0195 2218.8447 2170.0227 2122.0703 2075.4814 2030.697  1988.0819
   1947.908  1910.3507 1875.4993]
  [2275.5488 2229.2368 2182.4956 2135.7593 2089.5093 2044.2456 2000.4517
   1958.558  1918.9126 1881.7706]
  [2284.0493 2240.437  2195.626  2149.9956 2104.038  2058.3237 2013.452
   1969.9957 1928.4539 1889.2218]
  [2292.9072 2251.6184 2208.4685 2163.8215 2118.1973 2072.2295 2026.6045
   1981.9918 1938.9893 1898.0867]
  [2301.3518 2261.8682 2220.0454 2176.268  2131.0908 2085.1887 2039.2872
   1994.0933 1950.24   1908.2557]
  [2308.5261 2270.2832 2229.4507 2186.4565 2141.8857 2096.423  2050.7852
   2005.6582 1961.6523 1919.2771]]

 [[2303.5894 2248.2996 2195.075  2144.5886 2097.3916 2053.876  2014.2521
   1978.5425 1946.596  1918.126 ]
  [2307.959  2254.2822 2202.374  2152.8765 2106.3086 2063.031  2023.2274
   1986.9071 1953.9286 1924.0435]
  [2314.5137 2262.8804 2212.504  2163.9644 2117.7454 2074.2012 2033.5444
   1995.8463 1961.059  1929.049 ]
  [2322.7957 2273.497  2224.75   2177.0557 2130.8723 2086.59   2044.5111
   2004.8425 1967.6976 1933.1111]
  [2332.2737 2285.4258 2238.2893 2191.291  2144.888  2099.5442 2055.7024
   2013.7506 1973.9989 1936.6686]
  [2342.3667 2297.897  2252.2573 2205.8223 2159.0735 2112.5752 2066.9263
   2022.7023 1980.4054 1940.4315]
  [2352.441  2310.1025 2265.7808 2219.8284 2172.7725 2125.276  2078.0732
   2031.8949 1987.3945 1945.1063]
  [2361.7974 2321.2158 2278.0005 2232.517  2185.3413 2137.2104 2088.9465
   2041.3715 1995.2314 1951.1482]
  [2369.694  2330.4282 2288.1094 2243.1387 2196.1309 2147.8572 2099.166
   2050.9028 2003.8375 1958.6207]
  [2375.4075 2337.0225 2295.4194 2251.044  2204.53   2156.6414 2108.1978
   2060.0032 2012.7903 1967.1848]]

 [[2352.3257 2299.856  2249.3706 2201.4756 2156.649  2115.2021 2077.2603
   2042.7628 2011.4918 1983.1198]
  [2361.0303 2310.3086 2261.1436 2214.0835 2169.5571 2127.8481 2089.0764
   2053.2117 2020.1016 1989.5171]
  [2371.6917 2322.9773 2275.1616 2228.7173 2184.0386 2141.4238 2101.063
   2063.0425 2027.36   1993.9545]
  [2383.621  2337.0164 2290.4636 2244.3604 2199.0974 2155.0442 2112.529
   2071.825  2033.1382 1996.6084]
  [2396.0742 2351.5247 2306.0728 2260.0625 2213.9185 2168.1255 2123.1943
   2079.6177 2037.8267 1998.1625]
  [2408.3022 2365.6187 2321.082  2275.0151 2227.9033 2180.3667 2133.103
   2086.8105 2042.1234 1999.5591]
  [2419.5735 2378.4712 2334.6812 2288.5386 2240.601  2191.6091 2142.4082
   2093.8564 2046.7375 2001.7029]
  [2429.178  2389.3203 2346.1506 2300.038  2251.6035 2201.666  2151.1577
   2101.0225 2052.13   2005.2108]
  [2436.449  2397.4956 2354.867  2308.9756 2260.481  2210.2297 2159.1685
   2108.2537 2058.3687 2010.2701]
  [2440.8083 2402.456  2360.333  2314.8926 2266.8013 2216.8838 2166.0425
   2115.1797 2065.1328 2016.6294]]

 [[2400.9856 2351.4648 2303.8562 2258.6816 2216.3247 2176.9946 2140.7153
   2107.3374 2076.5815 2048.0947]
  [2413.8384 2366.1208 2319.745  2275.1543 2232.6775 2192.5093 2154.704
   2119.1948 2085.8286 2054.4092]
  [2428.2754 2382.4392 2337.142  2292.747  2249.5627 2207.8306 2167.7212
   2129.3394 2092.7344 2057.9194]
  [2443.4138 2399.3838 2354.9216 2310.33   2265.9426 2222.113  2179.197
   2137.529  2097.402  2059.0513]
  [2458.3608 2415.9453 2372.0564 2326.973  2281.0981 2234.9385 2189.0679
   2144.0679 2100.4695 2058.7168]
  [2472.279  2431.2178 2387.6921 2341.9932 2294.6177 2246.236  2197.625
   2149.5835 2102.8486 2058.0342]
  [2484.4153 2444.4263 2401.143  2354.896  2306.2744 2256.0818 2205.249
   2154.7327 2105.4155 2058.0376]
  [2494.101  2454.919  2411.8528 2365.2827 2315.8696 2264.495  2212.1733
   2159.9404 2108.756  2059.4365]
  [2500.769  2462.1653 2419.3652 2372.794  2323.1475 2271.3276 2218.3535
   2165.2651 2113.0322 2062.4917]
  [2503.9778 2465.776  2423.3354 2377.1128 2327.8015 2276.27   2223.4814
   2170.4143 2117.9868 2067.008 ]]]
"""
