raw_data = """
[[[2161.6318 2094.0547 2028.7688 1966.5381 1907.9933 1853.6156 1803.732
   1758.5172 1718.0052 1682.1107]
  [2151.2788 2084.876  2020.921  1960.234  1903.4734 1851.1101 1803.419
   1760.4855 1722.2316 1688.4534]
  [2141.3345 2077.0574 2015.365  1957.0922 1902.8853 1853.1686 1808.1312
   1767.7461 1731.8109 1700.0112]
  [2132.107  2070.938  2012.4674 1957.4934 1906.5978 1860.1097 1818.0986
   1780.4076 1746.715  1716.6196]
  [2124.1597 2067.02   2012.6609 1961.7812 1914.8405 1872.0255 1833.2596
   1798.2523 1766.5874 1737.8203]
  [2118.29   2065.941  2016.3942 1970.1914 1927.6202 1888.6937 1853.1797
   1820.6747 1790.709  1762.8489]
  [2115.413  2068.3547 2024.0194 1982.7518 1944.6403 1909.5197 1877.0239
   1846.6805 1818.0195 1790.6703]
  [2116.3604 2074.7476 2035.6382 1999.1676 1965.2338 1933.5247 1903.5935
   1874.9585 1847.2037 1820.0562]
  [2121.6436 2085.2354 2050.9514 2018.7402 1988.3555 1959.4059 1931.4347
   1904.0146 1876.8247 1849.7007]
  [2131.2578 2099.419  2069.1807 2040.3627 2012.6522 1985.6609 1958.9978
   1932.3387 1905.4768 1878.3453]]

 [[2186.8247 2119.1084 2053.6719 1991.3186 1932.7157 1878.3715 1828.6298
   1783.6719 1743.5287 1708.1001]
  [2178.133  2111.6914 2047.6575 1986.8864 1930.068  1877.6979 1830.0627
   1787.252  1749.18   1715.629 ]
  [2170.2488 2106.0483 2044.3402 1985.9869 1931.6613 1881.8058 1836.6226
   1796.0886 1760.0021 1728.0447]
  [2163.4775 2102.5063 2044.0645 1988.9647 1937.8065 1890.9371 1848.442
   1810.1814 1775.8542 1745.0817]
  [2158.3357 2101.503  2047.177  1996.0558 1948.6096 1905.0464 1865.3208
   1829.186  1796.2811 1766.2234]
  [2155.5151 2103.5366 2053.9573 2007.3048 1963.8748 1923.7142 1886.6512
   1852.3668 1820.4923 1790.7003]
  [2155.7532 2109.038  2064.5    2022.4626 1983.0315 1946.1019 1911.4092
   1878.6141 1847.3953 1817.5245]
  [2159.6226 2118.1921 2078.5786 2040.9044 2005.1104 1970.9843 1938.2284
   1906.5388 1875.684  1845.5536]
  [2167.311  2130.7642 2095.5415 2061.607  2028.7975 1996.8672 1965.5504
   1934.6271 1903.9735 1873.5867]
  [2178.4688 2146.018  2114.31   2083.224  2052.5776 2022.168  1991.8184
   1961.4182 1930.9447 1900.4697]]

 [[2213.4897 2146.1965 2081.144  2019.159  1960.9281 1906.9783 1857.6655
   1813.1772 1773.5411 1738.6466]
  [2207.023  2141.13   2077.56   2017.1824 1960.701  1908.6229 1861.2456
   1818.664  1780.7931 1747.4127]
  [2201.7622 2138.225  2077.0242 2019.0236 1964.9011 1915.1101 1869.8655
   1829.1599 1792.809  1760.5128]
  [2197.9688 2137.748  2079.7993 2024.922  1973.7147 1926.5375 1883.5038
   1844.5131 1809.314  1777.5815]
  [2196.0557 2140.0078 2086.0796 2034.9419 1987.063  1942.6775 1901.795
   1864.2491 1829.7738 1798.0844]
  [2196.5437 2145.2961 2095.9116 2048.883  2004.5134 1962.9031 1923.9778
   1887.5493 1853.3945 1821.3257]
  [2199.9238 2153.7637 2109.0913 2066.203  2025.235  1986.1768 1948.9116
   1913.2808 1879.1514 1846.4614]
  [2206.4614 2165.2612 2125.0603 2085.977  2048.021  2011.1221 1975.1754
   1940.095  1905.8577 1872.527 ]
  [2216.0107 2179.2278 2142.8735 2106.9485 2071.4053 2036.1814 2001.2332
   1966.5695 1932.2709 1898.4917]
  [2227.9272 2194.6748 2161.267  2127.6675 2093.8508 2059.8213 2025.628
   1991.3732 1957.2106 1923.3383]]

 [[2241.3726 2175.044  2110.8997 2049.7686 1992.3429 1939.1565 1890.5718
   1846.7771 1807.7965 1773.5085]
  [2237.6372 2172.857  2110.2825 2050.771  1995.02   1943.5392 1896.6304
   1854.3949 1816.756  1783.4978]
  [2235.48   2173.1653 2112.9775 2055.7537 2002.1569 1952.6401 1907.4318
   1866.551  1829.8473 1797.0579]
  [2235.0706 2176.1162 2119.102  2064.7847 2013.7437 1966.3489 1922.7517
   1882.913  1846.6581 1813.7429]
  [2236.662  2181.8276 2128.6328 2077.6943 2029.47   1984.2275 1942.0554
   1902.8989 1866.6202 1833.0596]
  [2240.5425 2190.33   2141.3394 2094.0137 2048.6655 2005.4696 1964.4813
   1925.6798 1889.0183 1854.4677]
  [2246.9082 2201.4597 2156.711  2112.9277 2070.294  2028.9221 1988.8763
   1950.2103 1912.9984 1877.354 ]
  [2255.7026 2214.751  2173.9075 2133.2966 2093.023  2053.1833 2013.8921
   1975.297  1937.5897 1901.0017]
  [2266.4834 2229.3853 2191.792  2153.7578 2115.3706 2076.766  2038.131
   1999.7018 1961.7549 1924.5925]
  [2278.404  2244.245  2209.056  2172.898  2135.9072 2098.2903 2060.3108
   2022.2686 1984.4784 1947.2555]]

 [[2270.17   2205.3032 2142.5564 2082.743  2026.5455 1974.4921 1926.9402
   1884.0731 1845.9039 1812.2948]
  [2269.579  2206.4258 2145.3376 2087.1372 2032.4996 1981.9207 1935.7
   1893.9431 1856.5825 1823.4131]
  [2270.8806 2210.288  2151.5745 2095.523  2042.7623 1993.7362 1948.685
   1907.6599 1870.5571 1837.1642]
  [2274.1062 2216.865  2161.177  2107.7307 2057.0732 2009.5795 1965.4473
   1924.7148 1887.3038 1853.0671]
  [2279.2996 2226.0337 2173.86   2123.3271 2074.873  2028.807  1985.3123
   1944.4674 1906.2827 1870.7361]
  [2286.4746 2237.5325 2189.1067 2141.5845 2095.2935 2050.4966 2007.4003
   1966.1685 1926.9436 1889.8589]
  [2295.5195 2250.895  2206.137  2161.4868 2117.1885 2073.4927 2030.6598
   1988.9641 1948.6877 1910.1115]
  [2306.081  2265.3975 2223.92   2181.794  2139.227  2096.4941 2053.9287
   2011.9064 1970.8217 1931.0635]
  [2317.4976 2280.0684 2241.253  2201.1685 2160.0396 2118.192  2076.0273
   2033.9934 1992.5458 1952.1228]
  [2328.8328 2293.7869 2256.9067 2218.3462 2178.3867 2137.4148 2095.8804
   2054.2588 2013.0098 1972.5602]]

 [[2299.544  2236.5725 2175.661  2117.5908 2063.0215 2012.4587 1966.243
   1924.5358 1887.3275 1854.4562]
  [2302.39   2241.3025 2182.1304 2125.642  2072.4722 2023.0889 1977.7777
   1936.6417 1899.6185 1866.5144]
  [2307.3538 2248.897  2192.0479 2137.516  2085.8809 2037.5638 1992.8135
   1951.7147 1914.2131 1880.1559]
  [2314.2896 2259.1145 2205.074  2152.7727 2102.7124 2055.2712 2010.6948
   1969.1069 1930.5319 1894.9274]
  [2323.0015 2271.5684 2220.6501 2170.7166 2122.1848 2075.4087 2030.6724
   1988.1943 1948.1366 1910.6149]
  [2333.2224 2285.7156 2238.0037 2190.419  2143.3086 2097.03   2051.9424
   2008.3951 1966.7124 1927.1808]
  [2344.5557 2300.8381 2256.166  2210.7642 2164.9414 2119.088  2073.6545
   2029.1222 1985.964  1944.6144]
  [2356.4143 2316.044  2274.0261 2230.5312 2185.8708 2140.4844 2094.9062
   2049.7188 2005.4973 1962.772 ]
  [2368.0107 2330.3184 2290.4263 2248.5115 2204.92   2160.1438 2114.7725
   2069.4363 2024.7511 1981.2794]
  [2378.4207 2342.6328 2304.2983 2263.646  2221.0752 2177.1167 2132.3774
   2087.4817 2043.0228 1999.5338]]

 [[2329.1396 2268.4214 2209.7188 2153.7686 2101.1885 2052.4473 2007.8464
   1967.5079 1931.3828 1899.2754]
  [2335.5815 2276.9077 2220.0024 2165.5654 2114.1733 2066.2517 2022.0568
   1981.677  1945.048  1911.9877]
  [2344.252  2288.24   2233.559  2180.8303 2130.5708 2083.1692 2038.8748
   1997.7996 1959.9392 1925.2013]
  [2354.8044 2301.9404 2249.786  2198.8513 2149.5889 2102.374  2057.497
   2015.164  1975.4996 1938.5642]
  [2366.8027 2317.37   2267.8794 2218.7207 2170.2905 2122.9856 2077.1875
   2033.2462 1991.4644 1952.0854]
  [2379.725  2333.754  2286.8828 2239.397  2191.665  2144.1348 2097.3071
   2051.6978 2007.7931 1966.0155]
  [2392.9478 2350.2024 2305.7388 2259.7734 2212.679  2164.9707 2117.2683
   2070.232  2024.501  1980.6407]
  [2405.7324 2365.753  2323.3572 2278.7432 2232.313  2184.6484 2136.4546
   2088.4868 2041.4763 1996.0762]
  [2417.249  2379.4316 2338.7007 2295.281  2249.6182 2202.3389 2154.1868
   2105.946  2058.3706 2012.136 ]
  [2426.6528 2390.3538 2350.8887 2308.5388 2263.7908 2217.2874 2169.7612
   2121.9634 2074.6062 2028.3267]]

 [[2358.6113 2300.426  2244.2334 2190.7139 2140.4277 2093.7847 2051.0244
   2012.2085 1977.2345 1945.8662]
  [2368.6753 2312.665  2258.2876 2206.1614 2156.791  2110.5425 2067.628
   2028.1078 1991.9102 1958.8627]
  [2380.9504 2327.5806 2275.271  2224.5474 2175.8542 2129.539  2085.8403
   2044.8927 2006.7354 1971.3344]
  [2394.8892 2344.4688 2294.3438 2244.9321 2196.6326 2149.814  2104.8054
   2061.8833 2021.2645 1983.1027]
  [2409.8418 2362.482  2314.521  2266.2769 2218.1296 2170.512  2123.8916
   2078.7322 2035.4581 1994.423 ]
  [2425.088  2380.6885 2334.7542 2287.5317 2239.4126 2190.924  2142.6875
   2095.3582 2049.5562 2005.8171]
  [2439.8523 2398.1204 2353.9937 2307.6865 2259.6292 2210.4443 2160.8872
   2111.766  2063.8525 2017.8213]
  [2453.3223 2413.8228 2371.242  2325.8032 2277.9856 2228.4849 2178.1426
   2127.8523 2078.4722 2030.7563]
  [2464.6875 2426.9126 2385.6123 2341.0503 2293.748  2244.4375 2193.9834
   2143.2935 2093.2373 2044.5868]
  [2473.2107 2436.6553 2396.4001 2352.7605 2306.2847 2257.6997 2207.8376
   2157.5544 2107.6672 2058.9067]]

 [[2387.6501 2332.1978 2278.7368 2227.8777 2180.1055 2135.7495 2094.9673
   2057.7432 2023.9132 1993.2031]
  [2401.2417 2348.0435 2296.354  2246.7007 2199.5044 2155.0576 2113.5151
   2074.9023 2039.1367 2006.0604]
  [2416.8994 2366.2556 2316.4119 2267.7964 2220.777  2175.6543 2132.651
   2091.9158 2053.5273 2017.5095]
  [2433.898  2385.9412 2337.8887 2290.0728 2242.8418 2196.5557 2151.5735
   2108.2327 2066.8281 2027.594 ]
  [2451.4238 2406.113  2359.7058 2312.461  2264.7444 2217.024  2169.8357
   2123.7363 2079.2488 2036.8165]
  [2468.6274 2425.7693 2380.817  2333.9917 2285.711  2236.5679 2187.28
   2138.61   2091.2834 2045.923 ]
  [2484.6582 2443.9417 2400.2517 2353.8115 2305.1013 2254.8306 2203.8604
   2153.1082 2103.4478 2055.6348]
  [2498.6895 2459.736  2417.144  2371.1653 2322.3403 2271.454  2219.4502
   2167.328  2116.0388 2066.4165]
  [2509.9644 2472.3777 2430.756  2385.3943 2336.8726 2286.0024 2233.7395
   2181.0862 2129.0017 2078.336 ]
  [2517.8523 2481.2642 2440.5225 2395.9663 2348.1887 2297.9795 2246.245
   2193.9268 2141.9258 2091.0522]]

 [[2416.004  2363.4055 2312.8071 2264.7358 2219.585  2177.5872 2138.8035
   2103.1362 2070.3623 2040.1805]
  [2432.9238 2382.586  2333.6362 2286.504  2241.5186 2198.8933 2158.7222
   2120.9956 2085.624  2052.472 ]
  [2451.6533 2403.7078 2356.3103 2309.7944 2264.4558 2220.5474 2178.2764
   2137.8032 2099.2458 2062.6794]
  [2471.328  2425.746  2379.7056 2333.4634 2287.3267 2241.65   2196.8184
   2153.2183 2111.2095 2071.0933]
  [2491.0317 2447.6545 2402.7397 2356.504  2309.31   2261.6558 2214.1333
   2167.3723 2121.9683 2078.4333]
  [2509.856  2468.4355 2424.4434 2378.0945 2329.8325 2280.308  2230.311
   2180.6821 2132.2202 2085.6094]
  [2526.9363 2487.18   2443.9744 2397.5618 2348.4702 2297.4763 2245.5183
   2193.5894 2142.6318 2093.4575]
  [2541.4766 2503.085  2460.606  2414.3235 2364.832  2312.9824 2259.791
   2206.328  2153.6094 2102.5205]
  [2552.786  2515.4797 2473.728  2427.8577 2378.4958 2326.5112 2272.9243
   2218.8027 2165.1685 2112.9258]
  [2560.327  2523.865  2482.8767 2437.7227 2389.029  2337.6304 2284.4883
   2230.6042 2176.9426 2124.3733]]]
"""
