raw_data = """
[[[2610.8032 2495.2893 2381.2632 2270.1694 2163.3413 2061.9463 1966.935
   1879.0077 1798.5889 1725.8341]
  [2616.6921 2502.5127 2389.7705 2279.9688 2174.4807 2074.4849 1980.9059
   1894.3834 1815.2595 1743.6039]
  [2621.2239 2509.6929 2399.5588 2292.3254 2189.348  2091.7568 2000.4027
   1915.8285 1838.2789 1767.7435]
  [2624.2998 2516.7515 2410.5803 2307.2183 2207.9282 2113.7236 2025.3274
   1943.1561 1867.3546 1797.8593]
  [2626.1653 2523.8367 2422.8804 2324.5776 2230.019  2140.0376 2055.1794
   1975.723  1901.7284 1833.122 ]
  [2627.4292 2531.3333 2436.5872 2344.252  2255.183  2169.983  2089.0034
   2012.3922 1940.1636 1872.2823]
  [2628.959  2539.7593 2451.8206 2365.9385 2282.6982 2202.464  2125.4111
   2051.5935 1981.0282 1913.7627]
  [2631.6565 2549.57   2468.5398 2389.0847 2311.5361 2236.0562 2162.6973
   2091.4805 2022.4692 1955.8191]
  [2636.172  2560.922  2486.3801 2412.8252 2340.3943 2269.1257 2199.027
   2130.1475 2062.6304 1996.732 ]
  [2642.6616 2573.4983 2504.5688 2435.99   2367.7986 2300.005  2232.651
   2165.8594 2099.8594 2034.9808]]

 [[2615.5464 2499.2856 2384.5093 2272.719  2165.3035 2063.476  1968.2253
   1880.2697 1800.0399 1727.6815]
  [2623.1038 2508.2263 2394.7388 2284.1968 2178.0298 2077.4624 1983.4592
   1896.6847 1817.4926 1745.949 ]
  [2629.8281 2517.6682 2406.7866 2298.7334 2194.915  2096.5127 2004.4244
   1919.2305 1841.2045 1770.3528]
  [2635.5952 2527.5005 2420.5637 2316.252  2215.8745 2120.5044 2030.9252
   1947.6168 1870.784  1800.4149]
  [2640.5642 2537.764  2435.9878 2336.5386 2240.5513 2148.9297 2062.31
   1981.0709 1905.3795 1835.2588]
  [2645.1814 2548.645  2452.9583 2359.193  2268.255  2180.8381 2097.4255
   2018.3156 1943.683  1873.6372]
  [2650.0715 2560.3687 2471.268  2383.5725 2297.936  2214.8508 2134.67
   2057.6553 1984.0312 1914.0272]
  [2655.8113 2573.0234 2490.4856 2408.7417 2328.224  2249.27   2172.1587
   2097.163  2024.5868 1954.7795]
  [2662.6763 2586.3684 2509.8586 2433.4873 2357.5378 2282.2708 2207.9595
   2134.9255 2063.5547 1994.2871]
  [2670.4524 2599.7397 2528.3186 2456.416  2384.2659 2312.1333 2240.3398
   2169.274  2099.3794 2031.1364]]

 [[2619.3716 2503.0608 2388.224  2276.3938 2168.9888 2067.251  1972.1919
   1884.5466 1804.7517 1732.9476]
  [2628.9385 2514.0796 2400.5413 2289.9028 2183.6194 2082.9468 1988.8782
   1902.1044 1822.998  1751.6353]
  [2638.2017 2526.1194 2415.156  2306.8735 2202.704  2103.8657 2011.2994
   1925.6345 1847.1892 1776.0093]
  [2646.9768 2538.992  2431.8823 2327.1157 2226.0278 2129.743  2039.1152
   1954.7103 1876.8212 1805.5143]
  [2655.2827 2552.5732 2450.4517 2350.2136 2253.029  2159.878  2071.5103
   1988.4412 1910.9795 1839.2738]
  [2663.3408 2566.7874 2470.48   2375.481  2282.7495 2193.0981 2107.1748
   2025.4751 1948.3682 1876.1299]
  [2671.4648 2581.5176 2491.404  2401.9343 2313.8506 2227.8108 2144.3923
   2064.105  1987.4087 1914.7201]
  [2679.8665 2596.4658 2512.4197 2428.3125 2344.7104 2262.168  2181.2336
   2102.4604 2026.3998 1953.5876]
  [2688.45   2611.038  2532.4685 2453.1694 2373.608  2294.3    2215.8093
   2138.7378 2063.7021 1991.3058]
  [2696.7043 2624.332  2550.3228 2475.043  2398.946  2322.5679 2246.5095
   2171.4092 2097.9033 2026.5944]]

 [[2621.9841 2506.2957 2392.0754 2280.8574 2174.066  2072.9534 1978.5398
   1891.5688 1812.4807 1741.4132]
  [2633.8008 2519.6497 2406.7417 2296.6465 2190.8198 2090.5283 1996.784
   1910.3013 1831.4756 1760.4036]
  [2645.8135 2534.4812 2424.0847 2316.165  2212.1528 2113.2874 2020.5502
   1934.624  1855.8866 1784.4384]
  [2657.74   2550.4795 2443.771  2339.052  2237.6646 2140.776  2049.3193
   1963.9622 1885.1039 1812.9093]
  [2669.4136 2567.3066 2465.298  2364.6516 2266.5635 2172.096  2082.1309
   1997.3439 1918.2059 1845.0028]
  [2680.7805 2584.5862 2487.974  2391.9897 2297.651  2205.9058 2117.5957
   2033.4352 1954.0016 1879.7358]
  [2691.8125 2601.8462 2510.9001 2419.7966 2329.3848 2240.5137 2154.0093
   2070.6436 1991.109  1915.996 ]
  [2702.3574 2618.4417 2532.9736 2446.594  2360.028  2274.067  2189.541
   2107.279  2028.0635 1952.59  ]
  [2712.0068 2633.5188 2552.9546 2470.8494 2387.8696 2304.792  2222.461
   2141.7373 2063.4424 1988.3093]
  [2720.0654 2646.0735 2569.6045 2491.1726 2411.4485 2331.2207 2251.3423
   2172.6658 2095.9883 2022.0106]]

 [[2623.098  2508.658  2395.6963 2285.722  2180.1426 2080.1982 1986.9021
   1900.9956 1822.9149 1752.792 ]
  [2637.2815 2524.4753 2412.8406 2303.9092 2199.1125 2099.707  2006.7102
   1920.853  1842.554  1771.9316]
  [2652.0952 2542.127  2432.908  2325.9285 2222.5952 2124.1523 2031.6138
   1945.7161 1866.9008 1795.3279]
  [2667.127  2561.1423 2455.3748 2351.2075 2249.9712 2152.8696 2060.914
   1974.8771 1895.2725 1822.3643]
  [2681.9944 2580.942  2479.4858 2378.845  2280.2324 2184.7961 2093.5544
   2007.3479 1926.809  1852.3546]
  [2696.3525 2600.8496 2504.2654 2407.6252 2312.0112 2218.5132 2128.1704
   2041.913  1960.5143 1884.5604]
  [2709.84   2620.0767 2528.547  2436.0945 2343.684  2252.3628 2163.1973
   2077.2058 1995.288  1918.1755]
  [2721.9927 2637.716  2551.0461 2462.6934 2373.5457 2284.6243 2197.02
   2111.8062 2029.9604 1952.3044]
  [2732.1829 2652.7734 2570.476  2485.938  2400.0146 2313.718  2228.1375
   2144.3525 2063.3494 1985.9653]
  [2739.649  2664.266  2585.7007 2504.6028 2421.8296 2338.3816 2255.3164
   2173.662  2094.343  2018.1396]]

 [[2622.462  2509.8362 2398.7246 2290.5918 2186.8052 2088.5713 1996.878
   1912.4445 1835.6908 1766.7357]
  [2639.0034 2528.1096 2418.3376 2311.1567 2207.9512 2109.9473 2018.1508
   1933.2953 1855.8134 1785.8427]
  [2656.513  2548.448  2440.9626 2335.476  2233.35   2135.8174 2043.9102
   1958.4095 1879.8125 1808.3362]
  [2674.4321 2570.2002 2465.8716 2362.7585 2262.167  2165.3247 2073.311
   1986.9933 1906.9882 1833.6494]
  [2692.1592 2592.554  2492.077  2391.8936 2293.2305 2197.311  2105.2788
   2018.122  1936.6135 1861.2798]
  [2709.0796 2614.575  2518.3835 2421.514  2325.1091 2230.3926 2138.579
   2050.7876 1967.9523 1890.7732]
  [2724.5518 2635.2407 2543.468  2450.1055 2356.23   2263.0657 2171.8896
   2083.9224 2000.228  1921.6445]
  [2737.882  2653.4893 2565.9863 2476.156  2385.033  2293.8384 2203.876
   2116.4146 2032.5819 1953.293 ]
  [2748.3254 2668.294  2584.709  2498.3186 2410.1365 2321.3643 2233.2852
   2147.1467 2064.0625 1984.9498]
  [2755.1406 2678.77   2598.658  2515.5605 2430.4783 2344.5718 2259.052
   2175.079  2093.6807 2015.7065]]

 [[2619.8918 2509.5774 2400.8513 2295.1138 2193.6714 2097.6748 2008.0616
   1925.5076 1850.3987 1782.8289]
  [2638.6736 2530.182  2422.7966 2317.9067 2216.8281 2120.7363 2030.6033
   1947.146  1870.7957 1801.7001]
  [2658.652  2552.946  2447.688  2344.2095 2243.811  2147.6948 2056.8936
   1972.2122 1894.1873 1823.0803]
  [2679.1213 2577.0444 2474.605  2373.0369 2273.6094 2177.558  2086.0083
   1999.8995 1919.9259 1846.511 ]
  [2699.2896 2601.4739 2502.388  2403.1458 2304.977  2209.1638 2116.9458
   2029.4241 1947.4768 1871.7103]
  [2718.3286 2625.1204 2529.7212 2433.126  2336.532  2241.267  2148.6855
   2060.0435 1976.3931 1898.5121]
  [2735.3967 2646.8286 2555.2366 2461.5217 2366.8562 2272.6035 2180.1995
   2091.0122 2006.2198 1926.7319]
  [2749.662  2665.4832 2577.6316 2486.9536 2394.6016 2301.9465 2210.4492
   2121.5176 2036.3849 1956.0292]
  [2760.336  2680.0942 2595.7888 2508.245  2418.594  2328.1753 2238.4082
   2150.6611 2066.1396 1985.8212]
  [2766.7424 2689.8962 2608.8823 2524.5286 2437.9326 2350.362  2263.1357
   2177.51   2094.5928 2015.2922]]

 [[2615.3062 2507.7312 2401.861  2299.0159 2200.4211 2107.1475 2020.0562
   1939.7555 1866.5775 1800.5812]
  [2636.1357 2530.456  2425.9084 2323.7878 2225.3247 2131.6208 2043.5918
   1961.9152 1887.0039 1819.0048]
  [2658.2844 2555.3108 2452.7012 2351.6914 2253.5073 2159.3005 2070.0806
   1986.652  1909.5696 1839.1238]
  [2680.9207 2581.3281 2481.1736 2381.6091 2283.857  2189.1409 2098.605
   2013.2267 1933.7482 1860.6382]
  [2703.1135 2607.3826 2510.0762 2412.2583 2315.1526 2220.0728 2128.317
   2041.0559 1959.2313 1883.499 ]
  [2723.8953 2632.271  2538.0752 2442.292  2346.1545 2251.0625 2158.4575
   2069.6812 1985.8546 1907.8013]
  [2742.31   2654.8013 2563.8528 2470.3928 2375.6614 2281.1172 2188.297
   2098.6584 2013.4467 1933.6105]
  [2757.4597 2673.8726 2586.2053 2495.3533 2402.5503 2309.267  2217.0642
   2127.434  2041.6725 1960.7966]
  [2768.556  2688.562  2604.135  2516.154  2425.8264 2334.5784 2243.9165
   2155.2842 2069.9475 1988.9271]
  [2774.989  2698.2021 2616.9304 2532.0435 2444.6948 2356.2163 2267.9946
   2181.3525 2097.4563 2017.2666]]

 [[2608.7517 2504.2766 2401.6616 2302.1326 2206.8152 2116.6755 2032.4744
   1954.7318 1883.7103 1819.4285]
  [2631.4043 2528.8657 2427.524  2328.5698 2233.1328 2142.2224 2056.6748
   1977.1095 1903.9045 1837.1984]
  [2655.4092 2555.4583 2455.8357 2357.6782 2262.125  2170.2615 2083.0503
   2001.273  1925.4796 1855.9755]
  [2679.8489 2582.9976 2485.4524 2388.2876 2292.6685 2199.7876 2110.7783
   2026.6244 1948.0835 1875.6494]
  [2703.7136 2610.31   2515.1223 2419.1685 2323.6543 2229.8984 2139.2188
   2052.8108 1971.6421 1896.3906]
  [2725.9712 2636.189  2543.5776 2449.1128 2354.0442 2259.8066 2167.88
   2079.641  1996.2367 1918.5066]
  [2745.6191 2659.4724 2569.6104 2476.982  2382.8687 2288.7798 2196.299
   2106.922  2021.9187 1942.2509]
  [2761.7412 2679.1125 2592.1348 2501.738  2409.207  2316.065  2223.9194
   2134.3013 2048.5315 1967.644 ]
  [2773.5642 2694.25   2610.253  2522.4866 2432.201  2340.8674 2250.0347
   2161.1838 2075.6128 1994.3676]
  [2780.5237 2704.2776 2623.3196 2538.5364 2451.1096 2362.4016 2273.8337
   2186.7664 2102.407  2021.7527]]

 [[2600.41   2499.3257 2400.2832 2304.4011 2212.6858 2125.9822 2044.9331
   1969.955  1901.2362 1838.7548]
  [2624.6624 2525.5112 2427.6501 2332.1577 2240.05   2152.2317 2069.4446
   1992.2373 1920.9442 1855.6902]
  [2650.238  2553.513  2457.121  2362.0974 2269.4897 2180.3037 2095.4402
   2015.6373 1941.4255 1873.1118]
  [2676.1765 2582.243  2487.5447 2393.081  2299.9565 2209.3164 2122.2598
   2039.748  1962.531  1891.1063]
  [2701.4475 2610.546  2517.7385 2424.0024 2330.5156 2238.5784 2149.4949
   2064.4492 1984.4017 1910.0306]
  [2725.011  2637.2727 2546.5574 2453.832  2360.3494 2267.545  2176.896
   2089.7727 2007.3119 1930.347 ]
  [2745.8672 2661.3313 2572.9265 2481.6172 2388.7031 2295.706  2204.2134
   2115.714  2031.469  1952.4302]
  [2763.1072 2681.741  2595.8757 2506.4668 2414.8208 2322.4766 2231.047
   2142.0613 2056.8354 1976.3975]
  [2775.9739 2697.6912 2614.5798 2527.5725 2437.9365 2347.1545 2256.7832
   2168.3076 2083.0322 2002.0071]
  [2783.9216 2708.6018 2628.418  2544.2642 2457.3271 2368.9744 2280.6367
   2193.6863 2109.3494 2028.6455]]]
"""
