raw_data = """
[[[2084.1108 2019.897  1958.1785 1899.6693 1844.9423 1794.4192 1748.3683
   1706.9109 1670.041  1637.6444]
  [2070.2122 2006.9006 1946.2625 1889.0758 1835.9506 1787.3048 1743.3608
   1704.1553 1669.5709 1639.3771]
  [2056.942  1995.435  1936.7517 1881.697  1830.8816 1784.6876 1743.2618
   1706.5364 1674.2747 1646.1353]
  [2044.6766 1985.9154 1930.0983 1878.0074 1830.2043 1786.9929 1748.4143
   1714.2814 1684.2446 1657.876 ]
  [2034.0391 1978.917  1926.8213 1878.4514 1834.2653 1794.4447 1758.9008
   1727.3262 1699.2822 1674.2958]
  [2025.872  1975.1406 1927.4532 1883.3715 1843.2015 1806.971  1774.4537
   1745.2424 1718.8479 1694.8036]
  [2021.1163 1975.287  1932.4194 1892.8953 1856.8422 1824.1276 1794.4078
   1767.2136 1742.0581 1718.5292]
  [2020.6147 1979.8763 1941.88   1906.8146 1874.6322 1845.0692 1817.71
   1792.0798 1767.7439 1744.3796]
  [2024.8792 1989.0448 1955.5778 1924.4927 1895.6075 1868.5853 1843.0055
   1818.4458 1794.562  1771.1354]
  [2033.8983 2002.402  1972.7572 1944.8556 1918.453  1893.2156 1868.7842
   1844.8374 1821.1405 1797.5693]]

 [[2114.481  2050.1082 1988.2131 1929.5511 1874.7316 1824.2052 1778.2574
   1737.0183 1700.4774 1668.5088]
  [2102.1895 2038.8152 1978.0704 1920.7722 1867.5643 1818.8903 1774.9857
   1735.891  1701.4808 1671.5087]
  [2090.8945 2029.4368 1970.7107 1915.5553 1864.6091 1818.2766 1776.7168
   1739.8655 1707.4823 1679.2174]
  [2080.9753 2022.3834 1966.5724 1914.3457 1866.2883 1822.7231 1783.708
   1749.0691 1718.4698 1691.4955]
  [2073.019  2018.1782 1966.102  1917.4983 1872.841  1832.3339 1795.9178
   1763.3223 1734.152  1707.9817]
  [2067.7769 2017.3984 1969.6816 1925.1821 1884.2192 1846.8546 1812.9177
   1782.0734 1753.9188 1728.0756]
  [2066.0298 2020.5431 1977.4991 1937.2678 1899.9963 1865.611  1833.8594
   1804.3911 1776.8488 1750.9445]
  [2068.3794 2027.8463 1989.4022 1953.2295 1919.3228 1887.5128 1857.5193
   1829.0288 1801.7701 1775.5664]
  [2075.0269 2039.1061 2004.7896 1972.1088 1940.9628 1911.1503 1882.4248
   1854.5553 1827.3749 1800.8115]
  [2085.6216 2053.5962 2022.5997 1992.5826 1963.4235 1934.962  1907.0382
   1879.5269 1852.3612 1825.545 ]]

 [[2146.8774 2082.9082 2021.3667 1963.0333 1908.5406 1858.3594 1812.7899
   1771.9697 1735.8868 1704.4038]
  [2136.809  2073.9622 2013.6532 1956.7155 1903.8103 1855.3973 1811.7233
   1772.8348 1738.6066 1708.7854]
  [2128.1052 2067.2908 2009.049  1954.2239 1903.4656 1857.191  1815.5732
   1778.5615 1745.9283 1717.3352]
  [2121.105  2063.248  2007.9172 1955.9089 1907.8118 1863.9645 1824.4503
   1789.1302 1757.7081 1729.8127]
  [2116.3022 2062.2407 2010.5662 1961.966  1916.9169 1875.6494 1838.1558
   1804.2355 1773.5757 1745.8347]
  [2114.2917 2064.6553 2017.1603 1972.335  1930.509  1891.7949 1856.1113
   1823.2408 1792.9094 1764.8619]
  [2115.6245 2070.725  2027.6031 1986.6047 1947.9088 1911.5289 1877.349
   1845.1827 1814.8422 1786.1907]
  [2120.6094 2080.3667 2041.4222 2003.9557 1968.0289 1933.6034 1900.5775
   1868.838  1838.3044 1808.9597]
  [2129.123  2093.0537 2057.7202 2023.1895 1989.4694 1956.5293 1924.3292
   1892.8497 1862.1135 1832.1962]
  [2140.519  2107.8027 2075.2405 2042.8632 2010.6967 1978.7747 1947.1471
   1915.8883 1885.0958 1854.8949]]

 [[2181.0674 2118.0496 2057.3872 1999.8649 1946.1261 1896.6509 1851.7488
   1811.561  1776.0726 1745.1334]
  [2173.7935 2112.0503 2052.7134 1996.6094 1944.3987 1896.5447 1853.3018
   1814.7234 1780.689  1750.947 ]
  [2168.228  2108.6333 2051.3933 1997.3291 1947.0808 1901.0681 1859.4778
   1822.2826 1789.2831 1760.1713]
  [2164.6206 2108.0386 2053.648  2002.2057 1954.2874 1910.2417 1870.187
   1834.0396 1801.5709 1772.4794]
  [2163.3125 2110.4893 2059.5752 2011.2097 1965.8597 1923.7888 1885.0602
   1849.5754 1817.1373 1787.5168]
  [2164.6753 2116.12   2069.0737 2024.018  1981.2924 1941.078  1903.4128
   1868.2329 1835.4269 1804.8853]
  [2168.9795 2124.8623 2081.747  2039.9517 1999.6982 1961.1138 1924.2507
   1889.1193 1855.7247 1824.0938]
  [2176.2197 2136.3206 2096.8423 2057.9707 2019.8535 1982.6084 1946.3381
   1911.1477 1877.1586 1844.5153]
  [2185.9795 2149.71   2113.2642 2076.7588 2040.3281 2004.1259 1968.3281
   1933.1299 1898.741  1865.3796]
  [2197.4045 2163.9072 2129.697  2094.8955 2059.679  2024.2722 1988.9271
   1953.9043 1919.4579 1885.828 ]]

 [[2216.7556 2155.1973 2095.9087 2039.6635 1987.0988 1938.6935 1894.7563
   1855.4238 1820.6698 1790.3265]
  [2212.7634 2152.6543 2094.792  2039.9731 1988.839  1941.8431 1899.2389
   1861.084  1827.2639 1797.5331]
  [2210.7686 2152.917  2097.1562 2044.2579 1994.8322 1949.2897 1907.829
   1870.4517 1836.9987 1807.2059]
  [2210.8818 2156.052  2103.0137 2052.4626 2004.94   1960.8011 1920.2057
   1883.1414 1849.4669 1818.9702]
  [2213.2358 2162.0415 2112.2021 2064.289  2018.7513 1975.8877 1935.8496
   1898.6622 1864.2668 1832.564 ]
  [2217.934  2170.7324 2124.3306 2079.1538 2035.5527 1993.7893 1954.0413
   1916.419  1880.9895 1847.8005]
  [2224.9429 2181.7544 2138.733  2096.1685 2054.3364 2013.4912 1973.8696
   1935.6903 1899.1581 1864.4646]
  [2233.963  2194.4526 2154.4595 2114.1829 2073.866  2033.791  1994.268
   1955.6196 1918.1652 1882.2047]
  [2244.356  2207.8838 2170.3396 2131.895  2092.8096 2053.417  2014.0974
   1975.2484 1937.2559 1900.4756]
  [2255.1733 2220.9136 2185.1284 2148.0225 2109.9097 2071.182  2032.2703
   1993.6046 1955.585  1918.5637]]

 [[2253.5906 2193.9375 2136.47   2081.9321 2030.942  1983.9613 1941.2826
   1903.0236 1869.1334 1839.4172]
  [2253.249  2195.2324 2139.288  2086.1636 2036.4607 1990.6097 1948.85
   1911.2354 1877.6532 1847.865 ]
  [2255.108  2199.4385 2145.566  2094.191  2045.8751 2001.0074 1959.793
   1922.2626 1888.3036 1857.7047]
  [2259.0933 2206.398  2155.0557 2105.6772 2058.758  2014.6537 1973.567
   1935.5648 1900.6044 1868.5736]
  [2265.0928 2215.8228 2167.3118 2120.0493 2074.46   2030.8809 1989.5568
   1950.6466 1914.2378 1880.3674]
  [2272.9253 2227.271  2181.677  2136.5085 2092.1284 2048.8845 2007.0988
   1967.0597 1929.0127 1893.1603]
  [2282.2683 2240.1143 2197.2869 2154.0525 2110.7422 2067.7407 2025.4642
   1984.3334 1944.7433 1907.0416]
  [2292.5886 2253.5232 2213.1008 2171.538  2129.1704 2086.435  2043.8352
   2001.8944 1961.115  1921.9431]
  [2303.1165 2266.5066 2227.9893 2187.7866 2146.2698 2103.9287 2061.3252
   2019.0371 1977.6134 1937.5403]
  [2312.9133 2278.0217 2240.868  2201.724  2161.0122 2119.2625 2077.0571
   2034.9753 1993.5525 1953.2557]]

 [[2291.1802 2233.8037 2178.5388 2126.0894 2077.0356 2031.8049 1990.6532
   1953.6573 1920.7264 1891.6265]
  [2294.7202 2239.1606 2185.4985 2134.4124 2086.4495 2041.9973 2001.267
   1964.2943 1930.963  1901.0415]
  [2300.5464 2247.3896 2195.723  2146.1592 2099.1953 2055.1877 2014.338
   1976.702  1942.2141 1910.7219]
  [2308.3733 2258.081  2208.685  2160.7004 2114.5684 2070.6367 2029.1503
   1990.2535 1954.0037 1920.3926]
  [2317.8345 2270.6777 2223.6738 2177.2285 2131.7378 2087.5752 2045.0778
   2004.5333 1966.1709 1930.1602]
  [2328.482  2284.4893 2239.829  2194.8105 2149.808  2105.2524 2061.6018
   2019.3094 1978.7874 1940.3802]
  [2339.7578 2298.707  2256.1838 2212.4365 2167.8499 2122.9248 2078.2422
   2034.402  1991.9706 1951.4363]
  [2350.972  2312.4224 2271.711  2229.071  2184.9194 2139.8271 2094.4646
   2049.531  2005.6893 1963.5193]
  [2361.313  2324.6875 2285.4033 2243.7227 2200.1062 2155.173  2109.6367
   2064.2307 2019.6495 1976.5012]
  [2369.927  2334.609  2296.374  2255.54   2212.608  2168.2153 2123.0684
   2077.878  2033.3029 1989.9235]]

 [[2329.1152 2274.303  2221.5479 2171.4995 2124.684  2081.4712 2042.056
   2006.4534 1974.5153 1945.965 ]
  [2336.6187 2283.7773 2232.6643 2183.876  2137.8882 2095.0288 2055.4624
   2019.1956 1986.1016 1955.9592]
  [2346.3608 2295.9253 2246.6724 2199.1152 2153.6772 2110.669  2070.2808
   2032.5874 1997.5681 1965.1329]
  [2357.8367 2310.0884 2262.7817 2216.3325 2171.124  2127.4922 2085.716
   2046.0133 2008.535  1973.3738]
  [2370.4468 2325.478  2280.0747 2234.5627 2189.3115 2144.7266 2101.2273
   2059.2175 2019.0555 1981.0309]
  [2383.5283 2341.2295 2297.58   2252.8416 2207.4016 2161.7644 2116.5068
   2072.2256 2029.4762 1988.7289]
  [2396.362  2356.442  2314.324  2270.2444 2224.6348 2178.0984 2131.3513
   2085.1465 2040.1932 1997.1019]
  [2408.1797 2370.2131 2329.3716 2285.9038 2240.294  2193.2236 2145.4985
   2097.9626 2051.4165 2006.554 ]
  [2418.195  2381.693  2341.876  2299.0342 2253.698  2206.5874 2158.5374
   2110.413  2063.032  2017.1118]
  [2425.6736 2390.1545 2351.144  2308.9854 2264.2363 2217.6157 2169.9307
   2122.0024 2074.6025 2028.4152]]

 [[2366.9946 2314.9487 2264.9243 2217.5032 2173.1375 2132.1172 2094.5537
   2060.3828 2029.3918 2001.2651]
  [2378.3987 2328.4265 2280.0193 2233.6816 2189.8044 2148.6396 2110.2932
   2074.7358 2041.8298 2011.371 ]
  [2391.8572 2344.2246 2297.4702 2252.0054 2208.1729 2166.2324 2126.3564
   2088.6367 2053.0947 2019.7048]
  [2406.6616 2361.4688 2316.2773 2271.4092 2227.191  2183.9456 2141.9834
   2101.5845 2062.9866 2026.3738]
  [2422.0283 2379.2078 2335.4038 2290.8726 2245.9624 2201.1086 2156.8018
   2113.545  2071.8052 2031.9752]
  [2437.1487 2396.489  2353.8623 2309.495  2263.7915 2217.3188 2170.753
   2124.8062 2080.151  2037.3597]
  [2451.2197 2412.4028 2370.7534 2326.504  2280.13   2232.318  2183.8936
   2135.7275 2088.6443 2043.3513]
  [2463.4617 2426.1128 2385.277  2341.2217 2294.4863 2245.8384 2196.191
   2146.5005 2097.6753 2050.501 ]
  [2473.153  2436.8892 2396.7502 2353.0503 2306.3726 2257.5151 2207.4072
   2157.016  2107.2603 2058.9458]
  [2479.6824 2444.1567 2404.6423 2361.4995 2315.326  2266.9019 2217.1133
   2166.8713 2117.0427 2068.399 ]]

 [[2404.453  2355.2866 2308.115  2263.437  2221.6125 2182.833  2147.1133
   2114.3035 2084.1316 2056.2568]
  [2419.5613 2372.4949 2326.8296 2282.9707 2241.2146 2201.731  2164.565
   2129.6514 2096.85   2065.9844]
  [2436.413  2391.538  2347.2393 2303.829  2261.5723 2220.6787 2181.3057
   2143.562  2107.5142 2073.1987]
  [2454.1367 2411.3857 2368.216  2324.8691 2281.623  2238.794  2196.7197
   2155.7388 2116.1633 2078.2573]
  [2471.8257 2431.0054 2388.7    2345.1152 2300.5898 2255.5886 2210.6628
   2166.3962 2123.3428 2081.9785]
  [2488.6003 2449.4387 2407.7712 2363.8076 2317.9749 2270.895  2223.322
   2176.0574 2129.8608 2085.3826]
  [2503.642  2465.8337 2424.6575 2380.356  2333.4463 2284.6826 2234.9727
   2185.2744 2136.4941 2089.4102]
  [2516.2068 2479.4534 2438.7092 2394.2646 2346.708  2296.8735 2245.752
   2194.3809 2143.7437 2094.6943]
  [2525.6548 2489.6885 2449.388  2405.0903 2357.4216 2307.2385 2255.5393
   2203.3647 2151.7058 2101.4358]
  [2531.487  2496.0884 2456.2854 2412.4531 2365.2197 2315.4114 2263.972
   2211.88   2160.0728 2109.3916]]]
"""
