raw_data = """
[[[1830.7911 1759.5881 1691.773  1628.0807 1569.0825 1515.1819 1466.6202
   1423.4935 1385.7733 1353.3314]
  [1806.6716 1735.2054 1667.353  1603.9559 1545.6609 1492.9044 1445.9135
   1404.7264 1369.2264 1339.1793]
  [1783.5326 1712.6538 1645.5673 1583.192  1526.2272 1475.1222 1430.0758
   1391.0594 1357.8634 1330.1515]
  [1761.8993 1692.5348 1627.0961 1566.5356 1511.5665 1462.6234 1419.8563
   1383.1636 1352.247  1326.6808]
  [1742.5426 1675.6233 1612.7151 1554.7518 1502.4125 1456.0814 1415.8423
   1381.5168 1352.7313 1328.9943]
  [1726.441  1662.8159 1603.2268 1548.5336 1499.3359 1455.9346 1418.3323
   1386.281  1359.3527 1337.0228]
  [1714.6605 1655.0061 1599.3292 1548.3699 1502.6123 1462.2539 1427.2162
   1397.1967 1371.7443 1350.3389]
  [1708.1588 1652.8971 1601.4424 1554.389  1512.0903 1474.6416 1441.8995
   1413.5369 1389.1138 1368.1508]
  [1707.5634 1656.7975 1609.5376 1566.23   1527.1096 1492.1947 1461.3113
   1434.1453 1410.3022 1389.368 ]
  [1712.9828 1666.4669 1623.0275 1582.9896 1546.5072 1513.5662 1484.0071
   1457.5653 1433.917  1412.7229]]

 [[1877.4907 1805.1624 1736.147  1671.2538 1611.1254 1556.2272 1506.8518
   1463.1305 1425.052  1392.486 ]
  [1854.4004 1781.833  1712.7933 1648.2051 1588.7927 1535.0587 1487.28
   1445.5242 1409.68   1379.4976]
  [1832.54   1760.6146 1692.3691 1628.81   1570.7192 1518.6166 1472.748
   1433.11   1399.4899 1371.5242]
  [1812.4716 1742.148  1675.595  1613.8533 1557.7211 1507.7046 1464.0032
   1426.537  1395.0021 1368.944 ]
  [1794.984  1727.2213 1663.2535 1604.0981 1550.5188 1502.9722 1461.595
   1426.2343 1396.5172 1371.9325]
  [1781.0419 1716.6969 1656.0941 1600.1677 1549.5991 1504.764  1465.7256
   1432.2734 1403.9977 1380.3741]
  [1771.6373 1711.3607 1654.6757 1602.3883 1555.0615 1512.9745 1476.1226
   1444.2626 1416.9858 1393.7998]
  [1767.5721 1711.7151 1659.1823 1610.629  1566.4911 1526.9583 1491.9808
   1461.3163 1434.5945 1411.3888]
  [1769.2292 1717.7817 1669.2697 1624.2057 1582.9192 1545.5414 1512.0142
   1482.1311 1455.5876 1432.0383]
  [1776.4016 1728.9828 1684.0125 1641.8969 1602.9053 1567.1553 1534.6217
   1505.1586 1478.5382 1454.4927]]

 [[1928.2156 1855.362  1785.6879 1720.0634 1659.1959 1603.6124 1553.6593
   1509.5066 1471.1643 1438.5   ]
  [1906.9327 1833.8992 1764.2338 1698.924  1638.7639 1584.3195 1535.9213
   1493.6709 1457.4684 1427.0511]
  [1887.1323 1814.8112 1745.9669 1681.6714 1622.7778 1569.8721 1523.255
   1482.954  1448.7639 1420.3043]
  [1869.3699 1798.7292 1731.5934 1669.0653 1612.0166 1561.023  1516.3411
   1477.9258 1445.4847 1418.5526]
  [1854.4    1786.3944 1721.8357 1661.7991 1607.121  1558.3331 1515.6365
   1478.9261 1447.8552 1421.9194]
  [1843.1078 1778.5662 1717.3217 1660.3601 1608.4362 1562.0083 1521.2202
   1485.9298 1455.7778 1430.2744]
  [1836.3428 1775.8542 1718.4087 1664.8601 1615.8496 1571.7529 1532.667
   1498.4438 1468.7549 1443.1703]
  [1834.6896 1778.5078 1725.0059 1674.8905 1628.6886 1586.704  1549.0132
   1515.4941 1485.8826 1459.8348]
  [1838.2476 1786.2423 1736.459  1689.4768 1645.7336 1605.4957 1568.85
   1535.7264 1505.9384 1479.2319]
  [1846.5049 1798.1808 1751.5701 1707.1687 1665.3738 1626.4528 1590.5298
   1557.5977 1527.5417 1500.1804]]

 [[1982.8757 1910.1345 1840.3912 1774.5599 1713.4005 1657.4979 1607.249
   1562.8624 1524.3654 1491.6185]
  [1964.1991 1891.3826 1821.7096 1756.2101 1695.7305 1640.8939 1592.0802
   1549.4258 1512.8431 1482.0574]
  [1947.2472 1875.2367 1806.416  1741.8947 1682.5775 1629.1078 1581.8379
   1540.8317 1505.8989 1476.6537]
  [1932.5153 1862.2542 1795.1266 1732.2677 1674.5989 1622.7573 1577.0587
   1537.5056 1503.8346 1475.5927]
  [1920.6569 1853.0547 1788.4259 1727.8701 1672.2762 1622.2458 1578.0548
   1539.6671 1506.7902 1478.9601]
  [1912.4047 1848.219  1786.7438 1728.9863 1675.759  1627.6063 1584.7703
   1547.2068 1514.6438 1486.6631]
  [1908.3964 1848.1187 1790.1875 1735.4825 1684.7163 1638.3707 1596.6697
   1559.5935 1526.9318 1498.3529]
  [1908.9526 1852.7206 1798.3861 1746.6959 1698.2668 1653.5336 1612.7225
   1575.8635 1542.83   1513.3916]
  [1913.8885 1861.4606 1810.4323 1761.4442 1715.0476 1671.655  1631.5168
   1594.7216 1561.2236 1530.8843]
  [1922.4432 1873.2515 1824.9708 1778.1842 1733.416  1691.0852 1651.4746
   1614.725  1580.8511 1549.7747]]

 [[2041.268  1969.2847 1900.0839 1834.6052 1773.647  1717.8384 1667.6177
   1623.2206 1584.6809 1551.8416]
  [2025.967  1954.0632 1885.0289 1819.9095 1759.5831 1704.7134 1655.7185
   1612.7606 1575.7605 1544.4315]
  [2012.5988 1941.6194 1873.4734 1809.2748 1749.953  1696.1912 1648.3832
   1606.6274 1570.7552 1540.3884]
  [2001.5393 1932.3633 1865.8601 1803.1577 1745.1998 1692.6674 1645.9308
   1605.0486 1569.8064 1539.7897]
  [1993.2684 1926.7142 1862.5513 1801.866  1745.5719 1694.3287 1648.4916
   1608.1128 1572.9846 1542.7194]
  [1988.2942 1925.0044 1863.7183 1805.431  1750.9928 1701.0294 1655.8942
   1615.6682 1580.2023 1549.1874]
  [1986.989  1927.3267 1869.1964 1813.4783 1760.9442 1712.1853 1667.569
   1627.2327 1591.1174 1559.0232]
  [1989.3949 1933.3772 1878.3756 1825.1599 1774.4318 1726.7596 1682.5353
   1641.9635 1605.0809 1571.7986]
  [1995.0812 1942.3835 1890.1967 1839.2113 1790.0835 1743.3735 1699.5007
   1658.7275 1621.1677 1586.8181]
  [2003.1367 1953.1726 1903.2888 1854.1396 1806.364  1760.523  1717.0562
   1676.2587 1638.2871 1603.1849]]

 [[2103.061  2032.456  1964.4044 1899.8499 1839.6102 1784.3385 1734.493
   1690.3162 1651.8274 1618.8405]
  [2091.8196 2021.4971 1953.7382 1889.5754 1829.8916 1775.3667 1726.4349
   1683.2682 1645.7859 1613.6904]
  [2082.6543 2013.3901 1946.5524 1883.2229 1824.325  1770.5533 1722.3262
   1679.7692 1642.7407 1610.8878]
  [2075.7573 2008.3251 1943.0348 1880.968  1823.0569 1770.0017 1722.2188
   1679.8267 1642.6793 1610.4313]
  [2071.3716 2006.4524 1943.2583 1882.8231 1826.056  1773.6572 1726.061
   1683.4222 1645.6477 1612.4602]
  [2069.726  2007.8099 1947.1022 1888.5537 1833.0302 1781.2285 1733.6201
   1690.4314 1651.6654 1617.1562]
  [2070.9048 2012.2095 1954.1537 1897.5945 1843.3468 1792.1067 1744.392
   1700.5161 1660.5961 1624.5906]
  [2074.6926 2019.1287 1963.645  1909.0177 1856.019  1805.3462 1757.5598
   1713.0513 1672.0397 1634.5956]
  [2080.4895 2027.6913 1974.4906 1921.6116 1869.7997 1819.7511 1772.0524
   1727.1444 1685.3138 1646.708 ]
  [2087.3481 2036.7657 1985.434  1934.0579 1883.3672 1834.0499 1786.6934
   1741.7498 1699.5272 1660.2053]]

 [[2167.788  2099.127  2032.795  1969.7183 1910.7083 1856.4133 1807.2803
   1763.5266 1725.1359 1691.8792]
  [2161.1501 2093.0068 2027.1073 1964.4424 1905.8683 1852.0472 1803.4005
   1760.088  1722.0173 1688.8881]
  [2156.6274 2089.6733 2024.7062 1962.7411 1904.6588 1851.1351 1802.5887
   1759.1642 1720.7527 1687.0477]
  [2154.174  2089.0366 2025.4619 1964.449  1906.8838 1853.4607 1804.6283
   1760.5691 1721.2228 1686.3427]
  [2153.7515 2090.9368 2029.1248 1969.2649 1912.2336 1858.7534 1809.3333
   1764.2416 1723.5214 1687.0363]
  [2155.2896 2095.1118 2035.297  1976.7263 1920.259  1866.6522 1816.4941
   1770.1678 1727.8486 1689.5354]
  [2158.596  2101.1323 2043.3828 1986.1632 1930.3146 1876.6277 1825.7694
   1778.235  1734.3301 1694.1881]
  [2163.2588 2108.3428 2052.5635 1996.6863 1941.5382 1887.9332 1836.5938
   1788.098  1742.8538 1701.1024]
  [2168.602  2115.8726 2061.8423 2007.2491 1952.9088 1899.6366 1848.1758
   1799.1426 1752.9983 1710.0497]
  [2173.745  2122.7349 2070.1719 2016.7867 1963.3782 1910.7407 1859.5977
   1810.5546 1764.0742 1720.4807]]

 [[2234.8508 2168.6187 2104.5078 2043.4055 1986.0865 1933.1583 1885.017
   1841.8225 1803.5005 1769.7776]
  [2233.1729 2167.6948 2104.1416 2043.4303 1986.3575 1933.5315 1885.329
   1841.8765 1803.0669 1768.6099]
  [2233.5042 2169.315  2106.6548 2046.4409 1989.478  1936.3927 1887.5831
   1843.2059 1803.1942 1767.3123]
  [2235.5298 2173.075  2111.5752 2051.919  1994.9183 1941.2405 1891.3545
   1845.5094 1803.7463 1765.9418]
  [2238.9155 2178.5046 2118.3481 2059.2903 2002.1531 1947.6683 1896.4135
   1848.7759 1804.9471 1764.949 ]
  [2243.3103 2185.0835 2126.3623 2067.9458 2010.6715 1955.346  1902.6686
   1853.179  1807.2296 1764.994 ]
  [2248.3018 2192.2178 2134.9353 2077.2183 2019.9219 1963.9186 1910.0137
   1858.8774 1811.0027 1766.6984]
  [2253.3586 2199.2153 2143.2996 2086.357  2029.2542 1972.9034 1918.1755
   1865.8236 1816.4366 1770.4235]
  [2257.8164 2205.3003 2150.6318 2094.5503 2037.922  1981.6621 1926.6538
   1873.6748 1823.3536 1776.1525]
  [2260.9353 2209.6921 2156.139  2101.0137 2045.1635 1989.4698 1934.7771
   1881.832  1831.2476 1783.4893]]

 [[2303.5425 2240.1152 2178.624  2119.8916 2064.6226 2013.3442 1966.3655
   1923.7618 1885.3914 1850.9457]
  [2306.9517 2244.4807 2183.616  2125.1787 2069.8696 2018.2125 1970.5146
   1926.8578 1887.1254 1851.0574]
  [2312.0952 2250.9436 2190.852  2132.618  2076.9443 2024.3857 1975.3092
   1929.8816 1888.0914 1849.7947]
  [2318.3794 2258.7925 2199.5417 2141.389  2085.0579 2031.1759 1980.2289
   1932.5348 1888.246  1847.3754]
  [2325.202  2267.294  2208.8945 2150.7354 2093.5786 2038.1573 1985.1138
   1934.9518 1888.0125 1844.4779]
  [2331.9885 2275.749  2218.186  2160.0137 2102.0466 2045.1313 1990.0691
   1937.5444 1888.0775 1842.0096]
  [2338.1838 2283.495  2226.749  2168.6587 2110.0884 2051.9785 1995.255
   1940.7457 1889.1122 1840.8256]
  [2343.2217 2289.8887 2233.9482 2176.122  2117.3066 2058.4956 2000.6838
   1944.7775 1891.5265 1841.4913]
  [2346.5156 2294.307  2239.1738 2181.8477 2123.232  2064.3208 2006.1139
   1949.5293 1895.3429 1844.1569]
  [2347.5044 2296.194  2241.8862 2185.3145 2127.3564 2068.964  2011.082
   1954.5806 1900.2052 1848.5507]]

 [[2373.0754 2312.6992 2254.0876 2197.9734 2144.957  2095.4548 2049.663
   2007.5615 1968.9474 1933.498 ]
  [2381.4526 2322.1558 2264.1445 2208.12   2154.6663 2104.2021 2056.9546
   2012.9646 1972.1205 1934.2144]
  [2391.1091 2333.062  2275.599  2219.3838 2165.008  2112.9492 2063.5417
   2016.9714 1973.2947 1932.4707]
  [2401.1992 2344.4475 2287.4163 2230.7427 2175.061  2120.962  2068.9492
   2019.4122 1972.6172 1928.7118]
  [2410.9126 2355.4016 2298.6826 2241.3853 2184.219  2127.9192 2073.1895
   2020.6405 1970.7515 1923.8523]
  [2419.536  2365.1487 2308.67   2250.7458 2192.1711 2133.829  2076.6074
   2021.3167 1968.6212 1919.0074]
  [2426.4573 2373.05   2316.817  2258.4321 2198.7686 2138.8228 2079.6194
   2022.1125 1967.1045 1915.203 ]
  [2431.1477 2378.5742 2322.6636 2264.1208 2203.8652 2142.9521 2082.4746
   2023.4597 1966.7871 1913.1426]
  [2433.1428 2381.2754 2325.8179 2267.4927 2207.228  2146.0796 2085.1343
   2025.4202 1967.8329 1913.088 ]
  [2432.0625 2380.808  2325.9597 2268.2417 2208.5532 2147.8953 2087.289
   2027.7039 1969.9926 1914.8569]]]
"""
