raw_data = """
[[[3224.0623 3053.398  2882.0107 2712.4028 2547.052  2388.2756 2238.094
   2098.1074 1969.4203 1852.6107]
  [3244.3652 3074.927  2904.4116 2735.401  2570.4534 2411.9536 2261.9546
   2122.0571 1993.3324 1876.3156]
  [3260.5583 3093.9766 2926.0361 2759.3171 2596.375  2439.5742 2290.9292
   2151.9849 2023.7545 1906.7374]
  [3272.0623 3109.9688 2946.3362 2783.6477 2624.352  2470.693  2324.563
   2187.3975 2060.1406 1943.2788]
  [3278.7722 3122.6702 2964.9502 2807.9011 2653.7573 2504.5444 2361.9563
   2227.2837 2101.4053 1984.8359]
  [3281.1282 3132.2502 2981.742  2831.6133 2683.794  2540.02   2401.7444
   2270.1045 2145.9385 2029.8319]
  [3280.0195 3139.194  2996.729  2854.2947 2713.4768 2575.6948 2442.1658
   2313.9004 2191.732  2076.3484]
  [3276.5322 3144.0784 3009.906  2875.3381 2741.6265 2609.913  2481.228
   2356.5076 2236.6138 2122.3423]
  [3271.6016 3147.2783 3021.0461 2893.9263 2766.9053 2640.933  2516.9353
   2395.8274 2278.5166 2165.8818]
  [3265.6997 3148.737  3029.576  2909.026  2787.9197 2667.1206 2547.53
   2430.082  2315.7188 2205.3513]]

 [[3223.2932 3051.444  2878.797  2707.933  2541.4163 2381.643  2230.7012
   2090.2397 1961.3857 1844.7178]
  [3245.7454 3075.1316 2903.2979 2732.9028 2566.592  2406.8362 2255.7698
   2115.0557 1985.8049 1868.5682]
  [3264.635  3096.9172 2927.6003 2759.3325 2594.7563 2436.334  2286.1782
   2145.9214 2016.6488 1898.9049]
  [3279.3022 3116.135  2951.058  2786.6116 2625.329  2469.5671 2321.3438
   2182.223  2053.265  1935.0493]
  [3289.49   3132.3723 2973.1104 2814.034  2657.4634 2505.5579 2360.1777
   2222.7961 2094.4678 1975.8542]
  [3295.4092 3145.5269 2993.3145 2840.8093 2690.04   2542.9062 2401.0789
   2265.9414 2138.5703 2019.7522]
  [3297.6428 3155.7212 3011.2866 2866.0398 2721.6877 2579.8584 2442.0444
   2309.5625 2183.5361 2064.8909]
  [3296.9004 3163.11   3026.5806 2888.6897 2750.8503 2614.4656 2480.8943
   2351.4194 2227.2202 2109.336 ]
  [3293.7117 3167.6472 3038.566  2907.5889 2775.9177 2644.8118 2515.557
   2389.4275 2267.6372 2151.2825]
  [3288.1804 3168.9426 3046.4006 2921.524  2795.4106 2669.262  2544.3408
   2421.9138 2303.1858 2189.2368]]

 [[3219.1873 3046.994  2873.9617 2702.7134 2535.856  2375.833  2224.7725
   2084.3582 1955.735  1839.4857]
  [3243.9827 3073.052  2900.7808 2729.859  2562.9775 2402.6611 2251.1013
   2110.0146 1980.558  1863.3093]
  [3265.7778 3097.7664 2927.9175 2758.9006 2593.4058 2433.9626 2282.7698
   2141.5518 2011.4786 1893.1622]
  [3283.7969 3120.337  2954.5754 2789.061  2626.3813 2468.9875 2319.026
   2178.2058 2047.731  1928.2971]
  [3297.5786 3140.116  2979.934  2819.364  2660.7957 2506.5217 2358.5894
   2218.6853 2088.0728 1967.5823]
  [3307.0344 3156.661  3003.1885 2848.6606 2695.2034 2544.9028 2399.6843
   2261.2156 2130.8418 2009.5594]
  [3312.3706 3169.6814 3023.5332 2875.657  2727.901  2582.1414 2440.1887
   2303.7007 2174.1084 2052.562 ]
  [3313.883  3178.9016 3040.1125 2898.9668 2757.0752 2616.1443 2477.897
   2343.983  2215.8901 2094.872 ]
  [3311.713  3183.916  3051.9983 2917.2114 2781.01   2644.9932 2510.822
   2380.122  2254.385  2134.8833]
  [3305.692  3184.1392 3058.2485 2929.1777 2798.3132 2667.2002 2537.449
   2410.6265 2288.1572 2171.2458]]

 [[3211.3079 3039.5737 2867.0095 2696.2375 2529.87   2370.362  2219.855
   2080.0466 1952.096  1836.5903]
  [3238.487  3068.0554 2896.201  2725.6033 2558.956  2398.8044 2247.3726
   2106.4214 1977.1499 1860.1732]
  [3263.1975 3095.6829 2926.1167 2757.1482 2591.4739 2431.6665 2279.9932
   2138.2673 2007.7511 1889.1356]
  [3284.5188 3121.4827 2955.7622 2789.8784 2626.4417 2467.982  2316.7708
   2174.671  2043.0382 1922.695 ]
  [3301.739  3144.5278 2984.0198 2822.5215 2662.4773 2506.313  2356.273
   2214.27   2081.7822 1959.8075]
  [3314.4294 3164.0073 3009.7134 2853.5886 2697.8608 2544.8167 2396.6523
   2255.3306 2122.4585 1999.2217]
  [3322.3962 3179.2202 3031.6553 2881.4707 2730.6748 2581.4124 2435.825
   2295.907  2163.371  2039.5546]
  [3325.5376 3189.5208 3048.6829 2904.5703 2759.0144 2614.0386 2471.7249
   2334.0635 2202.81   2079.3796]
  [3323.6887 3194.2627 3059.722  2921.472  2781.23   2640.9277 2502.5732
   2368.0974 2239.2163 2117.3267]
  [3316.5447 3192.8257 3063.8984 2931.1165 2796.1409 2660.8271 2527.0823
   2396.7173 2271.3218 2152.183 ]]

 [[3199.2527 3028.7256 2857.4365 2687.9722 2522.9155 2364.6963 2215.4412
   2076.8423 1950.0559 1835.6704]
  [3228.683  3059.5007 2888.8684 2719.4182 2553.8113 2394.5789 2243.9531
   2103.7188 1975.1107 1858.7778]
  [3256.104  3089.7993 2921.2815 2753.1418 2588.053  2428.6013 2277.104
   2135.4502 2004.9866 1886.4788]
  [3280.426  3118.4492 2953.4536 2787.906  2624.4182 2465.579  2313.7734
   2171.0059 2038.7732 1918.0095]
  [3300.6753 3144.235  2983.9746 2822.1653 2661.2944 2503.914  2352.4546
   2209.04   2075.3394 1952.4874]
  [3316.0813 3165.9998 3011.3496 2854.1711 2696.7957 2541.708  2391.361
   2247.982  2113.401  1988.9427]
  [3326.0813 3182.7014 3034.1118 2882.1357 2728.9492 2576.9553 2428.5996
   2286.165  2151.5884 2026.3348]
  [3330.2544 3193.4343 3050.9368 2904.4177 2755.9272 2607.781  2462.372
   2321.9683 2188.5244 2063.5605]
  [3328.2441 3197.4568 3060.7585 2919.7117 2776.2747 2632.664  2491.1711
   2353.9614 2222.9092 2099.488 ]
  [3319.7424 3194.2434 3062.884  2927.1956 2789.0676 2650.6006 2513.9268
   2381.0315 2253.6172 2133.0227]]

 [[3182.6968 3014.0532 2844.7869 2677.421  2514.4736 2358.3188 2211.0376
   2074.2869 1949.202  1836.3588]
  [3214.0806 3046.817  2878.1494 2710.6328 2546.8643 2389.3296 2240.2397
   2101.3782 1973.994  1858.7563]
  [3243.809  3079.3423 2912.578  2746.0266 2582.3108 2424.002  2273.4395
   2132.5625 2002.777  1884.9028]
  [3270.6245 3110.2588 2946.632  2782.1418 2619.3813 2460.9783 2309.4004
   2166.7603 2034.6604 1914.1151]
  [3293.3115 3138.1018 2978.6643 2817.2317 2656.3264 2498.604  2346.646
   2202.7397 2068.6934 1945.7296]
  [3310.8098 3161.4468 3006.9673 2849.4211 2691.2375 2535.071  2383.5828
   2239.1992 2103.9016 1979.097 ]
  [3322.2737 3179.026  3029.9402 2876.9036 2722.2476 2568.5928 2418.6213
   2274.8252 2139.2852 2013.5312]
  [3327.0693 3189.8098 3046.2432 2898.1382 2747.7341 2597.578  2450.2961
   2308.3462 2173.806  2048.243 ]
  [3324.7632 3193.0757 3054.925  2912.0122 2766.486  2620.777  2477.3723
   2338.5918 2206.4036 2082.3171]
  [3315.1282 3188.457  3055.5046 2917.9373 2777.8083 2637.3843 2498.942
   2364.5767 2236.059  2114.755 ]]

 [[3161.4443 2995.2864 2828.7246 2664.1956 2504.126  2350.7998 2206.219
   2071.974  1949.1508 1838.2941]
  [3194.3557 3029.5984 2863.5698 2698.7273 2537.5771 2382.5298 2235.7397
   2098.9565 1973.412  1859.7738]
  [3225.8538 3063.77   2899.4055 2735.1775 2573.6345 2417.3044 2268.5137
   2129.2083 2000.8159 1884.1785]
  [3254.538  3096.2695 2934.6243 2771.926  2610.734  2453.6824 2303.2788
   2161.6895 2030.5692 1910.965 ]
  [3279.0125 3125.462  2967.4392 2807.1426 2647.114  2490.0762 2338.7024
   2195.372  2061.9604 1939.7211]
  [3298.02   3149.7744 2996.0706 2838.9739 2680.9905 2524.8945 2373.4788
   2229.2808 2094.3513 1970.1166]
  [3310.5396 3167.8455 3018.9268 2865.7349 2710.7217 2556.6594 2406.3762
   2262.4766 2127.1008 2001.7878]
  [3315.8337 3178.6365 3034.7607 2886.0718 2734.9482 2584.0898 2436.2595
   2294.0132 2159.4766 2034.2196]
  [3313.4673 3181.504  3042.7708 2899.073  2752.6868 2606.1716 2462.1226
   2322.9353 2190.6167 2066.6812]
  [3303.3171 3176.2305 3042.6472 2904.318  2763.39   2622.2178 2483.1501
   2348.3352 2219.5745 2098.2485]]

 [[3135.4836 2972.343  2809.1023 2648.09   2491.6174 2341.849  2200.6711
   2069.572  1949.5591 1841.1248]
  [3169.4355 3007.6953 2844.9111 2683.4275 2525.6387 2373.8486 2230.1191
   2096.125  1973.0463 1861.5223]
  [3202.1191 3042.894  2881.521  2720.3135 2561.7302 2408.224  2262.063
   2125.1523 1998.8936 1884.1143]
  [3232.047  3076.3137 2917.2358 2757.0632 2598.3025 2443.5574 2295.3186
   2155.742  2026.4706 1908.5399]
  [3257.728  3106.2563 2950.2566 2791.895  2633.7112 2478.444  2328.7866
   2187.1274 2055.3352 1934.642 ]
  [3277.8152 3131.1255 2978.8618 2823.105  2666.4048 2511.589  2361.4934
   2218.6726 2085.1675 1962.3704]
  [3291.219  3149.5796 3001.5784 2849.2192 2695.0273 2541.8462 2392.5554
   2249.7754 2115.6328 1991.6262]
  [3297.175  3160.6375 3017.2983 2869.091  2718.4739 2568.2148 2421.1204
   2279.76   2146.2454 2022.1112]
  [3295.2717 3163.7385 3025.348  2881.9648 2735.9292 2589.848  2446.3464
   2307.8296 2176.2954 2053.2402]
  [3285.4595 3158.757  3025.507  2887.4963 2746.9019 2606.1003 2467.4521
   2333.1128 2204.8853 2084.1523]]

 [[3105.0334 2945.3784 2786.0042 2629.1182 2476.8918 2331.3408 2194.2021
   2066.829  1950.1213 1844.5026]
  [3139.5513 2981.2715 2822.2664 2664.7566 2511.005  2363.1802 2223.2148
   2092.6702 1972.6404 1863.7117]
  [3172.8884 3016.938  2859.086  2701.5398 2546.6497 2396.7603 2254.0386
   2120.2979 1996.868  1884.5295]
  [3203.5386 3050.7422 2894.7812 2737.8303 2582.3252 2430.797  2285.6606
   2148.9976 2022.383  1906.7982]
  [3230.0068 3081.0283 2927.6501 2772.005  2616.6025 2464.142  2317.2625
   2178.2847 2049.0054 1930.5919]
  [3250.9521 3106.2798 2956.131  2802.593  2648.2197 2495.822  2348.1948
   2207.8276 2076.683  1956.0817]
  [3265.2932 3125.2444 2978.921  2828.3582 2676.1025 2524.993  2377.871
   2237.296  2105.3174 1983.3619]
  [3272.2744 3137.0198 2995.0503 2848.3364 2699.3557 2550.8706 2405.6519
   2266.2124 2134.6    2012.2888]
  [3271.4988 3141.0962 3003.9202 2861.8594 2717.2583 2572.7075 2430.7974
   2293.8872 2163.9312 2042.3861]
  [3262.9329 3137.3633 3005.3167 2868.5767 2729.3025 2589.841  2452.5193
   2319.46   2192.4448 2072.8477]]

 [[3070.559  2914.7961 2759.759  2607.5188 2460.0867 2319.304  2186.731
   2063.561  1950.5657 1848.0885]
  [3105.2458 2950.8074 2796.0356 2643.0227 2493.8813 2350.6196 2215.0117
   2088.4739 1971.9867 1866.0657]
  [3138.8276 2986.5122 2832.6394 2679.3076 2528.7422 2383.1506 2244.5576
   2114.647  1994.6384 1885.2396]
  [3169.844  3020.3462 2867.9917 2714.8774 2563.3481 2415.822  2274.5886
   2141.6016 2018.3231 1905.6522]
  [3196.8726 3050.7788 2900.5706 2748.3418 2596.541  2447.7773 2304.572
   2169.118  2043.091  1927.564 ]
  [3218.6423 3076.4333 2929.0227 2778.49   2627.3506 2478.339  2334.1387
   2197.1094 2069.0903 1951.3011]
  [3234.1208 3096.177  2952.225  2804.3079 2654.9453 2506.9055 2362.9255
   2225.4404 2096.3828 1977.0822]
  [3242.5698 3109.1758 2969.3147 2824.966  2678.5767 2532.8416 2390.436
   2253.7651 2124.776  2004.8607]
  [3243.58   3114.927  2979.7153 2839.825  2697.56   2555.445  2415.9863
   2281.4585 2153.7407 2034.2352]
  [3237.0818 3113.2766 2983.1548 2848.468  2711.3235 2574.0007 2438.7576
   2307.6565 2182.4375 2064.4492]]]
"""
