raw_data = """
[[[1779.9965 1706.7566 1637.1384 1571.8849 1511.5695 1456.5923 1407.1888
   1363.4462 1325.3263 1292.6897]
  [1754.7704 1681.1086 1611.3079 1546.223  1486.5063 1432.5942 1384.7096
   1342.8848 1306.994  1276.7935]
  [1730.5773 1657.3446 1588.1625 1523.9695 1465.4756 1413.1355 1367.1469
   1327.4786 1293.9148 1266.1084]
  [1707.9507 1636.0804 1568.4021 1505.896  1449.2935 1399.0399 1355.2913
   1317.9458 1286.7008 1261.1167]
  [1687.6685 1618.104  1552.824  1492.7977 1438.7318 1391.0284 1349.7831
   1314.8213 1285.7627 1262.0974]
  [1670.7168 1604.3285 1542.2563 1485.4044 1434.4083 1389.5946 1350.9833
   1318.3295 1291.1958 1269.0308]
  [1658.17   1595.6658 1537.427  1484.247  1436.652  1394.8717 1358.846
   1328.2738 1302.6866 1281.529 ]
  [1651.0011 1592.8436 1538.7928 1489.5006 1445.3674 1406.5215 1372.8358
   1343.9783 1319.4841 1298.8293]
  [1649.863  1596.2051 1546.3661 1500.852  1459.9441 1423.6895 1391.9238
   1364.3201 1340.451  1319.8529]
  [1654.8987 1605.5483 1559.6014 1517.4385 1479.2546 1445.0563 1414.6835
   1387.8511 1364.1956 1343.3275]]

 [[1828.3113 1753.6625 1682.5571 1615.8234 1554.1143 1497.9019 1447.4785
   1402.9724 1364.3646 1331.5131]
  [1803.9424 1728.8802 1657.5948 1591.034  1529.9403 1474.8247 1425.9674
   1383.4333 1347.1047 1316.7178]
  [1780.8396 1706.2498 1635.6057 1569.947  1510.0792 1456.5363 1409.572
   1369.181  1335.1423 1307.0768]
  [1759.5817 1686.4371 1617.3444 1553.3866 1495.3944 1443.8951 1399.0991
   1360.9263 1329.0618 1303.0272]
  [1740.9774 1670.2588 1603.6312 1542.1644 1486.6643 1437.615  1395.1672
   1359.1675 1329.2257 1304.7975]
  [1726.0144 1658.6106 1595.2607 1536.9612 1484.4425 1438.1138 1398.053
   1364.0449 1335.6543 1312.3124]
  [1715.7118 1652.317  1592.8427 1538.1635 1488.8975 1445.3574 1407.5515
   1375.2244 1347.9326 1325.1283]
  [1710.9048 1651.9232 1596.6125 1545.7    1499.6755 1458.7594 1422.9082
   1391.8585 1365.196  1342.432 ]
  [1712.0148 1657.4951 1606.2744 1558.9338 1515.8513 1477.181  1442.8611
   1412.6552 1386.209  1363.113 ]
  [1718.8761 1668.4957 1620.9377 1576.6703 1535.9998 1499.0564 1465.7998
   1436.0488 1409.5237 1385.8943]]

 [[1880.9657 1805.5059 1733.4478 1665.6907 1602.9642 1545.8124 1494.5903
   1449.4714 1410.4601 1377.4117]
  [1858.2478 1782.4175 1710.2    1642.6215 1580.5059 1524.4406 1474.7672
   1431.5906 1394.8032 1364.1257]
  [1837.032  1761.7345 1690.1812 1623.4933 1562.5635 1508.0042 1460.1307
   1418.9718 1384.3107 1355.7421]
  [1817.9016 1744.125  1674.144  1609.1235 1549.9824 1497.3303 1451.4392
   1412.2631 1379.4897 1352.6178]
  [1801.6451 1730.3768 1662.871  1600.275  1543.4829 1493.0637 1449.2344
   1411.8822 1380.63   1354.9233]
  [1789.1886 1721.3029 1657.0555 1597.5133 1543.4943 1495.4962 1453.6744
   1417.8702 1387.6814 1362.5546]
  [1781.4288 1717.5717 1657.124  1601.0258 1549.9825 1504.4054 1464.3958
   1429.7781 1400.1694 1375.0665]
  [1779.0002 1719.4889 1663.0472 1610.4667 1562.332  1518.9751 1480.4663
   1446.6461 1417.1881 1391.6715]
  [1782.0507 1726.8192 1674.2166 1624.897  1579.3475 1537.8494 1500.4733
   1467.1044 1437.4913 1411.306 ]
  [1790.1067 1738.7158 1689.4503 1642.8696 1599.4045 1559.3253 1522.7317
   1489.5681 1459.6582 1432.7524]]

 [[1937.9122 1862.2905 1789.8739 1721.6173 1658.3168 1600.5848 1548.8376
   1503.2938 1463.9777 1430.7367]
  [1917.6733 1841.7711 1769.2467 1701.1831 1638.4716 1581.7697 1531.4788
   1487.7423 1450.4656 1419.352 ]
  [1899.1661 1823.8815 1752.0507 1684.8494 1623.2373 1567.8987 1519.208
   1477.2328 1441.7661 1412.3875]
  [1882.9232 1809.2299 1738.9661 1673.3463 1613.3578 1559.6827 1512.6578
   1472.2812 1438.2603 1410.0913]
  [1869.6477 1798.5    1730.6558 1667.3063 1609.4132 1557.625  1512.2335
   1473.1865 1440.1472 1412.5848]
  [1860.1313 1792.3461 1727.6359 1667.1075 1611.6493 1561.8489 1517.9551
   1479.8944 1447.3353 1419.7792]
  [1855.0769 1791.2139 1730.095  1672.6996 1619.8121 1571.9498 1529.3308
   1491.894  1459.3583 1431.3033]
  [1854.868  1795.136  1737.7246 1683.4738 1633.0619 1586.9457 1545.3351
   1508.2086 1475.3633 1446.4818]
  [1859.3688 1803.5906 1749.6483 1698.263  1650.0319 1605.3772 1564.5219
   1527.4996 1494.1908 1464.375 ]
  [1867.8472 1815.5023 1764.503  1715.4952 1669.034  1625.5355 1585.2506
   1548.2646 1514.525  1483.8833]]

 [[1998.9828 1923.8696 1851.7261 1783.5442 1720.1709 1662.2755 1610.3262
   1564.575  1525.0554 1491.5966]
  [1982.0371 1906.7877 1834.626  1766.6644 1703.8412 1646.8674 1596.1923
   1551.9899 1514.1729 1482.4269]
  [1967.0232 1892.5056 1821.0762 1753.9302 1692.0696 1636.23   1586.8351
   1543.9879 1507.4979 1476.9426]
  [1954.3625 1881.4973 1811.599  1745.8926 1685.4032 1630.8672 1582.6805
   1540.8923 1505.2498 1475.2753]
  [1944.5997 1874.2616 1806.6519 1742.9646 1684.2008 1631.0728 1583.9512
   1542.863  1507.5446 1477.5269]
  [1938.3165 1871.219  1806.504  1745.2803 1688.4833 1636.7839 1590.5371
   1549.7833 1514.3007 1483.6876]
  [1935.963  1872.5452 1811.0754 1752.5431 1697.7965 1647.46   1601.8876
   1561.1637 1525.1476 1493.5425]
  [1937.6475 1878.0001 1819.8087 1763.9418 1711.1631 1662.0587 1616.9966
   1576.1207 1539.385  1506.6072]
  [1942.9834 1886.84   1831.6545 1778.2001 1727.1781 1679.1533 1634.5132
   1593.4591 1556.0276 1522.1323]
  [1951.0707 1897.8794 1845.2065 1793.7689 1744.2347 1697.1602 1652.9498
   1611.8424 1573.9266 1539.176 ]]

 [[2063.8713 1989.9253 1918.6951 1851.1882 1788.2815 1730.6805 1678.8826
   1633.1517 1593.511  1559.7576]
  [2050.96   1977.0752 1905.9525 1838.7029 1776.2828 1719.4307 1668.6201
   1624.0386 1585.596  1552.9633]
  [2040.1196 1967.1045 1896.7549 1830.2488 1768.5942 1712.5494 1662.5679
   1618.7795 1581.0162 1548.8734]
  [2031.598  1960.276  1891.3811 1826.1062 1765.4758 1710.2544 1660.8843
   1617.4722 1579.825  1547.5259]
  [2025.7102 1956.8287 1890.0067 1826.3983 1767.0073 1712.5918 1663.5988
   1620.1523 1582.0935 1549.0573]
  [2022.7686 1956.8951 1892.611  1830.9885 1772.9823 1719.3358 1670.5173
   1626.7053 1587.8236 1553.6085]
  [2022.9366 1960.3684 1898.8572 1839.3734 1782.8104 1729.8944 1681.1261
   1636.7601 1596.828  1561.19  ]
  [2026.0629 1966.7786 1908.0126 1850.64   1795.4949 1743.2904 1694.5598
   1649.6318 1608.6418 1571.5685]
  [2031.5791 1975.2604 1918.9788 1863.5398 1809.733  1758.2596 1709.6738
   1664.3566 1622.518  1584.2246]
  [2038.5299 1984.6495 1930.4441 1876.68   1824.1188 1773.4442 1725.2108
   1679.8176 1637.5083 1598.3944]]

 [[2132.1191 2059.955  1990.2545 1924.017  1862.1222 1805.2803 1753.9838
   1708.4767 1668.7478 1634.5514]
  [2123.8506 2051.9844 1982.5371 1916.5874 1855.0736 1798.7255 1748.009
   1703.102  1663.902  1630.074 ]
  [2117.6921 2046.8372 1978.1884 1912.866  1851.8441 1795.8691 1745.3981
   1700.5785 1661.2728 1627.1191]
  [2113.6597 2044.4991 1977.171  1912.7925 1852.3494 1796.6028 1746.0286
   1700.7936 1660.7878 1625.6903]
  [2111.788  2044.9001 1979.336  1916.1707 1856.378  1800.7389 1749.7734
   1703.7167 1662.5436 1626.0292]
  [2112.0889 2047.8673 1984.3752 1922.6182 1863.5444 1807.956  1756.4366
   1709.32   1666.7026 1628.4882]
  [2114.4463 2053.0415 1991.7518 1931.5059 1873.221  1817.7177 1765.6447
   1717.4403 1673.3279 1633.347 ]
  [2118.4995 2059.8042 2000.6624 1941.9364 1884.515  1829.227  1776.7704
   1727.6647 1682.239  1640.6477]
  [2123.5896 2067.2786 2010.0801 1952.8134 1896.3384 1841.478  1788.9475
   1739.3085 1692.9521 1650.1097]
  [2128.8147 2074.4333 2018.8949 1962.9933 1907.5602 1853.3916 1801.1838
   1751.4948 1704.7295 1661.1486]]

 [[2203.1191 2133.2744 2065.6587 2001.2367 1940.8575 1885.1951 1834.696
   1789.55   1749.6891 1714.8246]
  [2199.9106 2130.6123 2063.3862 1999.2456 1939.072  1883.546  1833.0919
   1787.8542 1747.7168 1712.3544]
  [2198.7114 2130.538  2064.0889 2000.3901 1940.3438 1884.6469 1833.7374
   1787.7747 1746.6633 1710.113 ]
  [2199.2632 2132.7207 2067.3801 2004.2491 1944.2394 1888.0847 1836.2803
   1789.0602 1746.4169 1708.1562]
  [2201.3003 2136.771  2072.7925 2010.332  1950.3087 1893.51   1840.524
   1791.7063 1747.1847 1706.8989]
  [2204.546  2142.2427 2079.7842 2018.0881 1958.0798 1900.6074 1846.368
   1795.8558 1749.3512 1706.9421]
  [2208.649  2148.5955 2087.7114 2026.8684 1966.9965 1908.997  1853.6617
   1801.6102 1753.2615 1708.8405]
  [2213.117  2155.1572 2095.8057 2035.9005 1976.3689 1918.1417 1862.0696
   1808.8566 1759.022  1712.8971]
  [2217.2903 2161.1375 2103.2085 2044.3207 1985.3868 1927.3347 1871.0256
   1817.1926 1766.403  1719.0509]
  [2220.4028 2165.71   2109.0664 2051.2744 1993.2169 1935.7831 1879.7988
   1825.9712 1774.862  1726.8798]]

 [[2276.1294 2209.035  2143.957  2081.7976 2023.3368 1969.1698 1919.6575
   1874.9058 1834.7812 1798.9625]
  [2278.1611 2211.831  2147.2288 2085.2693 2026.7407 1972.2377 1922.114
   1876.4706 1835.1832 1797.9613]
  [2281.9282 2216.7715 2152.8433 2091.0464 2032.1788 1976.8647 1925.5076
   1878.2792 1835.1422 1795.9038]
  [2286.8843 2223.2058 2160.08   2098.3838 2038.9349 1982.4252 1929.3643
   1880.0581 1834.6168 1792.9922]
  [2292.484  2230.4644 2168.215  2106.5845 2046.4255 1988.5238 1933.533
   1881.9307 1834.0029 1789.8628]
  [2298.2104 2237.9023 2176.5698 2115.0393 2054.206  1994.9579 1938.096
   1884.2689 1833.9366 1787.367 ]
  [2303.5557 2244.8943 2184.4995 2123.1855 2061.8872 2001.5753 1943.1688
   1887.4542 1835.032  1786.3024]
  [2307.978  2250.8052 2191.3584 2130.4497 2069.0334 2008.1257 1948.7101
   1891.6533 1837.6478 1787.1876]
  [2310.8933 2254.9963 2196.5068 2136.232  2075.1233 2014.1936 1954.4291
   1896.7117 1841.7677 1790.139 ]
  [2311.715  2256.8755 2199.357  2139.9585 2079.5981 2019.2407 1959.82
   1902.1763 1847.0111 1794.8694]]

 [[2350.3022 2286.2534 2224.0234 2164.4214 2108.1223 2055.6074 2007.1233
   1962.6794 1922.0842 1885.0071]
  [2357.4907 2294.3472 2232.583  2172.9895 2116.233  2062.7988 2012.9589
   1966.7725 1924.124  1884.7827]
  [2365.9504 2303.9277 2242.626  2182.8093 2125.1572 2070.2102 2018.3389
   1969.7344 1924.4332 1882.3578]
  [2374.8718 2314.0686 2253.167  2192.9102 2134.0195 2077.1428 2022.8092
   1971.3998 1923.1476 1878.1522]
  [2383.4849 2323.9033 2263.3345 2202.5156 2142.2375 2083.2856 2026.3757
   1972.101  1920.8973 1873.0397]
  [2391.115  2332.691  2272.4287 2211.076  2149.5024 2088.6316 2029.3564
   1972.4609 1918.5624 1868.0894]
  [2397.1863 2339.8167 2279.8965 2218.1938 2155.647  2093.2842 2032.1302
   1973.1096 1916.9774 1864.2826]
  [2401.1853 2344.7542 2285.272  2223.5269 2160.495  2097.259  2034.9082
   1974.4409 1916.6908 1862.2888]
  [2402.651  2347.0479 2288.1401 2226.726  2163.7822 2100.3862 2037.6205
   1976.4879 1917.8417 1862.349 ]
  [2401.189  2346.3281 2288.1538 2227.455  2165.1729 2102.3262 2039.9343
   1978.9424 1920.1683 1864.2714]]]
"""
