raw_data = """
[[[2957.7463 2797.2703 2637.802  2481.5835 2330.755  2187.2432 2052.6543
   1928.1908 1814.6002 1712.1788]
  [2973.3945 2813.7698 2654.916  2499.1646 2348.7375 2205.619  2071.4336
   1947.3638 1834.1064 1731.8954]
  [2986.0896 2828.892  2672.2678 2518.5615 2370.0017 2228.5544 2095.8018
   1972.8607 1860.3617 1758.4868]
  [2995.4224 2842.2532 2689.5195 2539.4924 2394.3083 2255.8281 2125.5205
   2004.3971 1893.0151 1791.5356]
  [3001.4072 2853.7605 2706.4749 2561.6497 2421.2324 2286.8901 2159.9138
   2041.1849 1931.1997 1830.1396]
  [3004.5352 2863.6553 2723.0947 2584.695  2450.1333 2320.8164 2197.8235
   2081.9043 1973.522  1872.9259]
  [3005.675  2872.4214 2739.4197 2608.2012 2480.1255 2356.3196 2237.6562
   2124.781  2018.1632 1918.1528]
  [3005.8342 2880.5718 2755.4114 2631.5593 2510.0693 2391.8193 2277.5247
   2167.775  2063.08   1963.9014]
  [3005.8333 2888.382  2770.7666 2653.905  2538.6084 2425.5842 2315.4622
   2208.8296 2106.255  2008.2916]
  [3006.0183 2895.6826 2784.8113 2674.1206 2564.2783 2455.918  2349.6592
   2246.123  2145.9292 2049.6802]]

 [[2951.7205 2789.954  2629.227  2471.8635 2320.082  2175.8762 2040.9016
   1916.3853 1803.077  1701.2502]
  [2969.0005 2808.077  2647.904  2490.8948 2339.3525 2195.336  2060.5278
   1936.1462 1822.9004 1721.0117]
  [2983.9187 2825.4446 2667.4402 2512.3281 2362.4214 2219.7686 2086.0264
   1962.368  1849.4585 1747.4916]
  [2996.0225 2841.625  2687.4458 2535.8228 2388.98   2248.875  2117.0742
   1994.6798 1882.3217 1780.2097]
  [3005.214  2856.394  2707.5747 2560.91   2418.4382 2281.9429 2152.849
   2032.1765 1920.5442 1818.2312]
  [3011.792  2869.7622 2727.5273 2586.9758 2449.8828 2317.8022 2191.9937
   2073.4011 1962.6694 1860.1909]
  [3016.347  2881.8855 2746.9841 2613.2212 2482.0767 2354.8647 2232.691
   2116.4512 2006.846  1904.4032]
  [3019.53   2892.874  2765.4817 2638.6248 2513.5134 2391.2598 2272.8608
   2159.1982 2051.039  1949.0355]
  [3021.76   2902.584  2782.3088 2661.958  2542.5452 2425.0544 2310.43
   2199.5657 2093.2825 1992.308 ]
  [3023.005  2910.492  2796.4941 2681.8826 2567.572  2454.4995 2343.6025
   2235.7896 2131.8997 2032.6719]]

 [[2943.2886 2781.073  2619.944  2462.268  2310.3071 2166.0942 2031.3116
   1907.2046 1794.5215 1693.5199]
  [2962.4124 2801.0557 2640.4304 2482.9893 2331.0813 2186.8096 2051.8994
   1927.5999 1814.638  1713.2362]
  [2979.7776 2820.883  2662.3381 2506.5996 2356.0286 2212.734  2078.4365
   1954.3712 1841.2522 1739.3053]
  [2994.8572 2840.036  2685.1765 2532.6433 2384.7163 2243.4365 2110.4722
   1987.0332 1873.8446 1771.1892]
  [3007.393  2858.1055 2708.3953 2560.4387 2416.3455 2278.017  2147.0332
   2024.5776 1911.424  1807.967 ]
  [3017.4246 2874.8088 2731.3845 2589.0647 2449.7236 2315.0806 2186.6094
   2065.4832 1952.5536 1848.3668]
  [3025.2    2889.9243 2753.436  2617.3572 2483.306  2352.8162 2227.2676
   2107.8367 1995.4678 1890.8622]
  [3030.9731 2903.1482 2773.6892 2643.9485 2515.323  2389.195  2266.878
   2149.561  2038.2646 1933.8069]
  [3034.773  2913.9673 2791.115  2667.3706 2543.9812 2422.2349 2303.4048
   2188.6829 2079.1228 1975.5908]
  [3036.2698 2921.6238 2804.5918 2686.2258 2567.7031 2450.2698 2335.1702
   2223.5703 2116.496  2014.7845]]

 [[2932.152  2770.311  2609.6267 2452.4722 2301.1172 2157.6035 2023.6202
   1900.4144 1788.7318 1688.8175]
  [2953.2078 2792.2627 2632.0444 2475.0042 2323.4993 2179.6487 2045.2
   1921.4258 1809.0729 1708.3743]
  [2973.079  2814.5942 2656.3425 2500.771  2350.2532 2206.9338 2072.5864
   1948.5066 1835.4663 1733.7347]
  [2991.1357 2836.662  2681.8835 2529.1511 2380.7725 2238.8574 2105.1743
   1981.0469 1867.3092 1764.3262]
  [3006.916  2857.828  2707.8738 2559.221  2414.0354 2274.335  2141.862
   2017.9781 1903.6193 1799.2982]
  [3020.16   2877.4866 2733.3787 2589.762  2448.6067 2311.8096 2181.0732
   2057.8088 1943.0742 1837.5557]
  [3030.7454 2895.0356 2757.3352 2619.312  2482.7349 2349.374  2220.892
   2098.746  1984.1072 1877.8186]
  [3038.5396 2909.805  2778.5688 2646.278  2514.5322 2384.995  2259.2893
   2138.8936 2025.0482 1918.6989]
  [3043.2505 2921.0164 2795.869  2669.108  2542.2183 2416.785  2294.3838
   2176.4702 2064.2852 1958.795 ]
  [3044.3726 2927.8245 2808.1191 2686.4875 2564.357  2443.2498 2324.6729
   2210.005  2100.4126 1996.8033]]

 [[2918.0454 2757.3608 2597.9377 2442.1216 2292.1572 2150.062  2017.5095
   1895.7317 1785.4608 1686.928 ]
  [2940.9814 2781.247  2622.265  2466.4475 2316.124  2173.4    2040.0227
   1917.2755 1805.9192 1706.198 ]
  [2963.2395 2805.9448 2648.7913 2494.1794 2344.4636 2201.7976 2067.9888
   1944.3843 1831.8118 1730.5846]
  [2984.0608 2830.6553 2676.6997 2524.502  2376.3723 2234.4697 2100.6494
   1976.3419 1862.485  1759.5198]
  [3002.763  2854.4976 2704.9492 2556.2578 2410.6296 2270.19   2136.8318
   2012.0848 1897.0311 1792.2831]
  [3018.7812 2876.5576 2732.3176 2587.9922 2445.645  2307.3433 2175.0037
   2050.254  1934.3289 1828.0216]
  [3031.6455 2895.9058 2757.4712 2618.062  2479.5957 2344.068  2213.4004
   2089.291  1973.095  1865.7559]
  [3040.9001 2911.6038 2779.0535 2644.7976 2510.63   2378.4697 2250.2114
   2127.5693 2011.9523 1904.3892]
  [3046.0344 2922.7363 2795.8115 2666.7    2537.1013 2408.854  2283.7815
   2163.544  2049.5203 1942.7422]
  [3046.4917 2928.496  2806.745  2682.6267 2557.772  2433.9229 2312.7861
   2195.8975 2084.5254 1979.6248]]

 [[2900.767  2741.965  2584.5754 2430.885  2283.08   2143.1274 2012.6542
   1892.856  1784.4362 1687.6027]
  [2925.3994 2767.6133 2610.65   2456.8503 2308.4849 2167.6145 2035.9597
   1914.7928 1804.8749 1706.455 ]
  [2949.7612 2794.3733 2639.0813 2486.212  2338.0698 2196.7896 2064.1873
   1941.6409 1830.0162 1729.6614]
  [2972.9607 2821.2837 2668.8699 2517.9617 2370.8467 2229.7085 2096.4639
   1972.624  1859.2053 1756.7069]
  [2994.1045 2847.2454 2698.7637 2550.7595 2405.4631 2265.081  2131.627
   2006.7615 1891.6758 1787.051 ]
  [3012.3623 2871.0955 2727.3381 2583.0225 2440.2915 2301.353  2168.2966
   2042.9155 1926.5686 1820.1168]
  [3026.9836 2891.6758 2753.1125 2613.064  2473.5786 2336.837  2204.963
   2079.833  1962.925  1855.2401]
  [3037.2864 2907.899  2774.6797 2639.2708 2503.6277 2369.8723 2240.1016
   2116.1963 1999.6757 1891.6152]
  [3042.647  2918.8242 2790.851  2660.2844 2528.99   2398.9944 2272.2966
   2150.6978 2035.6658 1928.2714]
  [3042.5413 2923.7495 2800.7842 2675.1477 2548.6147 2423.076  2300.3726
   2182.145  2069.7314 1964.1217]]

 [[2880.2188 2723.9626 2569.3228 2418.5015 2273.5999 2136.5    2008.7543
   1891.4926 1785.368  1690.5547]
  [2906.2637 2751.0933 2596.8723 2445.8467 2300.1973 2161.9097 2032.647
   1913.642  1805.6339 1708.8641]
  [2932.3372 2779.5005 2626.7832 2476.414  2330.6218 2191.4907 2060.8135
   1939.9667 1829.8265 1730.758 ]
  [2957.4277 2808.0833 2657.901  2509.0425 2363.751  2224.2014 2092.3333
   1969.6973 1857.3507 1755.823 ]
  [2980.4778 2835.5815 2688.8372 2542.2996 2398.1978 2258.7844 2126.143
   2002.0088 1887.6321 1783.7277]
  [3000.4636 2860.679  2718.08   2574.5945 2432.4187 2293.853  2161.0962
   2036.0371 1920.1002 1814.1726]
  [3016.4507 2882.1055 2744.1262 2604.3232 2464.8381 2327.977  2195.9907
   2070.857  1954.1158 1846.7876]
  [3027.625  2898.7285 2765.6213 2630.0154 2493.9795 2359.7673 2229.599
   2105.451  1988.8956 1881.0253]
  [3033.3254 2909.648  2781.4868 2650.4768 2518.5923 2387.973  2260.7231
   2138.7207 2023.4836 1916.1016]
  [3033.0923 2914.2734 2791.0186 2664.8965 2537.7612 2411.5867 2288.2876
   2169.5664 2056.8052 1951.0212]]

 [[2856.4497 2703.3352 2552.0981 2404.834  2263.5303 2129.9548 2005.5508
   1891.3538 1787.9427 1695.4457]
  [2883.5747 2731.6135 2580.7913 2433.2373 2291.0168 2156.0103 2029.7886
   1913.514  1807.878  1713.1011]
  [2910.9304 2761.22   2611.727  2464.5688 2321.873  2185.6423 2057.608
   1939.1055 1830.9917 1733.6274]
  [2937.423  2790.9583 2643.6558 2497.5854 2354.9219 2217.7954 2088.1206
   1967.4395 1856.8054 1756.7533]
  [2961.8965 2819.492  2675.1487 2530.8645 2388.8442 2251.3374 2120.439
   1997.895  1884.9644 1782.361 ]
  [2983.222  2845.4558 2704.7163 2562.918  2422.2742 2285.1196 2153.6895
   2029.8965 1915.1737 1810.4003]
  [3000.3728 2867.5657 2730.9321 2592.3044 2453.8723 2317.9976 2186.9785
   2062.822  1947.0754 1840.747 ]
  [3012.4778 2884.7139 2752.5474 2617.7302 2482.3901 2348.8394 2219.3457
   2095.9138 1980.1261 1873.0663]
  [3018.8716 2896.0579 2768.5896 2638.1423 2506.739  2376.566  2249.7659
   2128.2441 2013.5336 1906.7288]
  [3019.145  2901.0813 2778.4402 2652.812  2526.0764 2400.2341 2277.2256
   2158.7773 2046.2965 1940.8223]]

 [[2829.6816 2680.2393 2532.9856 2389.8909 2252.8035 2123.3467 2002.8251
   1892.1509 1791.8121 1701.8801]
  [2857.567  2709.3325 2562.4844 2419.0168 2280.8594 2149.7559 2027.1549
   1914.1182 1811.2683 1718.7914]
  [2885.8152 2739.73   2594.0332 2450.7183 2311.791  2179.1414 2054.4028
   1938.8347 1833.2429 1737.9673]
  [2913.301  2770.2014 2626.362  2483.752  2344.4553 2210.5205 2083.7915
   1965.752  1857.4176 1759.3008]
  [2938.8418 2799.418  2658.0923 2516.7976 2377.6843 2242.953  2114.65
   1994.4773 1883.6554 1782.8726]
  [2961.2837 2826.0525 2687.8428 2548.5413 2410.3408 2275.5532 2146.3801
   2024.6981 1911.9    1808.8328]
  [2979.5762 2848.874  2714.3176 2577.74   2441.3313 2307.4453 2178.3586
   2056.0454 1942.0151 1837.2432]
  [2992.8333 2866.8289 2736.3845 2603.2651 2469.6045 2337.7126 2209.839
   2087.9639 1973.64   1867.927 ]
  [3000.39   2879.1165 2753.1477 2624.164  2494.1873 2365.398  2239.9243
   2119.656  2006.1119 1900.3782]
  [3001.8499 2885.2466 2764.0137 2639.7288 2514.2568 2389.582  2267.6326
   2150.1318 2038.4905 1933.7611]]

 [[2800.3196 2655.0073 2512.2317 2373.8179 2241.4546 2116.5957 2000.3824
   1893.5872 1796.5924 1709.4136]
  [2828.7036 2684.6326 2542.2349 2403.3596 2269.7798 2143.081  2024.5658
   1915.1732 1815.4424 1725.5178]
  [2857.548  2715.5032 2574.074  2435.1213 2300.5132 2172.0015 2051.0933
   1938.9426 1836.2839 1743.4222]
  [2885.7446 2746.4182 2606.528  2467.9392 2332.6235 2202.5166 2079.354
   1964.5256 1858.9775 1763.1854]
  [2912.1438 2776.1226 2638.3398 2500.657  2365.1436 2233.9097 2108.9072
   1991.7483 1883.5822 1785.0522]
  [2935.6233 2803.3828 2668.282  2532.1667 2397.175  2265.5464 2139.3967
   2020.5162 1910.2247 1809.319 ]
  [2955.1511 2827.054  2695.2058 2561.418  2427.8438 2296.775  2170.412
   2050.6497 1938.9274 1836.1718]
  [2969.844  2846.1409 2718.0825 2587.4202 2456.2546 2326.842  2201.3662
   2081.7397 1969.458  1865.5416]
  [2979.024  2859.8608 2736.059  2609.2786 2481.5059 2354.872  2231.4502
   2113.0815 2001.2478 1897.0144]
  [2982.2754 2867.7058 2748.5222 2626.267  2502.7612 2379.9424 2259.6982
   2143.7222 2033.4121 1929.8229]]]
"""
