raw_data = """
[[[2316.5776 2236.004  2157.3687 2081.6099 2009.5427 1941.8358 1878.9929
   1821.3444 1769.048  1722.1014]
  [2312.5022 2233.3691 2156.272  2082.1965 2011.9806 1946.2798 1885.5468
   1830.0265 1779.7692 1734.6619]
  [2308.2896 2231.669  2157.1733 2085.789  2018.3313 1955.399  1897.3535
   1844.3245 1796.2407 1752.8857]
  [2304.1094 2231.0942 2160.2847 2092.6113 2028.8052 1969.354  1914.4858
   1864.193  1818.285  1776.4648]
  [2300.412  2232.0159 2165.8887 2102.8376 2043.4468 1988.0382 1936.6743
   1889.2023 1845.334  1804.7372]
  [2297.9219 2234.9697 2174.3005 2116.539  2062.0676 2011.0062 1963.2399
   1918.4896 1876.4108 1836.6902]
  [2297.525  2240.543  2185.766  2133.5933 2084.1772 2037.4333 1993.0913
   1950.7904 1910.1837 1871.0278]
  [2300.0615 2249.1912 2200.3103 2153.5813 2108.942  2066.1377 2024.8003
   1984.5503 1945.0936 1906.2897]
  [2306.0754 2261.0244 2217.5864 2175.7183 2135.1943 2095.666  2056.7446
   2018.0978 1979.5255 1940.9972]
  [2315.601  2275.6533 2236.799  2198.855  2161.5205 2124.4421 2087.2913
   2049.8354 2011.983  1973.7981]]

 [[2333.3882 2252.5303 2173.6006 2097.579  2025.3204 1957.5253 1894.7189
   1837.243  1785.2544 1738.7395]
  [2331.0068 2251.6821 2174.3474 2100.0256 2029.5911 1963.727  1902.9066
   1847.3838 1797.209  1752.2609]
  [2328.937  2252.2317 2177.546  2105.8955 2038.125  1974.8584 1916.4785
   1863.1298 1814.752  1771.1351]
  [2327.337  2254.35   2183.3774 2115.3647 2051.066  1990.9928 1935.4031
   1884.3212 1837.5914 1794.9553]
  [2326.5942 2258.325  2192.0188 2128.4827 2068.3164 2011.8722 1959.2609
   1910.3933 1865.057  1823.0007]
  [2327.3042 2264.5273 2203.59   2145.102  2089.46   2036.8322 1987.1842
   1940.3457 1896.0986 1854.2573]
  [2330.1484 2273.2952 2218.0515 2164.7964 2113.711  2064.7874 2017.8817
   1972.7946 1929.3544 1887.4846]
  [2335.6816 2284.753  2235.0728 2186.796  2139.916  2094.3    2049.756
   2006.1122 1963.2847 1921.3185]
  [2344.102  2298.6423 2253.9426 2209.983  2166.6392 2123.732  2081.0908
   2038.6199 1996.3389 1954.3966]
  [2355.0906 2314.2349 2273.5684 2232.9805 2192.3203 2151.4443 2110.2646
   2068.7861 2027.1202 1985.4803]]

 [[2350.7363 2270.185  2191.5317 2115.7778 2043.801  1976.3201 1913.8765
   1856.82   1805.3083 1759.3203]
  [2350.5251 2271.6199 2194.6226 2120.5703 2050.3506 1984.6641 1923.9978
   1868.6183 1818.5833 1773.7765]
  [2351.0752 2274.8896 2200.5625 2129.1106 2061.3853 1998.027  1939.4395
   1885.7936 1837.0583 1793.053 ]
  [2352.4937 2280.0962 2209.4429 2141.4639 2076.916  2016.333  1960.0127
   1908.0344 1860.3093 1816.6476]
  [2355.0503 2287.3843 2221.2717 2157.4917 2096.6477 2039.1315 1985.1273
   1934.6464 1887.5922 1843.8298]
  [2359.147  2296.8955 2235.9155 2176.7832 2119.9126 2065.5425 2013.7587
   1964.5476 1917.8602 1873.6688]
  [2365.1926 2308.6602 2253.0103 2198.5986 2145.6504 2094.275  2044.5016
   1996.3398 1949.8309 1905.0817]
  [2373.4124 2322.451  2271.88   2221.859  2172.4692 2123.7441 2075.7134
   2028.4493 1982.0997 1936.8962]
  [2383.6567 2337.6719 2291.5156 2245.2178 2198.791  2152.2642 2105.7166
   2059.3057 2013.2725 1967.9324]
  [2395.3098 2353.3489 2310.6533 2267.213  2223.0542 2178.2656 2133.0088
   2087.52   2042.0996 1997.093 ]]

 [[2368.3423 2288.663  2210.8406 2135.8782 2064.6562 1997.9008 1936.1589
   1879.7845 1828.9347 1783.5813]
  [2370.7014 2292.7976 2216.6963 2143.419  2073.8489 2008.6886 1948.4335
   1893.3625 1843.5487 1798.8887]
  [2374.2427 2299.146  2225.704  2154.9048 2087.5864 2024.393  1965.7501
   1911.8654 1862.753  1818.2809]
  [2378.9785 2307.6885 2237.808  2170.2258 2105.6829 2044.7324 1987.7225
   1934.8093 1885.9963 1841.1868]
  [2385.009  2318.3687 2252.791  2189.0054 2127.6108 2069.0479 2013.597
   1961.4014 1912.5112 1866.928 ]
  [2392.486  2331.0505 2270.2285 2210.5535 2152.4607 2096.2827 2042.2584
   1990.5636 1941.3447 1894.7444]
  [2401.506  2345.4353 2289.4395 2233.854  2178.9695 2125.0398 2072.3025
   2021.0022 1971.4044 1923.7988]
  [2411.9553 2360.9673 2309.4602 2257.6157 2205.628  2153.724  2102.1775
   2051.3164 2001.5159 1953.181 ]
  [2423.3823 2376.7935 2329.0981 2280.3965 2230.8586 2180.7354 2130.3596
   2080.1328 2030.5021 1981.9318]
  [2434.977  2391.8235 2347.06   2300.7903 2253.224  2204.6729 2155.5308
   2106.2441 2057.28   2009.0977]]

 [[2385.9023 2307.6113 2231.1387 2157.4663 2087.4622 2021.8436 1961.1525
   1905.7379 1855.7499 1811.1509]
  [2391.1252 2314.7505 2240.0596 2168.037  2099.54   2035.2594 1975.6897
   1921.1202 1871.6392 1827.1624]
  [2397.8892 2324.3877 2252.311  2182.5918 2116.0361 2053.2817 1994.7742
   1940.7623 1891.3168 1846.3641]
  [2406.0723 2336.3354 2267.635  2200.793  2136.5232 2075.3936 2017.8105
   1964.0216 1914.1365 1868.1636]
  [2415.5627 2350.2966 2285.556  2222.0054 2160.2366 2100.7456 2043.9244
   1990.065  1939.3767 1892.0046]
  [2426.232  2365.84   2305.3633 2245.288  2186.0813 2128.1826 2072.0015
   2017.9155 1966.2688 1917.3682]
  [2437.8599 2382.3604 2326.1096 2269.433  2212.6997 2156.3242 2100.7617
   2046.4907 1993.9922 1943.7217]
  [2450.0303 2399.0432 2346.6472 2293.0596 2238.6    2183.6943 2128.8557
   2074.6514 2021.6641 1970.4501]
  [2462.0732 2414.8896 2365.7263 2314.7637 2262.3286 2208.882  2154.9888
   2101.2688 2048.3499 1996.8234]
  [2473.0994 2428.8167 2382.1448 2333.2964 2282.645  2230.6975 2178.0466
   2125.3186 2073.123  2022.0237]]

 [[2403.1072 2326.6582 2252.     2180.079  2111.7332 2047.6548 1988.3654
   1934.1946 1885.274  1841.548 ]
  [2411.3643 2336.9712 2264.1455 2193.8145 2126.792  2063.7402 2005.1431
   1951.29   1902.282  1858.0516]
  [2421.4297 2349.9456 2279.6475 2211.395  2145.9458 2083.9204 2025.7782
   1971.8083 1922.1382 1876.7573]
  [2433.0156 2365.1904 2298.0146 2232.2314 2168.516  2107.4492 2049.4946
   1994.9923 1944.1616 1897.1154]
  [2445.781  2382.1584 2318.516  2255.4492 2193.5413 2133.3462 2075.3687
   2020.0496 1967.7516 1918.7532]
  [2459.3215 2400.148  2340.2017 2279.9282 2219.8306 2160.459  2102.3901
   2046.1919 1992.391  1941.4382]
  [2473.1353 2418.31   2361.9497 2304.3794 2246.0518 2187.54   2129.4998
   2072.623  2017.5773 1964.9591]
  [2486.5754 2435.6697 2382.5425 2327.4536 2270.8467 2213.3281 2155.6226
   2098.505  2042.7343 1988.9937]
  [2498.8489 2451.1892 2400.7817 2347.8828 2292.9583 2236.6494 2179.7156
   2122.9602 2067.1626 2013.0266]
  [2509.0806 2463.8792 2415.6238 2364.6165 2311.3616 2256.5222 2200.8516
   2145.1233 2090.0728 2036.3572]]

 [[2419.6685 2345.4414 2273.002  2203.2456 2136.9634 2074.8057 2017.2526
   1964.5956 1916.9319 1874.1777]
  [2431.0068 2358.9626 2288.3833 2220.1245 2154.9404 2093.4497 2036.1078
   1983.193  1934.808  1890.9005]
  [2444.308  2375.168  2306.9854 2240.5325 2176.5083 2115.5044 2057.9834
   2004.266  1954.5298 1908.8234]
  [2459.107  2393.4568 2328.083  2263.642  2200.7676 2140.0442 2081.9868
   2027.0184 1975.4568 1927.5083]
  [2474.8416 2413.0542 2350.731  2288.3997 2226.6357 2166.046  2107.2375
   2050.7822 1997.176  1946.8116]
  [2490.8713 2433.0496 2373.823  2313.604  2252.933  2192.4624 2132.9146
   2075.0205 2019.4572 1966.7947]
  [2506.479  2452.44   2396.1672 2337.9956 2278.4575 2218.2622 2158.238
   2099.249  2042.1162 1987.5472]
  [2520.872  2470.1858 2416.5762 2360.349  2302.0522 2242.4448 2182.4229
   2122.9287 2064.8608 2009.006 ]
  [2533.2144 2485.2888 2433.968  2379.5728 2322.6797 2264.0723 2204.664
   2145.4048 2087.1978 2030.8413]
  [2542.7024 2496.8914 2447.4707 2394.8074 2339.503  2282.3354 2224.1836
   2165.94   2108.4473 2052.4502]]

 [[2435.3477 2363.6501 2293.7654 2226.5264 2162.6616 2102.7568 2047.23
   1996.3124 1950.0513 1908.3276]
  [2449.7068 2380.289  2312.2563 2246.38   2183.342  2123.7    2067.8647
   2016.0881 1968.4647 1924.9517]
  [2466.0647 2399.497  2333.6797 2269.2927 2206.966  2147.2515 2090.6033
   2037.3605 1987.7396 1941.8412]
  [2483.7869 2420.482  2357.1123 2294.2495 2232.4814 2172.391  2114.53
   2059.387  2007.3589 1958.7317]
  [2502.1282 2442.2961 2381.4658 2320.106  2258.7847 2198.1504 2138.8945
   2081.6912 2027.1412 1975.7288]
  [2520.275  2463.9011 2405.574  2345.6824 2284.8022 2223.6687 2163.1208
   2104.015  2047.1426 1993.1632]
  [2537.3728 2484.2317 2428.2693 2369.8342 2309.5278 2248.1694 2186.718
   2126.1707 2067.459  2011.3755]
  [2552.5579 2502.2588 2448.4587 2391.504  2332.0288 2270.9082 2209.1685
   2147.8755 2088.0327 2030.508 ]
  [2565.0037 2517.0618 2465.1965 2409.7778 2351.466  2291.1514 2229.8613
   2168.6562 2108.5361 2050.3765]
  [2573.9954 2527.9111 2477.7588 2423.947  2367.1445 2308.2144 2248.1267
   2187.8684 2128.3716 2070.4585]]

 [[2449.984  2381.0508 2313.9836 2249.5408 2188.3691 2130.9712 2077.6802
   2028.6517 1983.8716 1943.1854]
  [2467.218  2400.6165 2335.3408 2272.0715 2211.4053 2153.8252 2099.6836
   2049.1934 2002.4342 1959.3712]
  [2486.3782 2422.5156 2359.2207 2297.0806 2236.6519 2178.4385 2122.8748
   2070.3062 2020.9768 1975.0298]
  [2506.6873 2445.8076 2384.562  2323.4446 2262.9985 2203.797  2146.415
   2091.3882 2039.1718 1990.1134]
  [2527.2717 2469.443  2410.2202 2350.0234 2289.4146 2229.0745 2169.7524
   2112.1975 2057.086  2004.9662]
  [2547.214  2492.3396 2435.0562 2375.7422 2315.003  2253.6392 2192.5718
   2132.7446 2075.0269 2020.1409]
  [2565.5947 2513.4421 2457.9941 2399.6199 2338.9778 2276.9688 2214.645
   2153.0903 2093.3137 2036.1632]
  [2581.534  2531.778  2478.064  2420.7754 2360.6147 2298.541  2235.669
   2173.15   2112.0596 2053.3186]
  [2594.2412 2546.515  2494.4456 2438.4443 2379.2327 2317.7754 2255.1787
   2192.5815 2131.053  2071.5264]
  [2603.0796 2557.0234 2506.5244 2452.0215 2394.2292 2334.0679 2272.5732
   2210.8035 2149.7588 2090.3242]]

 [[2463.506  2397.5017 2333.4326 2271.9692 2213.6626 2158.9146 2107.9604
   2060.8716 2017.5726 1977.8792]
  [2483.4104 2419.7268 2357.322  2296.78   2238.6052 2183.1987 2130.8464
   2081.7192 2035.8798 1993.3025]
  [2505.0774 2443.9578 2383.2434 2323.4316 2265.0059 2208.421  2154.085
   2102.3418 2053.4553 2007.603 ]
  [2527.629  2469.1648 2410.0732 2350.782  2291.7942 2233.671  2176.9995
   2122.3445 2070.2017 2020.962 ]
  [2550.1194 2494.268  2436.6921 2377.7798 2318.0896 2258.3242 2199.2725
   2141.73   2086.42   2033.9325]
  [2571.5923 2518.2095 2462.055  2403.5085 2343.2039 2281.9878 2220.834
   2160.7395 2102.6182 2047.2277]
  [2591.119  2539.9949 2485.2126 2427.167  2366.5635 2304.3604 2241.6672
   2179.6196 2119.2664 2061.4878]
  [2607.8376 2558.7312 2505.3223 2448.033  2387.6172 2325.0913 2261.6255
   2198.4187 2136.5874 2077.082 ]
  [2621.002  2573.6653 2521.6672 2465.4563 2405.7983 2343.7078 2280.3403
   2216.8809 2154.442  2093.9912]
  [2630.039  2584.2395 2533.703  2478.8928 2420.5542 2359.6462 2297.247
   2234.46   2172.3325 2111.795 ]]]
"""
