raw_data = """
[[[1989.5319 1925.166  1863.5736 1805.451  1751.3463 1701.651  1656.6036
   1616.2997 1580.7133 1549.7208]
  [1971.1208 1907.2062 1846.2605 1789.0602 1736.2052 1688.0992 1644.9463
   1606.7686 1573.4377 1544.7173]
  [1953.5255 1890.9252 1831.452  1775.9291 1724.9779 1678.986  1638.1017
   1602.2574 1571.2172 1544.6373]
  [1937.1981 1876.8268 1819.7042 1766.6527 1718.2698 1674.8898 1636.5808
   1603.1752 1574.3352 1549.6322]
  [1922.833  1865.5795 1811.6517 1761.815  1716.5917 1676.2246 1640.6779
   1609.6846 1582.827  1559.6274]
  [1911.3347 1857.9686 1807.9417 1761.906  1720.2632 1683.1312 1650.3636
   1621.6096 1596.405  1574.2673]
  [1903.6942 1854.7734 1809.1091 1767.2006 1729.2955 1695.3795 1665.2076
   1638.3762 1614.4185 1592.8915]
  [1900.7882 1856.576  1815.4109 1777.6187 1743.2944 1712.3083 1684.3522
   1659.0167 1635.876  1614.5613]
  [1903.1553 1863.5643 1826.6655 1792.6235 1761.4115 1732.8315 1706.5662
   1682.249  1659.5316 1638.1361]
  [1910.8041 1875.3823 1842.1633 1811.1947 1782.3857 1755.5343 1730.3727
   1706.6195 1684.0231 1662.3925]]

 [[2026.9535 1962.231  1900.2439 1841.7373 1787.3043 1737.3718 1692.2036
   1651.9106 1616.4697 1585.7482]
  [2010.0112 1945.8168 1884.5316 1826.9816 1773.8114 1725.4594 1682.1522
   1643.922  1610.6361 1582.0427]
  [1994.2075 1931.4229 1871.6653 1815.804  1764.5032 1718.1843 1677.0173
   1640.9427 1609.7205 1582.9937]
  [1980.0065 1919.5621 1862.2028 1808.7898 1759.9607 1716.0829 1677.2488
   1643.3052 1613.921  1588.668 ]
  [1968.0841 1910.8695 1856.7307 1806.4608 1760.6172 1719.4784 1683.0438
   1651.0782 1623.1927 1598.9362]
  [1959.2786 1906.0372 1855.7773 1809.1669 1766.64   1728.3599 1694.2347
   1663.9744 1637.178  1613.4225]
  [1954.4475 1905.6711 1859.672  1816.9569 1777.8115 1742.2849 1710.2166
   1681.3014 1655.1729 1631.481 ]
  [1954.2551 1910.0974 1868.3844 1829.4537 1793.4542 1760.349  1729.9502
   1701.9838 1676.156  1652.2126]
  [1958.9497 1919.1808 1881.3984 1845.7993 1812.4388 1781.2457 1752.0575
   1724.6697 1698.8818 1674.535 ]
  [1968.21   1932.2312 1897.6917 1864.7037 1833.2954 1803.4227 1774.9946
   1747.8981 1722.0259 1697.2933]]

 [[2067.169  2002.665  1940.8201 1882.4105 1828.062  1778.232  1733.2083
   1693.1174 1657.9404 1627.5378]
  [2052.3804 1988.5146 1927.443  1870.0201 1816.9196 1768.6069 1725.3317
   1687.1381 1653.8964 1625.347 ]
  [2039.0542 1976.7047 1917.2065 1861.4503 1810.1254 1763.6799 1722.3063
   1685.9633 1654.421  1627.3252]
  [2027.6232 1967.7045 1910.6099 1857.211  1808.1669 1763.874  1724.4573
   1689.7969 1659.5922 1633.4412]
  [2018.687  1962.0524 1908.1222 1857.6892 1811.331  1769.3652 1731.8433
   1698.5917 1669.2858 1643.5332]
  [2012.9496 1960.2761 1910.0837 1863.0343 1819.5864 1779.9625 1744.1543
   1711.972  1683.1178 1657.2639]
  [2011.0664 1962.7441 1916.5659 1873.0339 1832.4764 1795.0302 1760.657
   1729.1924 1700.4106 1674.0835]
  [2013.4331 1969.4847 1927.232  1887.0239 1849.0807 1813.4878 1780.2175
   1749.1682 1720.2091 1693.22  ]
  [2019.9868 1980.0457 1941.2681 1903.8923 1868.0806 1833.9171 1801.4244
   1770.5836 1741.3591 1713.7205]
  [2030.107  1993.4673 1957.433  1922.1978 1887.9277 1854.7554 1822.7781
   1792.0604 1762.6407 1734.5442]]

 [[2109.9824 2046.2742 1985.1165 1927.3007 1873.4711 1824.1075 1779.5159
   1739.8363 1705.0522 1675.0125]
  [2098.0103 2035.085  1974.7915 1917.9891 1865.3633 1817.3964 1774.3545
   1736.2957 1703.0973 1674.4962]
  [2087.804  2026.511  1967.8273 1912.6355 1861.6293 1815.272  1773.7798
   1737.1353 1705.1326 1677.436 ]
  [2079.7134 2020.9156 1964.5922 1911.5942 1862.5808 1817.9712 1777.9287
   1742.3849 1711.0938 1683.7051]
  [2074.1978 2018.6693 1965.3643 1915.0457 1868.2959 1825.4712 1786.6934
   1751.8783 1720.7975 1693.1483]
  [2071.7585 2020.0681 1970.235  1922.8917 1878.5161 1837.4006 1799.6465
   1765.1985 1733.8972 1705.5376]
  [2072.79   2025.1962 1978.9897 1934.6571 1892.5741 1852.9847 1816.0028
   1781.638  1749.8328 1720.502 ]
  [2077.3894 2033.7794 1991.012  1949.4487 1909.3928 1871.0741 1834.6492
   1800.2115 1767.8108 1737.4731]
  [2085.2031 2045.1017 2005.275  1966.0118 1927.5911 1890.2676 1854.2588
   1819.7406 1786.8479 1755.685 ]
  [2095.3936 2058.0454 2020.4531 1982.8956 1945.6792 1909.1104 1873.4707
   1838.9974 1805.8743 1774.2383]]

 [[2155.1182 2092.7532 2032.8115 1976.0812 1923.2118 1874.6915 1830.8365
   1791.7899 1757.5284 1727.8829]
  [2146.5547 2085.151  2026.1824 1970.4872 1918.7438 1871.4376 1828.842
   1791.0244 1757.8663 1729.1053]
  [2140.0137 2080.3623 2023.025  1968.8463 1918.5027 1872.4586 1830.9478
   1793.9819 1761.3878 1732.863 ]
  [2135.7048 2078.5786 2023.504  1971.2811 1922.5483 1877.7378 1837.0549
   1800.4954 1767.8883 1738.9579]
  [2133.8862 2079.936  2027.6405 1977.7068 1930.7057 1887.0325 1846.8896
   1810.3046 1777.1702 1747.298 ]
  [2134.8003 2084.4502 2035.2424 1987.7615 1942.499  1899.8229 1859.9631
   1823.0211 1788.9989 1757.8339]
  [2138.5464 2091.9082 2045.822  2000.7501 1957.1174 1915.286  1875.5376
   1838.0724 1803.0172 1770.4415]
  [2144.9316 2101.773  2058.5537 2015.6475 1973.444  1932.324  1892.635
   1854.672  1818.671  1784.8104]
  [2153.3755 2113.1582 2072.3167 2031.1886 1990.1683 1949.6743 1910.1144
   1871.8545 1835.2003 1800.3939]
  [2162.9324 2124.9175 2085.8352 2046.0421 2005.9683 1966.0759 1926.8146
   1888.5829 1851.7085 1816.4459]]

 [[2202.2148 2141.6868 2083.4502 2028.2728 1976.7926 1929.4921 1886.6796
   1848.4841 1814.8604 1785.6086]
  [2197.5435 2138.1785 2081.0308 2026.8964 1976.4255 1930.0874 1888.149
   1850.6744 1817.5454 1788.5   ]
  [2195.0679 2137.5684 2082.0493 2029.2921 1979.9333 1934.4224 1893.0002
   1855.7062 1822.4054 1792.8408]
  [2194.8086 2139.817  2086.403  2035.2902 1987.0759 1942.1932 1900.8887
   1863.2294 1829.133  1798.4155]
  [2196.7744 2144.7827 2093.8203 2044.5162 1997.4177 1952.9535 1911.4126
   1872.9448 1837.5793 1805.258 ]
  [2200.919  2152.1848 2103.8281 2056.3718 2010.3159 1966.1047 1924.1016
   1884.574  1847.695  1813.5541]
  [2207.0503 2161.5427 2115.7222 2070.0227 2024.9158 1980.8796 1938.3652
   1897.7635 1859.3877 1823.4666]
  [2214.734  2172.1323 2128.5698 2084.4282 2040.1788 1996.3439 1953.452
   1911.9937 1872.3871 1834.9628]
  [2223.2505 2183.008  2141.276  2098.4326 2054.9717 2011.4578 1968.4696
   1926.5524 1886.1768 1847.7228]
  [2231.6577 2193.1067 2152.72   2110.9097 2068.2048 2025.1963 1982.48
   1940.6039 1900.036  1861.1528]]

 [[2250.8364 2192.5654 2136.4624 2083.2593 2033.5656 1987.835  1946.3455
   1909.1881 1876.2749 1847.3661]
  [2250.3945 2193.4941 2138.5864 2086.4048 2037.5504 1992.4545 1951.3569
   1914.3043 1881.1703 1851.6957]
  [2252.207  2197.2593 2143.938  2092.9395 2044.8384 2000.0519 1958.8167
   1921.1926 1887.087  1856.2979]
  [2256.0671 2203.552  2152.1128 2102.375  2054.8809 2010.0524 1968.1719
   1929.3785 1893.686  1861.0135]
  [2261.7124 2211.9404 2162.5461 2114.0698 2067.0242 2021.8657 1978.9675
   1938.603  1900.9415 1866.0619]
  [2268.815  2221.8733 2174.5352 2127.2583 2080.5437 2034.9077 1990.841
   1948.7721 1909.0427 1871.8949]
  [2276.9321 2232.6702 2187.248  2141.0696 2094.6462 2048.5632 2003.4255
   1959.8049 1918.1906 1878.9646]
  [2285.4634 2243.5151 2199.75   2154.5544 2108.4678 2062.1353 2016.2479
   1971.4735 1928.3999 1887.5048]
  [2293.643  2253.5005 2211.0664 2166.7456 2121.1108 2074.8462 2028.6814
   1983.3212 1939.3904 1897.405 ]
  [2300.6147 2261.7207 2220.286  2176.7573 2131.7344 2085.91   2040.0043
   1994.7007 1950.6025 1908.2096]]

 [[2300.4888 2244.807  2191.1875 2140.3118 2092.7388 2048.8691 2008.9205
   1972.9211 1940.7239 1912.0421]
  [2304.4453 2250.3232 2197.9712 2148.0435 2101.0696 2057.4214 2017.2906
   1980.6917 1947.4845 1917.4191]
  [2310.5752 2258.4448 2207.5786 2158.5713 2111.9202 2067.993  2027.0103
   1989.0475 1954.0558 1921.8971]
  [2318.4265 2268.5845 2219.3066 2171.1123 2124.477  2079.8037 2037.4031
   1997.4849 1960.1595 1925.4542]
  [2327.478  2280.0474 2232.3477 2184.8252 2137.955  2092.2166 2048.059
   2005.8721 1965.9608 1928.5376]
  [2337.1616 2292.0786 2245.8516 2198.8752 2151.6514 2104.7573 2058.7993
   2014.3523 1971.9121 1931.8636]
  [2346.8552 2303.883  2258.9585 2212.456  2164.9214 2117.0303 2069.5234
   2023.129  1978.4946 1936.1434]
  [2355.8713 2314.6443 2270.819  2224.7827 2177.1284 2128.6042 2080.0376
   2032.2488 1985.9778 1941.834 ]
  [2363.4749 2323.5596 2280.6304 2235.1084 2187.6235 2138.9575 2089.963
   2041.4829 1994.2815 1949.0001]
  [2368.9426 2329.9106 2287.7026 2242.7805 2195.7932 2147.5122 2098.7607
   2050.3423 2002.9828 1957.3013]]

 [[2350.6436 2297.788  2246.9077 2198.6167 2153.401  2111.5806 2073.288
   2038.4684 2006.9064 1978.2754]
  [2358.9905 2307.834  2258.2295 2210.735  2165.7925 2123.6934 2084.5674
   2048.3877 2015.0032 1984.1847]
  [2369.2769 2320.0806 2271.7827 2224.8696 2179.7495 2136.7317 2096.0146
   2057.6877 2021.7487 1988.1328]
  [2380.8171 2333.6875 2286.6143 2240.0117 2194.2866 2149.8203 2106.949
   2065.948  2027.0217 1990.3047]
  [2392.8733 2347.7605 2301.7563 2255.2227 2208.6006 2162.3872 2117.1013
   2073.2373 2031.2224 1991.3916]
  [2404.7048 2361.428  2316.3135 2269.7046 2222.1035 2174.1428 2126.5266
   2079.955  2035.057  1992.3422]
  [2415.5918 2373.8723 2329.4868 2282.7903 2234.357  2184.9395 2135.3887
   2086.563  2039.2422 1994.0684]
  [2424.8333 2384.3428 2340.567  2293.8936 2244.9604 2194.5967 2143.7397
   2093.3337 2044.243  1997.1907]
  [2431.7705 2392.1758 2348.9358 2302.482  2253.4888 2202.8108 2151.401
   2100.2148 2050.1316 2001.9001]
  [2435.8298 2396.834  2354.1003 2308.0989 2259.5103 2209.167  2157.9758
   2106.838  2056.5881 2007.947 ]]

 [[2400.7715 2350.8752 2302.8752 2257.3018 2214.5461 2174.826  2138.171
   2104.4365 2073.346  2044.5488]
  [2413.3242 2365.186  2318.378  2273.3525 2230.4504 2189.8743 2151.6858
   2115.8225 2082.1313 2050.4177]
  [2427.436  2381.135  2335.366  2290.503  2246.8677 2204.7114 2164.2124
   2125.4785 2088.5596 2053.467 ]
  [2442.2234 2397.688  2352.716  2307.626  2262.7651 2218.498  2175.1868
   2133.1704 2092.7405 2054.1294]
  [2456.7961 2413.8374 2369.4065 2323.7988 2277.4314 2230.8237 2184.5557
   2139.211  2095.3213 2053.3245]
  [2470.324  2428.6868 2384.592  2338.3477 2290.4663 2241.6284 2192.6191
   2144.2393 2097.2236 2052.1802]
  [2482.0618 2441.471  2397.5977 2350.79   2301.6528 2251.0002 2199.7705
   2148.9211 2099.332  2051.7375]
  [2491.3528 2451.5486 2407.878  2360.7383 2310.8042 2258.9683 2206.251
   2153.689  2102.2402 2052.7139]
  [2497.6387 2458.4    2414.9868 2367.8413 2317.6724 2265.3914 2212.0234
   2158.6094 2106.1157 2055.3745]
  [2500.4866 2461.6428 2418.5854 2371.7888 2321.9563 2269.9656 2216.7852
   2163.3923 2110.706  2059.5283]]]
"""
