raw_data = """
[[[1938.8354 1872.659  1809.4287 1749.8495 1694.474  1643.6954 1597.7523
   1556.7408 1520.635  1489.3134]
  [1918.2114 1852.2291 1789.3962 1730.5078 1676.1779 1626.819  1582.6438
   1543.6814 1509.8088 1480.7947]
  [1898.466  1833.531  1771.9083 1714.4504 1661.8041 1614.3778 1572.3387
   1535.6353 1504.0435 1477.2273]
  [1880.0829 1817.1099 1757.5714 1702.3318 1652.0277 1607.0308 1567.4388
   1533.1113 1503.7291 1478.8701]
  [1863.7905 1803.6774 1747.0758 1694.8065 1647.447  1605.2914 1568.3503
   1536.3931 1509.0237 1485.767 ]
  [1850.5244 1794.0645 1741.1298 1692.4431 1648.4757 1609.4137 1575.1693
   1545.4347 1519.7667 1497.6769]
  [1841.3046 1789.0924 1740.329  1695.5947 1655.2236 1619.2802 1587.586
   1559.7832 1535.4199 1514.036 ]
  [1837.0353 1789.386  1744.9868 1704.2561 1667.3835 1634.3253 1604.8417
   1578.5634 1555.071  1533.9674]
  [1838.2809 1795.1705 1754.9718 1717.949  1684.172  1653.5282 1625.7631
   1600.5413 1577.5105 1556.355 ]
  [1845.0769 1806.1223 1769.6101 1735.688  1704.358  1675.4954 1648.8843
   1624.2632 1601.3666 1579.9614]]

 [[1979.8625 1913.1271 1849.2853 1789.0983 1733.1698 1681.936  1635.6692
   1594.4855 1558.3679 1527.1885]
  [1960.5901 1894.11   1830.7083 1771.2384 1716.3677 1666.5532 1622.0386
   1582.8676 1548.9185 1519.9445]
  [1942.4932 1877.1434 1814.9983 1756.9679 1703.7537 1655.8086 1613.33
   1576.2793 1544.4299 1517.429 ]
  [1926.075  1862.7902 1802.7749 1746.9469 1695.9957 1650.3374 1610.1031
   1575.1693 1545.22   1519.8254]
  [1912.0554 1851.7427 1794.6978 1741.7854 1693.633  1650.5826 1612.685
   1579.7415 1551.3754 1527.1243]
  [1901.3201 1844.7562 1791.3755 1741.9338 1696.95   1656.6652 1621.0481
   1589.846  1562.6647 1539.0568]
  [1894.7743 1842.5001 1793.2197 1747.5399 1705.844  1668.2668 1634.712
   1604.9078 1578.485  1555.0557]
  [1893.1268 1845.3596 1800.273  1758.3127 1719.7316 1684.5786 1652.7274
   1623.9282 1597.8741 1574.2623]
  [1896.6666 1853.2483 1812.075  1773.453  1737.5391 1704.343  1673.7534
   1645.5793 1619.598  1595.5968]
  [1905.1022 1865.5071 1827.6307 1791.6904 1757.8063 1726.0035 1696.229
   1668.3739 1642.3014 1617.8732]]

 [[2024.1061 1957.3982 1893.4872 1833.1731 1777.1013 1725.7474 1679.4148
   1638.2443 1602.2278 1571.2328]
  [2006.9067 1940.5496 1877.1393 1817.5669 1762.5398 1712.5536 1667.8823
   1628.5898 1594.5603 1565.5377]
  [1991.1814 1926.051  1863.9376 1805.785  1752.332  1704.0708 1661.2306
   1623.795  1591.5476 1564.1322]
  [1977.4083 1914.4302 1854.4548 1798.4252 1747.068  1700.8394 1659.911
   1624.1936 1593.3965 1567.1045]
  [1966.2435 1906.297  1849.2499 1795.9834 1747.1605 1703.1724 1664.127
   1629.8822 1600.1151 1574.406 ]
  [1958.4542 1902.2612 1848.7638 1798.7279 1752.712  1711.0232 1673.7133
   1640.6196 1611.4359 1585.7903]
  [1954.7614 1902.7726 1853.1664 1806.5598 1763.3896 1723.8812 1688.0541
   1655.7631 1626.7611 1600.763 ]
  [1955.6211 1907.9326 1862.204  1818.9043 1778.3625 1740.7493 1706.0862
   1674.2804 1645.1693 1618.5685]
  [1961.0192 1917.3406 1875.1144 1834.6968 1796.3499 1760.2339 1726.4086
   1694.8536 1665.4954 1638.2378]
  [1970.3638 1930.0602 1890.6699 1852.4935 1815.7859 1780.739  1747.4769
   1716.0544 1686.4702 1658.6873]]

 [[2071.3997 2005.3174 1941.8987 1881.9662 1826.1927 1775.0856 1728.9767
   1688.0264 1652.2355 1621.4614]
  [2056.9849 1991.388  1928.5541 1869.3881 1814.621  1764.7753 1720.1527
   1680.8367 1646.7197 1617.5417]
  [2044.3252 1980.0664 1918.5651 1860.7695 1807.4368 1759.0854 1715.9756
   1678.1204 1645.324  1617.2424]
  [2033.8218 1971.7817 1912.3846 1856.5671 1805.0692 1758.3813 1716.7198
   1680.045  1648.1139 1620.5518]
  [2026.0005 1966.9895 1910.3945 1857.083  1807.7349 1762.7898 1722.4266
   1686.5865 1655.0303 1627.4132]
  [2021.4402 1966.0812 1912.8014 1862.3507 1815.318  1772.0844 1732.8076
   1697.4485 1665.8234 1637.6676]
  [2020.6143 1969.2363 1919.4985 1872.0135 1827.272  1785.6053 1747.1775
   1712.0028 1679.9873 1650.9749]
  [2023.691  1976.2596 1929.9528 1885.2596 1842.5939 1802.2648 1764.4673
   1729.2905 1696.7384 1666.7631]
  [2030.3671 1986.4824 1943.1785 1900.864  1859.9172 1820.6594 1783.3357
   1748.1077 1715.0637 1684.236 ]
  [2039.8254 1998.7957 1957.8418 1917.3497 1877.7092 1839.2792 1802.3577
   1767.1637 1733.8368 1702.4485]]

 [[2121.4844 2056.606  1994.2356 1935.1986 1880.182  1829.7123 1784.1398
   1743.635  1708.1956 1677.6621]
  [2110.5063 2046.2885 1984.6097 1926.3647 1872.2878 1822.9146 1778.5619
   1739.328  1705.1112 1675.6482]
  [2101.5222 2038.7642 1978.4465 1921.4908 1868.6475 1820.4474 1777.1747
   1738.8724 1705.3751 1676.3644]
  [2094.7969 2034.2961 1976.0005 1920.8069 1869.4465 1822.43   1780.0192
   1742.236  1708.905  1679.715 ]
  [2090.6606 2033.1132 1977.4054 1924.3585 1874.6516 1828.7668 1786.9639
   1749.2869 1715.6083 1685.6857]
  [2089.442  2035.3336 1982.5879 1931.9154 1883.9248 1839.073  1797.6406
   1759.7355 1725.3235 1694.2731]
  [2091.327  2040.8445 1991.1686 1942.8942 1896.5626 1852.6193 1811.3878
   1773.0629 1737.7239 1705.364 ]
  [2096.1968 2049.184  2002.3964 1956.3358 1911.5007 1868.3455 1827.2465
   1788.4856 1752.2468 1718.6306]
  [2103.5166 2059.505  2015.1758 1970.985  1927.4224 1884.9658 1844.0432
   1805.0007 1768.0936 1733.4913]
  [2112.35   2070.6538 2028.2063 1985.4673 1942.9465 1901.1526 1860.546
   1821.5059 1784.3129 1749.1587]]

 [[2173.9995 2110.8577 2050.06   1992.4176 1938.6154 1889.1807 1844.4637
   1804.6277 1769.6499 1739.3407]
  [2167.0083 2104.732  2044.748  1987.9163 1934.9503 1886.3789 1842.5182
   1803.4669 1769.1227 1739.219 ]
  [2162.171  2101.477  2042.8646 1987.2002 1935.2018 1887.3923 1844.0676
   1805.2977 1770.9521 1740.7513]
  [2159.562  2101.1243 2044.397  1990.2072 1939.252  1892.0476 1848.8971
   1809.8907 1774.9347 1743.8036]
  [2159.2637 2103.624  2049.182  1996.6866 1946.7971 1900.0304 1856.7284
   1817.0525 1781.0042 1748.4661]
  [2161.3162 2108.7964 2056.8604 2006.1616 1957.316  1910.855  1867.1863
   1826.5771 1789.1592 1754.951 ]
  [2165.6133 2116.255  2066.8262 2017.8925 1970.0398 1923.8246 1879.7324
   1838.144  1799.3224 1763.4194]
  [2171.7898 2125.3433 2078.206  2030.8882 1983.9636 1938.0222 1893.6179
   1851.2233 1811.2048 1773.8181]
  [2179.165  2135.142  2089.9185 2043.9879 1997.9343 1952.3768 1907.9117
   1865.0632 1824.2534 1785.7959]
  [2186.7974 2144.5737 2100.8096 2056.0176 2010.8024 1965.7983 1921.6117
   1878.7715 1837.7031 1798.7255]]

 [[2228.4912 2167.5474 2108.7913 2053.0034 2000.8455 1952.8226 1909.2596
   1870.2847 1835.8344 1805.6772]
  [2225.8892 2166.0303 2108.2083 2053.2244 2001.749  1954.2783 1911.1042
   1872.3097 1837.7812 1807.2544]
  [2225.4888 2167.3154 2110.8413 2056.85   2006.0044 1958.7955 1915.5164
   1876.256  1840.923  1809.291 ]
  [2227.1304 2171.1582 2116.3672 2063.4902 2013.1694 1965.9105 1922.0497
   1881.7465 1844.9998 1811.687 ]
  [2230.6187 2177.208  2124.318  2072.6084 2022.7019 1975.1407 1930.3468
   1888.6014 1850.045  1814.6996]
  [2235.7043 2185.004  2134.0874 2083.5396 2033.9744 1985.989  1940.1145
   1896.7777 1856.2794 1818.7953]
  [2242.023  2193.9463 2144.9248 2095.489  2046.2578 1997.8893 1951.0215
   1906.2135 1863.9092 1824.4221]
  [2249.0337 2203.2764 2155.9434 2107.542  2058.709  2010.1536 1962.5895
   1916.6693 1872.9347 1831.7965]
  [2256.004  2212.106  2166.1743 2118.7236 2070.4116 2021.9757 1974.1616
   1927.658  1883.0475 1840.7871]
  [2262.0752 2219.5151 2174.6787 2128.109  2080.4763 2032.5182 1984.9669
   1938.4912 1893.658  1850.9164]]

 [[2284.4224 2226.0505 2169.7275 2116.187  2066.0425 2019.7499 1977.5756
   1939.5859 1905.6571 1875.5116]
  [2286.435  2229.3545 2174.0564 2121.264  2071.5784 2025.4366 1983.0831
   1944.5667 1909.7601 1878.4075]
  [2290.5537 2235.2192 2181.189  2129.1458 2079.673  2033.2125 1990.0391
   1950.2544 1913.8104 1880.547 ]
  [2296.3638 2243.106  2190.4849 2139.1235 2089.5957 2042.3822 1997.8462
   1956.2146 1917.5852 1881.9476]
  [2303.397  2252.3843 2201.211  2150.4377 2100.6438 2052.3875 2006.1643
   1962.3718 1921.2904 1883.0824]
  [2311.149  2262.3716 2212.5938 2162.3306 2112.1875 2062.8174 2014.8654
   1968.9059 1925.4014 1884.6805]
  [2319.0635 2272.3394 2223.8384 2174.0537 2123.6304 2073.3135 2023.8745
   1976.0355 1930.4067 1887.4531]
  [2326.5063 2281.519  2234.134  2184.8516 2134.3555 2083.4546 2033.0006
   1983.805  1936.57   1891.8507]
  [2332.771  2289.1284 2242.6895 2193.9785 2143.7058 2092.7043 2041.8479
   1991.9691 1943.7982 1897.9272]
  [2337.1401 2294.4448 2248.799  2200.7578 2151.038  2100.456  2049.851
   2000.018  1951.6544 1905.3363]]

 [[2341.1992 2285.671  2232.0732 2181.0725 2133.2104 2088.861  2048.204
   2011.222  1977.7218 1947.3864]
  [2347.8547 2293.7798 2241.2356 2190.8496 2143.1318 2098.4375 2056.945
   2018.6609 1983.4467 1951.0684]
  [2356.363  2304.0225 2252.5864 2202.624  2154.626  2108.9707 2065.906
   2025.5477 1987.8956 1952.8673]
  [2366.0576 2315.588  2265.211  2215.4363 2166.7612 2119.6406 2074.4575
   2031.5068 1990.9839 1952.9946]
  [2376.2354 2327.626  2278.1924 2228.402  2178.7908 2129.9292 2082.38
   2036.6476 1993.1428 1952.1632]
  [2386.2046 2339.3171 2290.6914 2240.7798 2190.1802 2139.5957 2089.7673
   2041.4011 1995.103  1951.339 ]
  [2395.2979 2349.898  2301.9614 2251.9512 2200.5337 2148.526  2096.812
   2046.2502 1997.5953 1951.444 ]
  [2402.8638 2358.6643 2311.333  2261.3638 2209.4766 2156.56   2103.58
   2051.4785 2001.0931 1953.1045]
  [2408.2776 2364.9797 2318.212  2268.499  2216.5928 2163.3997 2109.896
   2057.0342 2005.6708 1956.5144]
  [2410.9812 2368.319  2322.1072 2272.9    2221.4463 2168.623  2115.357
   2062.5474 2011.0089 1961.4275]]

 [[2398.1987 2345.675  2294.9727 2246.6724 2201.2178 2158.879  2119.7295
   2083.6587 2050.4114 2019.649 ]
  [2409.328  2358.3367 2308.622  2260.701  2214.977  2171.712  2131.0127
   2092.8464 2057.0752 2023.504 ]
  [2421.8962 2372.5334 2323.6719 2275.7632 2229.2021 2184.3032 2141.2905
   2100.2979 2061.3809 2024.5424]
  [2435.022  2387.2388 2339.0146 2290.7544 2242.8872 2195.8433 2150.0303
   2105.8071 2063.4648 2023.2189]
  [2447.8313 2401.4688 2353.6572 2304.7864 2255.359  2205.9612 2157.2156
   2109.7222 2064.005  2020.4769]
  [2459.529  2414.365  2366.7961 2317.229  2266.2612 2214.6392 2163.1865
   2112.7168 2063.9514 2017.4712]
  [2469.4148 2425.2104 2377.806  2327.6467 2275.4214 2222.0054 2168.372
   2115.4873 2064.2168 2015.2638]
  [2476.882  2433.4133 2386.1873 2335.695  2282.6902 2228.1223 2173.0415
   2118.4915 2065.4148 2014.5895]
  [2481.4155 2438.4946 2391.5312 2341.0554 2287.8484 2232.8726 2177.1794
   2121.8142 2067.73   2015.7285]
  [2482.6135 2440.1003 2393.5244 2343.4385 2290.6125 2235.967  2180.495
   2125.1782 2070.9214 2018.502 ]]]
"""
