raw_data = """
[[[1790.2904 1717.4305 1648.144  1583.1733 1523.0912 1468.2996 1419.0356
   1375.3888 1337.3229 1304.7015]
  [1765.2676 1692.0154 1622.5731 1557.7936 1498.329  1444.6161 1396.8795
   1355.1532 1319.3142 1289.1211]
  [1741.2666 1668.4729 1599.6763 1535.8121 1477.5895 1425.4624 1379.63
   1340.0624 1306.5454 1278.7345]
  [1718.8198 1647.4166 1580.1504 1517.9965 1461.684  1411.6567 1368.0709
   1330.8256 1299.6194 1274.0166]
  [1698.7039 1629.6327 1564.7894 1505.1368 1451.3777 1403.9116 1362.8333
   1327.968  1298.9377 1275.2368]
  [1681.9045 1616.0314 1554.4167 1497.9564 1447.2803 1402.7113 1364.2668
   1331.703  1304.5848 1282.3667]
  [1669.4948 1607.522  1549.7556 1496.9785 1449.7108 1408.1766 1372.3138
   1341.8221 1316.2375 1295.0112]
  [1662.445  1604.8278 1551.2556 1502.37   1458.5635 1419.9592 1386.4281
   1357.6405 1333.1367 1312.4021]
  [1661.4037 1608.2852 1558.9215 1513.8081 1473.2179 1437.1942 1405.572
   1378.0273 1354.1405 1333.4579]
  [1666.5063 1617.6847 1572.1993 1530.4218 1492.5394 1458.5566 1428.3148
   1401.533  1377.8567 1356.9065]]

 [[1838.3259 1764.1144 1693.3984 1627.0026 1565.5787 1509.598  1459.3538
   1414.975  1376.4452 1343.6254]
  [1814.196  1739.6035 1668.7357 1602.537  1541.7457 1486.8732 1438.199
   1395.7902 1359.5299 1329.1583]
  [1791.3243 1717.2356 1647.0374 1581.763  1522.2145 1468.9238 1422.1447
   1381.8724 1347.8892 1319.8188]
  [1770.2858 1697.6718 1629.0503 1565.4977 1507.8395 1456.5992 1411.9868
   1373.9229 1342.0961 1316.0332]
  [1751.8865 1681.7231 1615.5892 1554.5447 1499.3885 1450.6013 1408.3313
   1372.4271 1342.5027 1318.0208]
  [1737.11   1670.2806 1607.44   1549.5739 1497.4038 1451.3344 1411.4418
   1377.5128 1349.1185 1325.6992]
  [1726.9706 1664.1609 1605.2035 1550.9607 1502.0405 1458.7515 1421.1006
   1388.8359 1361.5211 1338.6206]
  [1722.2974 1663.9016 1609.1053 1558.6223 1512.9338 1472.2552 1436.5437
   1405.5406 1378.8417 1355.9702]
  [1723.5048 1669.5602 1618.8403 1571.9133 1529.1494 1490.6995 1456.5039
   1426.3333 1399.8436 1376.6387]
  [1730.4182 1680.5914 1633.5106 1589.6328 1549.2585 1512.517  1479.3722
   1449.6504 1423.0828 1399.3522]]

 [[1890.6412 1815.677  1744.067  1676.7063 1614.32   1557.4497 1506.4492
   1461.4923 1422.5851 1389.5859]
  [1868.1952 1792.8956 1721.1576 1653.9998 1592.2407 1536.4652 1487.0126
   1443.9885 1407.2881 1376.6353]
  [1847.2466 1772.5132 1701.4678 1635.2224 1574.6627 1520.3971 1472.7391
   1431.7184 1397.1212 1368.5479]
  [1828.3726 1755.1898 1685.7412 1621.1808 1562.419  1510.0594 1464.3729
   1425.3152 1392.5785 1365.669 ]
  [1812.3557 1741.7047 1674.7496 1612.6251 1556.2144 1506.0812 1462.4407
   1425.1831 1393.9377 1368.1615]
  [1800.1152 1732.8611 1669.174  1610.1058 1556.4634 1508.7384 1467.0856
   1431.3508 1401.1411 1375.9164]
  [1792.538  1729.3162 1669.4277 1613.7965 1563.1172 1517.7953 1477.9331
   1443.3615 1413.7098 1388.489 ]
  [1790.2496 1731.3655 1675.4702 1623.3396 1575.5491 1532.4264 1494.0446
   1460.2532 1430.7382 1405.0948]
  [1793.3888 1738.7635 1686.6831 1637.789  1592.5592 1551.2739 1514.0084
   1480.658  1450.9846 1424.6749]
  [1801.4741 1750.6577 1701.8823 1655.6962 1612.5247 1572.6394 1536.1458
   1502.9991 1473.0354 1446.019 ]]

 [[1947.1793 1872.1091 1800.1996 1732.3983 1669.4943 1612.095  1560.6143
   1515.2689 1476.0852 1442.9133]
  [1927.2402 1851.9277 1779.9434 1712.3596 1650.0599 1593.6956 1543.6647
   1500.1102 1462.9403 1431.863 ]
  [1909.0297 1834.37   1763.1084 1696.407  1635.2166 1580.2137 1531.7701
   1489.9532 1454.5612 1425.181 ]
  [1893.074  1820.0347 1750.3623 1685.2562 1625.6915 1572.3434 1525.545
   1485.2975 1451.3147 1423.104 ]
  [1880.0656 1809.5925 1742.3531 1679.5219 1622.0468 1570.5686 1525.3782
   1486.4272 1453.3894 1425.7476]
  [1870.7856 1803.6843 1739.5812 1679.5647 1624.5094 1574.9967 1531.2751
   1493.2786 1460.6887 1433.0231]
  [1865.9246 1802.7412 1742.219  1685.3184 1632.8116 1585.2106 1542.7365
   1505.3374 1472.7473 1444.5643]
  [1865.8536 1806.7836 1749.946  1696.1638 1646.1053 1600.2245 1558.7358
   1521.6295 1488.7185 1459.703 ]
  [1870.4277 1815.2809 1761.8799 1710.9312 1663.0247 1618.5822 1577.8335
   1540.8245 1507.4506 1477.5083]
  [1878.9084 1827.1556 1776.6593 1728.0538 1681.8903 1638.5867 1598.401
   1561.4315 1527.6385 1496.8882]]

 [[2007.7649 1933.2546 1861.6735 1794.0032 1731.0813 1673.57   1621.9319
   1576.4172 1537.0607 1503.6943]
  [1991.1382 1916.5322 1844.9669 1777.5417 1715.1833 1658.5941 1608.2184
   1564.2296 1526.5419 1494.8483]
  [1976.4417 1902.6036 1831.7991 1765.2074 1703.8171 1648.3542 1599.2385
   1556.5729 1520.1722 1489.6243]
  [1964.0881 1891.9303 1822.6763 1757.5328 1697.5095 1643.3336 1595.3971
   1553.7528 1518.1566 1488.1442]
  [1954.6091 1884.9954 1818.0378 1754.9108 1696.5985 1643.8053 1596.8999
   1555.9164 1520.6028 1490.5073]
  [1948.5724 1882.2019 1818.1338 1757.4552 1701.0865 1649.6914 1603.6262
   1562.9409 1527.4294 1496.709 ]
  [1946.4128 1883.7102 1822.868  1764.8555 1710.5073 1660.4432 1615.0219
   1574.3394 1538.2721 1506.5431]
  [1948.2258 1889.2673 1831.673  1776.2931 1723.8806 1675.0205 1630.0863
   1589.2358 1552.4407 1519.5369]
  [1953.6167 1898.1244 1843.4976 1790.4943 1739.8081 1692.0049 1647.4801
   1606.4481 1568.9618 1534.9512]
  [1961.6825 1909.0988 1856.9426 1805.9208 1756.6965 1709.8293 1665.7308
   1624.6527 1586.6975 1551.853 ]]

 [[2072.086  1998.7871 1928.1683 1861.2238 1798.8193 1741.6509 1690.2085
   1644.7533 1605.3085 1571.6753]
  [2059.5015 1986.3059 1915.8285 1849.1653 1787.2583 1730.8354 1680.3635
   1636.0282 1597.7422 1565.184 ]
  [2048.9873 1976.6964 1907.0193 1841.1141 1779.9738 1724.3451 1674.6749
   1631.0951 1593.4431 1561.3251]
  [2040.7802 1970.2075 1902.0007 1837.3304 1777.2042 1722.3749 1673.2815
   1630.0347 1592.4515 1560.1307]
  [2035.18   1967.0603 1900.9285 1837.915  1779.007  1724.9523 1676.1968
   1632.8727 1594.8353 1561.738 ]
  [2032.4832 1967.3687 1903.7622 1842.713  1785.1599 1731.8387 1683.2201
   1639.494  1600.601  1566.2971]
  [2032.8376 1971.0094 1910.1501 1851.209  1795.0648 1742.4401 1693.8408
   1649.5349 1609.5713 1573.8309]
  [2036.0795 1977.5034 1919.3536 1862.4873 1807.7273 1755.786  1707.2034
   1662.3224 1621.2954 1584.12  ]
  [2041.6344 1985.983  1930.2771 1875.3071 1821.8563 1770.6259 1722.178
   1676.9066 1635.038  1596.6554]
  [2048.5488 1995.2908 1941.6196 1888.2914 1836.0624 1785.6187 1737.5228
   1692.1853 1649.8627 1610.6813]]

 [[2139.6821 2068.1995 1999.1499 1933.5176 1872.1696 1815.804  1764.9053
   1719.713  1680.216  1646.1732]
  [2131.7354 2060.5928 1991.8297 1926.507  1865.5479 1809.6692 1759.3291
   1714.7034 1675.6925 1641.9695]
  [2125.8984 2055.7998 1987.8588 1923.1752 1862.7052 1807.1818 1757.0559
   1712.4764 1673.3118 1639.213 ]
  [2122.1729 2053.7915 1987.1826 1923.4415 1863.5348 1808.212  1757.9446
   1712.9047 1672.9929 1637.9048]
  [2120.58   2054.4785 1989.6311 1927.0886 1867.8068 1812.5565 1761.8574
   1715.9532 1674.8329 1638.2908]
  [2121.1147 2057.6711 1994.8787 1933.7184 1875.123  1819.8868 1768.5966
   1721.5975 1679.0027 1640.7358]
  [2123.6458 2062.9963 2002.377  1942.6945 1884.853  1829.6687 1777.7958
   1729.6854 1685.5789 1645.5339]
  [2127.8027 2069.8289 2011.3204 1953.122  1896.1111 1841.116  1788.8408
   1739.8182 1694.3942 1652.7404]
  [2132.9238 2077.2935 2020.6888 1963.9144 1907.8232 1853.2379 1800.8807
   1751.3253 1704.9779 1662.0848]
  [2138.111  2084.3677 2029.3846 1973.9451 1918.8751 1864.9716 1812.9377
   1763.3422 1716.6018 1672.9905]]

 [[2209.9463 2140.807  2073.871  2010.0876 1950.2911 1895.1433 1845.0812
   1800.2892 1760.6995 1726.0276]
  [2207.0425 2138.4893 2071.974  2008.491  1948.9054 1893.8842 1843.8427
   1798.9241 1759.0143 1723.7966]
  [2206.146  2138.748  2073.0298 2009.9973 1950.5322 1895.3195 1844.7903
   1799.1047 1758.1743 1721.7211]
  [2206.9858 2141.2373 2076.6357 2014.1653 1954.7191 1899.0189 1847.5565
   1800.5703 1758.0635 1719.8575]
  [2209.283  2145.5513 2082.3047 2020.488  1961.0012 1904.6224 1851.9395
   1803.3159 1758.8936 1718.6294]
  [2212.7446 2151.2278 2089.4827 2028.403  1968.899  1911.8123 1857.8413
   1807.492  1761.0597 1718.65  ]
  [2217.0088 2157.7178 2097.5173 2037.2592 1977.8589 1920.2144 1865.1213
   1813.2117 1764.9198 1720.4885]
  [2221.5745 2164.3452 2105.6426 2046.2883 1987.1989 1929.3031 1873.4572
   1820.3765 1770.5946 1724.4594]
  [2225.7825 2170.3223 2113.007  2054.6387 1996.1232 1938.3868 1882.2966
   1828.596  1777.8646 1730.5111]
  [2228.8718 2174.834  2118.77   2061.4702 2003.8127 1946.6859 1890.9203
   1837.2327 1786.1948 1738.2269]]

 [[2282.143  2215.7666 2151.3867 2089.8882 2032.0377 1978.417  1929.377
   1885.0183 1845.2078 1809.6271]
  [2284.4517 2218.876  2154.999  2093.7173 2035.8014 1981.833  1932.1571
   1886.8724 1845.8574 1808.8286]
  [2288.4922 2224.1172 2160.9316 2099.8174 2041.5542 1986.7537 1935.813
   1888.904  1845.9966 1806.9083]
  [2293.7087 2230.8267 2168.4482 2107.4277 2048.5654 1992.5408 1939.8606
   1890.8352 1845.584  1804.0714]
  [2299.5435 2238.3218 2176.812  2115.8398 2056.2415 1998.7936 1944.149
   1892.792  1845.0212 1800.9646]
  [2305.4683 2245.947  2185.335  2124.438  2064.1365 2005.3112 1948.7651
   1895.1562 1844.9567 1798.4501]
  [2310.9653 2253.0686 2193.3687 2132.66   2071.8645 2011.9489 1953.8354
   1898.3196 1846.0155 1797.3387]
  [2315.489  2259.0522 2200.2705 2139.9375 2078.9988 2018.4667 1959.329
   1902.4617 1848.5687 1798.1589]
  [2318.4556 2263.2627 2205.4075 2145.6816 2085.0293 2024.4612 1964.9661
   1907.4364 1852.6074 1801.0343]
  [2319.2842 2265.1162 2208.2026 2149.3293 2089.4087 2029.4038 1970.251
   1912.7982 1857.7562 1805.6799]]

 [[2355.436  2292.1074 2230.583  2171.6555 2115.986  2064.0425 2016.0625
   1972.0513 1931.8147 1895.0256]
  [2362.8652 2300.475  2239.441  2180.5354 2124.409  2071.535  2022.1765
   1976.3909 1934.0643 1894.9713]
  [2371.564  2310.3184 2249.7612 2190.6357 2133.6055 2079.1992 2027.7811
   1979.5428 1934.526  1892.6614]
  [2380.7146 2320.7012 2260.5474 2200.975  2142.69   2086.3296 2032.418
   1981.3413 1933.3389 1888.5217]
  [2389.538  2330.7473 2270.9194 2210.7705 2151.0757 2092.6123 2036.0956
   1982.1229 1931.1409 1883.4353]
  [2397.3525 2339.7097 2280.172  2219.4683 2158.4539 2098.046  2039.1377
   1982.52   1928.8212 1878.4813]
  [2403.5742 2346.9685 2287.7515 2226.6743 2164.662  2102.7397 2041.9323
   1983.1722 1927.2247 1874.6509]
  [2407.688  2351.9976 2293.1943 2232.0503 2169.5317 2106.718  2044.699
   1984.4813 1926.9077 1872.6216]
  [2409.2324 2354.3445 2296.0908 2235.2554 2172.8066 2109.818  2047.3754
   1986.4868 1928.015  1872.6375]
  [2407.818  2353.646  2296.1006 2235.9597 2174.1562 2111.7075 2049.6333
   1988.8846 1930.2875 1874.51  ]]]
"""
