raw_data = """
[[[2057.9404 1994.1768 1932.9818 1875.0588 1820.9694 1771.1213 1725.7698
   1685.0253 1648.872  1617.1909]
  [2042.7916 1979.8156 1919.5919 1862.8925 1810.3187 1762.2789 1718.9849
   1680.4647 1646.594  1617.1371]
  [2028.3325 1967.0337 1908.64   1853.9553 1803.5873 1757.913  1717.0742
   1680.9978 1649.4421 1622.0625]
  [2014.9628 1956.2711 1900.6061 1848.754  1801.2798 1758.4894 1720.4246
   1686.8978 1657.5579 1631.9734]
  [2003.3248 1948.1295 1896.0415 1847.7712 1803.7878 1764.2826 1729.1741
   1698.161  1670.8043 1646.6274]
  [1994.2782 1943.3318 1895.509  1851.3888 1811.2964 1775.2771 1743.1196
   1714.4259 1688.7095 1665.4971]
  [1988.7759 1942.5995 1899.4626 1859.7728 1823.6831 1791.0859 1761.6578
   1734.9424 1710.4547 1687.772 ]
  [1987.6681 1946.4663 1908.0868 1872.7483 1840.4348 1810.9127 1783.7897
   1758.6044 1734.9214 1712.405 ]
  [1991.4695 1955.0806 1921.1426 1889.7039 1860.6187 1833.5818 1808.1953
   1784.0491 1760.7964 1738.2018]
  [2000.172  1968.0581 1937.8844 1909.5789 1882.933  1857.6448 1833.3759
   1809.8125 1786.7145 1763.941 ]]

 [[2090.2156 2026.2615 1964.8534 1906.7385 1852.5165 1802.6239 1757.336
   1716.7723 1680.9142 1649.6309]
  [2076.6453 2013.5713 1953.2024 1896.3516 1843.6562 1795.5521 1752.2659
   1713.8301 1680.1127 1650.8623]
  [2064.121  2002.8328 1944.3562 1889.5319 1838.9983 1793.1573 1752.1642
   1715.9496 1684.2681 1656.7649]
  [2053.0479 1994.485  1938.7863 1886.7631 1839.0068 1795.8453 1757.3381
   1723.3105 1693.4222 1667.2518]
  [2044.036  1989.0817 1936.9767 1888.444  1843.972  1803.7771 1767.8081
   1735.7979 1707.3479 1682.0234]
  [2037.86   1987.2302 1939.3478 1894.7909 1853.9021 1816.7625 1783.2147
   1752.9305 1725.5032 1700.5409]
  [2035.3202 1989.4559 1946.1234 1905.7211 1868.4255 1834.188  1802.7749
   1773.8424 1747.028  1722.0254]
  [2037.0308 1996.0157 1957.1823 1920.7465 1886.7378 1855.0144 1825.3163
   1797.3363 1770.7949 1745.4943]
  [2043.2031 2006.7224 1971.9436 1938.9353 1907.6317 1877.8613 1849.3953
   1822.0065 1795.5182 1769.8356]
  [2053.4907 2020.8563 1989.3544 1958.9719 1929.6221 1901.1718 1873.4752
   1846.4094 1819.8958 1793.9149]]

 [[2124.7212 2061.1406 2000.051  1942.2245 1888.2863 1838.6957 1793.7433
   1753.558  1718.1208 1687.2902]
  [2113.3638 2050.7856 1990.8152 1934.2858 1881.8535 1833.9727 1790.8834
   1752.6249 1719.0654 1689.9469]
  [2103.41   2042.7312 1984.7023 1930.1719 1879.7927 1833.9814 1792.9088
   1756.5195 1724.5798 1696.7441]
  [2095.2244 2037.3641 1982.112  1930.2764 1882.4562 1838.9968 1799.9845
   1765.2784 1734.5758 1707.4945]
  [2089.33   2035.125  1983.3938 1934.8433 1889.9681 1849.0131 1811.9777
   1778.6627 1748.7468 1721.8732]
  [2086.349  2036.4375 1988.7587 1943.8677 1902.1194 1863.6472 1828.3813
   1796.1057 1766.5365 1739.3981]
  [2086.8594 2041.5685 1998.1523 1956.989  1918.2887 1882.09   1848.2904
   1816.7047 1787.1324 1759.4117]
  [2091.1885 2050.462  2011.1362 1973.4281 1937.4333 1903.1395 1870.4591
   1839.2783 1809.5015 1781.0842]
  [2099.226  2062.6077 2026.8337 1992.0094 1958.1761 1925.3286 1893.4395
   1862.4861 1832.4751 1803.4546]
  [2110.3293 2077.0269 2043.9915 2011.2906 1978.9822 1947.1212 1915.7677
   1884.9916 1854.8741 1825.5143]]

 [[2161.2334 2098.5803 2038.3368 1981.2839 1928.0573 1879.1288 1834.7997
   1795.2045 1760.3218 1729.9982]
  [2152.685  2091.185  2032.1558 1976.4241 1924.6489 1877.2902 1834.5968
   1796.617  1763.2233 1734.1577]
  [2145.8726 2086.3906 2029.3348 1975.5345 1925.6353 1880.059  1838.9913
   1802.4    1770.0785 1741.7079]
  [2141.0742 2084.4688 2030.133  1978.8417 1931.181  1887.5096 1847.9486
   1812.4104 1780.6576 1752.372 ]
  [2138.662  2085.6816 2034.696  1986.369  1941.1877 1899.4303 1861.1665
   1826.2952 1794.6061 1765.8495]
  [2139.041  2090.2046 2042.971  1997.8518 1955.2134 1915.2567 1878.0283
   1843.4609 1811.427  1781.7915]
  [2142.5115 2098.0078 2054.6074 2012.6632 1972.4287 1934.0529 1897.5978
   1863.0686 1830.4524 1799.7457]
  [2149.0918 2108.7246 2068.8867 2029.8016 1991.6494 1954.5706 1918.6761
   1884.0647 1850.8379 1819.109 ]
  [2158.3794 2121.586  2084.731  2047.9675 2011.4614 1975.3873 1939.9276
   1905.2706 1871.605  1839.1199]
  [2169.5205 2135.4688 2100.8215 2065.7344 2030.4132 1995.0985 1960.0475
   1925.5134 1891.7318 1858.9148]]

 [[2199.46   2138.25   2079.3555 2023.546  1971.4542 1923.5531 1880.145
   1841.361  1807.1694 1777.3988]
  [2194.2349 2134.3555 2076.7786 2022.3031 1971.5708 1925.0352 1882.9454
   1845.3535 1812.1388 1783.0466]
  [2191.0266 2133.2776 2077.684  2025.0277 1975.9263 1930.7949 1889.8317
   1853.0323 1820.2288 1791.1432]
  [2189.9727 2135.1147 2082.1235 2031.7098 1984.4318 1940.6533 1900.5369
   1864.0645 1831.082  1801.3582]
  [2191.2385 2139.8901 2089.9802 2042.1053 1996.7345 1954.1825 1914.6044
   1878.019  1844.351  1813.4766]
  [2194.9622 2147.4924 2100.9148 2055.686  2012.1827 1970.685  1931.3759
   1894.3574 1859.677  1827.3528]
  [2201.1426 2157.5898 2114.3057 2071.6143 2029.8204 1989.1984 1949.9897
   1912.4033 1876.622  1842.805 ]
  [2209.505  2169.557  2129.234  2088.7725 2048.4453 2008.5527 1969.4086
   1931.3258 1894.6003 1859.5009]
  [2219.4238 2182.463  2144.543  2105.871  2066.7344 2027.483  1988.5001
   1950.1725 1912.8644 1876.9023]
  [2229.948  2195.1704 2158.9805 2121.6172 2083.4185 2044.7899 2006.1641
   1967.9615 1930.5623 1894.2936]]

 [[2239.046  2179.7354 2122.6436 2068.5151 2017.9631 1971.4471 1929.2543
   1891.498  1858.1221 1828.9259]
  [2237.5432 2179.7546 2124.0842 2071.2815 2021.9535 1976.53   1935.2477
   1898.1553 1865.1321 1835.9293]
  [2238.2517 2182.69   2128.9805 2077.835  2029.8246 1985.3431 1944.5955
   1907.6056 1874.2496 1844.301 ]
  [2241.123  2188.4138 2137.1226 2087.879  2041.1948 1997.4337 1956.801
   1919.3546 1885.0371 1853.7156]
  [2246.076  2196.6746 2148.1074 2100.8904 2055.4678 2012.1898 1971.3035
   1932.9586 1897.2231 1864.1086]
  [2252.9624 2207.071  2161.3247 2116.1206 2071.8447 2028.8604 1987.4922
   1948.0168 1910.6588 1875.5906]
  [2261.4922 2219.0107 2175.9504 2132.6108 2089.3494 2046.5658 2004.6787
   1964.0966 1925.1909 1888.2787]
  [2271.1543 2231.6907 2190.9717 2149.247  2106.8784 2064.318  2022.0703
   1980.6461 1940.5249 1902.1232]
  [2281.1895 2244.1304 2205.2686 2164.8586 2123.2961 2081.085  2038.7863
   1996.9668 1956.1543 1916.8079]
  [2290.6572 2255.2817 2217.749  2178.3618 2137.5635 2095.8955 2053.94
   2012.2657 1971.3905 1931.7574]]

 [[2279.587  2222.5557 2167.6582 2115.598  2066.9539 2022.1514 1981.4429
   1944.9006 1912.4279 1883.7842]
  [2282.0645 2226.7437 2173.3535 2122.5776 2074.9668 2030.9106 1990.6174
   1954.1173 1921.285  1891.8772]
  [2286.831  2233.8013 2182.305  2132.9663 2086.2925 2042.6439 2002.2216
   1965.0739 1931.1218 1900.197 ]
  [2293.6218 2243.344  2194.0156 2146.17   2100.2632 2056.6514 2015.5785
   1977.1796 1941.4962 1908.499 ]
  [2302.0972 2254.8455 2207.8103 2161.4211 2116.0923 2072.208  2030.1053
   1990.0612 1952.2855 1916.9235]
  [2311.8384 2267.6504 2222.8687 2177.8289 2132.9282 2088.608  2045.327
   2003.5267 1963.5984 1925.8596]
  [2322.315  2280.9814 2238.2573 2194.421  2149.8784 2105.1448 2060.7993
   2017.4307 1975.5823 1935.7164]
  [2332.8577 2293.9534 2252.9744 2210.1855 2166.0254 2121.0774 2076.0112
   2031.5133 1988.2273 1946.7059]
  [2342.6655 2305.6274 2266.0222 2224.1416 2180.467  2135.6284 2090.338
   2045.3204 2001.2496 1958.7108]
  [2350.8826 2315.1086 2276.5107 2235.433  2192.396  2148.0464 2103.0898
   2058.2278 2014.1051 1971.2798]]

 [[2320.6506 2266.1943 2213.805  2164.1323 2117.7026 2074.8838 2035.8679
   2000.6647 1969.119  1940.9476]
  [2327.2114 2274.63   2223.7954 2175.311  2129.6567 2087.1606 2047.9855
   2012.1306 1979.4594 1949.7388]
  [2336.005  2285.726  2236.6587 2189.3276 2144.1646 2101.483  2061.4714
   2024.1965 1989.624  1957.6483]
  [2346.538  2298.842  2251.626  2205.3223 2160.3257 2116.979  2075.559
   2036.2736 1999.2588 1964.5884]
  [2358.2322 2313.2124 2267.8062 2222.359  2177.2559 2132.9106 2089.741
   2048.1409 2008.4508 1970.9396]
  [2370.4463 2327.999  2284.2578 2239.5066 2194.1523 2148.707  2103.748
   2059.8599 2017.5803 1977.3575]
  [2382.485  2342.3276 2300.0364 2255.873  2210.288  2163.8945 2117.4087
   2071.5713 2027.0742 1984.5057]
  [2393.5989 2355.3176 2314.231  2270.6147 2224.9722 2177.9941 2130.4858
   2083.2822 2037.1658 1992.8092]
  [2403.015  2366.1313 2326.008  2282.9604 2237.5369 2190.4663 2142.5845
   2094.7476 2047.757  2002.3114]
  [2409.9995 2374.0454 2334.6777 2292.2627 2247.3755 2200.7432 2153.1729
   2105.4785 2058.4202 2012.6627]]

 [[2361.802  2310.1287 2260.4731 2213.4187 2169.4165 2128.7563 2091.5444
   2057.7112 2027.0364 1999.196 ]
  [2372.3972 2322.71   2274.5928 2228.5552 2184.9917 2144.1543 2106.145
   2070.926  2038.3508 2008.2036]
  [2385.026  2337.584  2291.0337 2245.7957 2202.2183 2160.5635 2121.0005
   2083.6118 2048.4082 2015.3496]
  [2398.9844 2353.8845 2308.8066 2264.0862 2220.058  2177.0503 2135.3696
   2095.288  2057.0303 2020.7654]
  [2413.5007 2370.6733 2326.8906 2282.4253 2237.6382 2192.9692 2148.9087
   2105.9502 2064.5469 2025.0762]
  [2427.7825 2387.0178 2344.3218 2299.9402 2254.292  2207.9512 2161.5928
   2115.921  2071.5938 2029.168 ]
  [2441.0461 2402.0312 2360.227  2315.8872 2269.5034 2221.77   2173.5117
   2125.5928 2078.823  2033.8938]
  [2452.5317 2414.8997 2373.831  2329.6157 2282.809  2234.187  2184.6626
   2135.186  2086.6523 2039.8312]
  [2461.5334 2424.9119 2384.4712 2340.5483 2293.7422 2244.859  2194.8286
   2144.6128 2095.118  2047.1365]
  [2467.4492 2431.5024 2391.628  2348.2068 2301.8523 2253.352  2203.5938
   2153.4834 2103.878  2055.5361]]

 [[2402.6316 2353.8562 2307.0586 2262.7385 2221.255  2182.7976 2147.3755
   2114.833  2084.889  2057.1948]
  [2417.0667 2370.3118 2324.9473 2281.3833 2239.917  2200.7168 2163.8223
   2129.1616 2096.585  2065.9065]
  [2433.2048 2388.553  2344.4736 2301.2847 2259.255  2218.5947 2179.4583
   2141.9448 2106.1118 2071.9866]
  [2450.1704 2407.5479 2364.508  2321.3013 2278.2126 2235.5605 2193.6792
   2152.9016 2113.5293 2075.8167]
  [2467.06   2426.2693 2384.     2340.4707 2296.0298 2251.1455 2206.3682
   2162.2764 2119.4146 2078.247 ]
  [2483.0068 2443.7734 2402.048  2358.056  2312.2354 2265.2139 2217.746
   2170.6282 2124.6108 2080.3333]
  [2497.209  2459.2314 2417.9072 2373.4973 2326.5312 2277.7703 2228.123
   2178.5444 2129.9307 2083.0488]
  [2508.946  2471.9312 2430.9563 2386.3296 2338.6533 2288.77   2237.671
   2186.3906 2135.9048 2087.055 ]
  [2517.598  2481.2878 2440.682  2396.137  2348.2917 2298.0107 2246.295
   2194.1812 2142.6528 2092.5735]
  [2522.683  2486.8699 2446.6985 2402.561  2355.0996 2305.1482 2253.6519
   2201.5876 2149.8862 2099.3794]]]
"""
