raw_data = """
[[[2070.7498 2006.8132 1945.4087 1887.245  1832.8885 1782.7532 1737.1001
   1696.0452 1659.5764 1627.577 ]
  [2056.2148 1993.1232 1932.7452 1875.8549 1823.0574 1774.7656 1731.1956
   1692.3794 1658.1953 1628.41  ]
  [2042.3408 1980.99   1922.504  1867.6871 1817.1476 1771.2645 1730.1815
   1693.8271 1661.9626 1634.2434]
  [2029.5157 1970.8403 1915.1514 1863.2324 1815.6455 1772.6956 1734.4229
   1700.6395 1670.9951 1645.0588]
  [2018.3726 1963.2642 1911.2231 1862.9545 1818.921  1779.308  1744.0303
   1712.7823 1685.1254 1660.5835]
  [2009.7622 1958.9724 1911.267  1867.2162 1827.1345 1791.0585 1758.7684
   1729.8608 1703.8479 1680.2588]
  [2004.6326 1958.6766 1915.7223 1876.1638 1840.1404 1807.5319 1778.0035
   1751.0928 1726.3123 1703.2448]
  [2003.8284 1962.9038 1924.762  1889.6066 1857.4047 1827.9072 1800.71
   1775.3445 1751.3749 1728.4719]
  [2007.8639 1971.7959 1938.1373 1906.9198 1877.9783 1850.9924 1825.5509
   1801.2386 1777.7085 1754.7344]
  [2016.7284 1984.965  1955.0979 1927.0364 1900.554  1875.332  1851.0217
   1827.3054 1803.9448 1780.8075]]

 [[2102.084  2037.9742 1976.3771 1918.0426 1863.5752 1813.4178 1767.8499
   1726.9954 1690.8405 1659.2549]
  [2089.1426 2025.9724 1965.4702 1908.4502 1855.5529 1807.2163 1763.6715
   1724.9541 1690.9349 1661.365 ]
  [2077.224  2015.9048 1957.3583 1902.4229 1851.7373 1805.7035 1764.4779
   1727.9932 1696.0055 1668.1628]
  [2066.7212 2008.1967 1952.4957 1900.4253 1852.5723 1809.2615 1770.5509
   1736.2656 1706.0665 1679.5352]
  [2058.2317 2003.3864 1951.3489 1902.834  1858.3224 1818.0231 1781.8805
   1749.6249 1720.8588 1695.1519]
  [2052.5198 2002.0664 1954.3185 1909.8425 1868.9683 1831.7665 1798.0728
   1767.5546 1739.8069 1714.4436]
  [2050.3752 2004.7491 1961.6108 1921.3441 1884.1107 1849.848  1818.3125
   1789.1569 1762.0203 1736.6053]
  [2052.4065 2011.6799 1973.0891 1936.8329 1902.923  1871.203  1841.4021
   1813.2097 1786.3501 1760.6355]
  [2058.819  2022.6636 1988.1619 1955.363  1924.1838 1894.4366 1865.8838
   1838.2958 1811.5002 1785.4135]
  [2069.2642 2036.9777 2005.772  1975.6157 1946.4039 1917.9904 1890.2213
   1862.9717 1836.1693 1809.8057]]

 [[2135.5479 2071.8284 2010.5688 1952.5441 1898.384  1848.5516 1803.342
   1762.8881 1727.173  1696.0577]
  [2124.8257 2062.1682 2002.0848 1945.4076 1892.7948 1844.7023 1801.3728
   1762.8485 1729.0004 1699.5723]
  [2115.488  2054.7969 1996.718  1942.0967 1891.5841 1845.596  1804.303
   1767.6519 1735.4111 1707.2386]
  [2107.8887 2050.085  1994.8492 1942.9838 1895.0808 1851.4818 1812.2706
   1777.3065 1746.2896 1718.8429]
  [2102.5356 2048.4563 1996.8086 1948.2885 1903.381  1862.3234 1825.11
   1791.5404 1761.2974 1734.0308]
  [2100.0376 2050.316  2002.7827 1957.9784 1916.2443 1877.7035 1842.2786
   1809.7522 1779.8458 1752.2926]
  [2100.9585 2055.914  2012.6969 1971.6682 1933.0214 1896.782  1862.8402
   1831.0098 1801.0955 1772.9481]
  [2105.6167 2065.1807 2026.0955 1988.5579 1952.6464 1918.3346 1885.5276
   1854.1106 1823.9961 1795.153 ]
  [2113.895  2077.5981 2042.0918 2007.4614 1973.7313 1940.883  1908.8822
   1877.7075 1847.373  1817.9404]
  [2125.149  2092.184  2059.43   2026.9358 1994.7426 1962.8938 1931.445
   1900.4668 1870.0497 1840.3047]]

 [[2170.9128 2108.1343 2047.7383 1990.5082 1937.0817 1887.935  1843.3721
   1803.5304 1768.3912 1737.802 ]
  [2162.9932 2101.4285 2042.303  1986.4432 1934.5077 1886.957  1844.0425
   1805.8135 1772.1464 1742.7848]
  [2156.7966 2097.3152 2040.225  1986.351  1936.335  1890.5964 1849.3212
   1812.4785 1779.8645 1751.1655]
  [2152.588  2096.0503 2041.7446 1990.436  1942.7037 1898.9008 1859.1464
   1823.3536 1791.2888 1762.6421]
  [2150.7234 2097.8772 2046.9843 1998.6951 1953.4857 1911.6265 1873.1825
   1838.0535 1806.035  1776.887 ]
  [2151.5918 2102.9507 2055.866  2010.8342 1968.2069 1928.1748 1890.7788
   1855.9528 1823.5764 1793.5275]
  [2155.4792 2111.2217 2068.017  2026.2009 1986.0096 1947.5809 1910.9706
   1876.186  1843.2229 1812.0933]
  [2162.391  2122.3083 2082.7017 2043.7744 2005.6901 1968.5769 1932.5413
   1897.6843 1864.1172 1831.9686]
  [2171.9175 2135.4346 2098.8325 2062.247  2025.8263 1989.7344 1954.15
   1919.2644 1885.2764 1852.3896]
  [2183.2046 2149.4763 2115.0933 2080.195  2044.9712 2009.6545 1974.4983
   1939.7599 1905.6836 1872.4951]]

 [[2207.8853 2146.5588 2087.5256 2031.5569 1979.2864 1931.1896 1887.5709
   1848.5634 1814.1378 1784.1238]
  [2203.2686 2143.3325 2085.672  2031.0844 1980.2095 1933.5011 1891.2087
   1853.3867 1819.9167 1790.5481]
  [2200.6606 2142.9185 2087.3005 2034.5828 1985.3784 1940.0988 1898.9414
   1861.9043 1828.8232 1799.4266]
  [2200.185  2145.3992 2092.4434 2042.0203 1994.6787 1950.7769 1910.4752
   1873.7573 1840.4753 1810.4065]
  [2201.9912 2150.7773 2100.9607 2053.125  2007.7288 1965.0768 1925.3218
   1888.4846 1854.4982 1823.2501]
  [2206.2007 2158.921  2112.4875 2067.342  2023.846  1982.2695 1942.7922
   1905.5198 1870.5087 1837.7919]
  [2212.7954 2169.4788 2126.3809 2083.8076 2042.0487 2001.3671 1962.0012
   1924.1647 1888.0502 1853.8333]
  [2221.4883 2181.811  2141.705  2101.3887 2061.118  2021.1836 1981.8972
   1943.576  1906.5269 1871.0342]
  [2231.647  2194.9802 2157.2976 2118.789  2079.7266 2040.4517 2001.3452
   1962.7991 1925.1879 1888.853 ]
  [2242.3218 2207.85   2171.9097 2134.7217 2096.6118 2057.978  2019.2517
   1980.8578 1943.1858 1906.5762]]

 [[2246.1118 2186.6885 2129.4683 2075.1943 2024.4823 1977.7911 1935.4105
   1897.4543 1863.8691 1834.4562]
  [2245.1826 2187.3389 2131.5918 2078.6885 2029.2329 1983.6537 1942.1882
   1904.8866 1871.6318 1842.1796]
  [2246.4607 2190.9038 2137.1736 2085.974  2037.871  1993.2546 1952.329
   1915.1208 1881.5106 1851.2794]
  [2249.884  2197.2412 2145.9849 2096.734  2049.9922 2006.117  1965.3121
   1927.6388 1893.0463 1861.4117]
  [2255.358  2206.0806 2157.6006 2110.4204 2064.973  2021.6007 1980.5493
   1941.9713 1905.9445 1872.4927]
  [2262.7163 2217.     2171.3877 2126.2595 2081.9883 2038.9288 1997.4037
   1957.6942 1920.0356 1884.6147]
  [2271.653  2229.3901 2186.502  2143.271  2100.0396 2057.1997 2015.1674
   1974.357  1935.1515 1897.8826]
  [2281.6455 2242.434  2201.9165 2160.3262 2118.01   2075.4124 2033.0358
   1991.3976 1950.9877 1912.2382]
  [2291.9297 2255.146  2216.5068 2176.2512 2134.7607 2092.532  2050.126
   2008.1143 1967.0353 1927.3615]
  [2301.5662 2266.48   2229.185  2189.9666 2149.2583 2107.5942 2065.5562
   2023.7186 1982.6068 1942.6765]]

 [[2285.194  2228.0493 2173.0278 2120.833  2072.0435 2027.0852 1986.2104
   1949.4939 1916.8403 1888.0125]
  [2288.1965 2232.8164 2179.351  2128.4805 2080.7542 2036.5588 1996.1031
   1959.4193 1926.3855 1896.7643]
  [2293.4883 2240.4548 2188.9346 2139.5447 2092.7866 2049.017  2008.4368
   1971.097  1936.9243 1905.7587]
  [2300.7935 2250.568  2201.2666 2153.4126 2107.4534 2063.7397 2022.5153
   1983.9186 1947.9979 1914.7352]
  [2309.7593 2262.614  2215.6543 2169.2974 2123.9468 2079.98   2037.7336
   1997.4888 1959.4648 1923.8187]
  [2319.9526 2275.9204 2231.2578 2186.287  2141.3926 2097.0098 2053.5957
   2011.5972 1971.4154 1933.3815]
  [2330.83   2289.693  2247.126  2203.3904 2158.8804 2114.1042 2069.6396
   2026.0813 1983.9833 1943.8212]
  [2341.7097 2303.0361 2262.245  2219.5842 2175.481  2130.511  2085.3438
   2040.6721 1997.1487 1955.3398]
  [2351.7869 2315.0056 2275.6123 2233.8823 2190.2866 2145.4482 2100.08
   2054.9104 2010.6232 1967.8153]
  [2360.2056 2324.708  2286.3403 2245.4321 2202.4941 2158.168  2113.1592
   2068.1724 2023.8611 1980.7928]]

 [[2324.7104 2270.1357 2217.6235 2167.8237 2121.2607 2078.3032 2039.1434
   2003.7936 1972.1001 1943.7834]
  [2331.7378 2279.0864 2228.1733 2179.5984 2133.8381 2091.2197 2051.9045
   2015.8964 1983.062  1953.1741]
  [2341.002  2290.705  2241.606  2194.2236 2148.9836 2106.1978 2066.0537
   2028.6213 1993.8728 1961.7097]
  [2352.0034 2304.3413 2257.1409 2210.8257 2165.7837 2122.352  2080.809
   2041.3657 2004.1655 1969.2906]
  [2364.1538 2319.2185 2273.8743 2228.4548 2183.3367 2138.9282 2095.647
   2053.8916 2014.0101 1976.2821]
  [2376.8013 2334.4856 2290.849  2246.1626 2200.8228 2155.3364 2110.2798
   2066.243  2023.7712 1983.325 ]
  [2389.2378 2349.255  2307.107  2263.0417 2217.4995 2171.0874 2124.5203
   2078.545  2033.8613 1991.0688]
  [2400.7048 2362.6348 2321.7249 2278.2368 2232.663  2185.689  2138.1191
   2090.7935 2044.502  1999.9287]
  [2410.4226 2373.7815 2333.8623 2290.9688 2245.6387 2198.5957 2150.6748
   2102.7358 2055.5889 2009.9407]
  [2417.658  2381.9697 2342.829  2300.5906 2255.819  2209.2375 2161.6526
   2113.881  2066.689  2020.7506]]

 [[2364.244  2312.4434 2262.6636 2215.4863 2171.362  2130.58   2093.2483
   2059.2988 2028.5144 2000.5753]
  [2375.2395 2325.4697 2277.268  2231.142  2187.4824 2146.5398 2108.418
   2073.082  2040.3894 2010.1296]
  [2388.2798 2340.8032 2294.2117 2248.9219 2205.2773 2163.538  2123.8743
   2086.3716 2051.046  2017.8638]
  [2402.6594 2357.5728 2312.499  2267.766  2223.7026 2180.6338 2138.8662
   2098.6768 2060.2944 2023.8962]
  [2417.5994 2374.835  2331.1016 2286.6628 2241.873  2197.168  2153.037
   2109.978  2068.451  2028.8397]
  [2432.3003 2391.6458 2349.043  2304.7266 2259.108  2212.7554 2166.344
   2120.5815 2076.1333 2033.5626]
  [2445.9683 2407.108  2365.4377 2321.199  2274.875  2227.1545 2178.862
   2130.8647 2083.9792 2038.9053]
  [2457.8335 2420.3962 2379.4985 2335.4165 2288.6973 2240.1123 2190.5732
   2141.0332 2092.393  2045.4312]
  [2467.1816 2430.79   2390.5518 2346.7915 2300.099  2251.2756 2201.2512
   2150.9893 2101.4016 2053.2886]
  [2473.407  2437.7197 2398.0737 2354.8394 2308.622  2260.2046 2210.4736
   2160.3372 2110.6567 2062.1973]]

 [[2403.4055 2354.4941 2307.5693 2263.1301 2221.5352 2182.9746 2147.4595
   2114.8352 2084.8257 2057.0854]
  [2418.1746 2371.3232 2325.8691 2282.2188 2240.667  2201.3833 2164.4082
   2129.6729 2097.032  2066.3025]
  [2434.6675 2389.9636 2345.8354 2302.5967 2260.513  2219.794  2180.5938
   2143.0164 2107.122  2072.9434]
  [2452.0103 2409.3828 2366.339  2323.122  2280.0142 2237.3296 2195.4058
   2154.5762 2115.147  2077.378 ]
  [2469.2986 2428.5518 2386.324  2342.8262 2298.401  2253.5132 2208.7139
   2164.5825 2121.6682 2080.4414]
  [2485.6594 2446.5188 2404.8806 2360.9604 2315.1892 2268.1921 2220.7222
   2173.5771 2127.5122 2083.1719]
  [2500.2815 2462.444  2421.25   2376.9495 2330.0654 2281.355  2231.724
   2182.1306 2133.474  2086.5269]
  [2512.4336 2475.6028 2434.7966 2390.3142 2342.749  2292.9392 2241.875
   2190.5928 2140.0703 2091.1558]
  [2521.4849 2485.3982 2444.9956 2400.6245 2352.9167 2302.732  2251.0679
   2198.9648 2147.4087 2097.2683]
  [2526.9458 2491.3884 2451.4497 2407.5122 2360.2112 2310.3755 2258.95
   2206.9106 2155.1926 2104.6313]]]
"""
