raw_data = """
[[[1899.689  1831.709  1766.8235 1705.7491 1649.0463 1597.1123 1550.1881
   1508.3721 1471.6393 1439.8683]
  [1877.5933 1809.623  1744.9586 1684.412  1628.6116 1577.9803 1532.739
   1492.9215 1458.4111 1428.9778]
  [1856.4146 1789.305  1725.6682 1666.3826 1612.1165 1563.2971 1520.1064
   1482.5048 1450.2776 1423.092 ]
  [1836.6558 1771.3246 1709.591  1652.3545 1600.2832 1553.7759 1512.9551
   1477.6992 1447.7014 1422.5421]
  [1819.0652 1756.4219 1697.4551 1643.0302 1593.7667 1549.9982 1511.7677
   1478.8706 1450.9241 1427.4512]
  [1804.599  1745.4572 1690.0089 1639.031  1593.0477 1552.2947 1516.7253
   1486.0604 1459.8689 1437.653 ]
  [1794.2966 1739.2823 1687.8904 1640.7657 1598.3032 1560.626  1527.6003
   1498.8969 1474.0703 1452.6427]
  [1789.0841 1738.5532 1691.4562 1648.2825 1609.2894 1574.494  1543.7013
   1516.566  1492.6672 1471.5808]
  [1789.5497 1743.5266 1700.6132 1661.1478 1625.2697 1592.9238 1563.8954
   1537.8647 1514.4702 1493.3619]
  [1795.7533 1753.9073 1714.7181 1678.4054 1645.0366 1614.5375 1586.7225
   1561.3369 1538.0981 1516.7368]]

 [[1943.1349 1874.4039 1808.7058 1746.8179 1689.3585 1636.7758 1589.3496
   1547.205  1510.3291 1478.5964]
  [1922.283  1853.6101 1788.164  1726.8235 1670.2787 1619.0049 1573.2603
   1533.1003 1498.411  1468.9475]
  [1902.6263 1834.8859 1770.5068 1710.4349 1655.4033 1605.8931 1562.1229
   1524.0712 1491.5208 1464.1194]
  [1884.6924 1818.8278 1756.3965 1698.3633 1645.4615 1598.1445 1556.5741
   1520.6483 1490.0607 1464.3763]
  [1869.2314 1806.1671 1746.5428 1691.2817 1641.0665 1596.2877 1557.0339
   1523.1301 1494.2073 1469.7894]
  [1857.162  1797.7042 1741.6124 1689.7113 1642.5859 1600.5343 1563.5687
   1531.4591 1503.8121 1480.1569]
  [1849.4238 1794.1549 1742.0754 1693.8713 1649.9984 1610.6542 1575.7848
   1545.1378 1518.336  1494.9565]
  [1846.7626 1795.9495 1748.0304 1703.5337 1662.788  1625.9034 1592.7922
   1563.2156 1536.8499 1513.3497]
  [1849.5006 1803.0426 1759.0605 1717.9436 1679.9211 1645.0583 1613.2726
   1584.376  1558.1213 1534.2496]
  [1857.3765 1814.8025 1774.1942 1735.8472 1699.9442 1666.556  1635.6487
   1607.1075 1580.7672 1556.4434]]

 [[1990.11   1921.2227 1855.2557 1793.0331 1735.2229 1682.3196 1634.6437
   1592.3486 1555.4369 1523.7792]
  [1971.248  1902.5009 1836.8364 1775.1804 1718.273  1666.6364 1620.568
   1580.1492 1545.2734 1515.687 ]
  [1953.8608 1886.1337 1821.5718 1761.1658 1705.6984 1655.699  1611.4272
   1572.8873 1539.8716 1512.0201]
  [1938.4581 1872.6898 1810.0865 1751.6504 1698.1641 1650.1327 1607.7643
   1570.9924 1539.5311 1512.9514]
  [1925.7356 1862.8328 1803.0055 1747.2091 1696.1741 1650.35   1609.8861
   1574.6613 1544.3505 1518.5071]
  [1916.5073 1857.2301 1800.8431 1748.197  1699.928  1656.4067 1617.7275
   1583.7439 1554.1365 1528.4948]
  [1911.5446 1856.3945 1803.8431 1754.5989 1709.1815 1667.88   1630.7529
   1597.6624 1568.3384 1542.446 ]
  [1911.3514 1860.4839 1811.8141 1765.9053 1723.1664 1683.8278 1647.9415
   1615.4126 1586.0472 1559.6057]
  [1915.9556 1869.1406 1824.0359 1781.0859 1740.6276 1702.8696 1667.8923
   1635.6654 1606.0792 1578.9819]
  [1924.7927 1881.4487 1839.2896 1798.6952 1759.9818 1723.3801 1689.0232
   1656.9502 1627.1233 1599.454 ]]

 [[2040.4736 1972.044  1906.3818 1844.341  1786.6257 1733.7709 1686.1333
   1643.8938 1607.0657 1575.5125]
  [2024.3475 1956.1827 1890.8998 1829.448  1772.6005 1720.9185 1674.7329
   1634.1515 1599.0781 1569.2518]
  [2009.9622 1942.9225 1878.7765 1818.5304 1762.9958 1712.7406 1668.0625
   1628.9978 1595.3583 1566.7897]
  [1997.7543 1932.7417 1870.5267 1812.1191 1758.3281 1709.7019 1666.4993
   1628.7024 1596.067  1568.1946]
  [1988.3    1926.1588 1866.6111 1810.6105 1758.9177 1712.0381 1670.1935
   1633.341  1601.2292 1573.4744]
  [1982.2367 1923.6385 1867.3224 1814.1353 1764.7539 1719.627  1678.9521
   1642.6975 1610.6538 1582.5048]
  [1980.1006 1925.4333 1872.6366 1822.4243 1775.376  1731.8877 1692.1552
   1656.1895 1623.8607 1594.9525]
  [1982.1165 1931.41   1882.083  1834.7249 1789.8318 1747.7694 1708.7545
   1672.8633 1640.0582 1610.2275]
  [1988.0245 1940.9381 1894.7067 1849.8303 1806.7594 1765.8594 1727.3867
   1691.4854 1658.1993 1627.5006]
  [1997.0271 1952.9174 1909.1669 1866.2404 1824.5865 1784.5962 1746.5713
   1710.709  1677.1078 1645.7855]]

 [[2093.9832 2026.6149 1961.8354 1900.5087 1843.3612 1790.9553 1743.6747
   1701.7163 1665.095  1633.6564]
  [2081.291  2014.3564 1950.0603 1889.3494 1833.0101 1781.625  1735.5505
   1694.912  1659.6201 1629.4087]
  [2070.5652 2004.8776 1941.75   1882.172  1826.9607 1776.7041 1731.7305
   1692.1085 1657.6771 1628.1013]
  [2062.1116 1998.4956 1937.2288 1879.2919 1825.4955 1776.4167 1732.3628
   1693.3757 1659.2721 1629.7092]
  [2056.3171 1995.5109 1936.7169 1880.8534 1828.6891 1780.7773 1737.4199
   1698.6719 1664.3837 1634.2655]
  [2053.5776 1996.1227 1940.2334 1886.7273 1836.3064 1789.4973 1746.616
   1707.7697 1672.8892 1641.7831]
  [2054.1487 2000.2949 1947.4818 1896.4124 1847.7186 1801.9094 1759.3335
   1720.1738 1684.4667 1652.1382]
  [2057.9707 2007.6266 1957.766  1908.995  1861.8943 1816.9695 1774.6138
   1735.0881 1698.53   1664.973 ]
  [2064.5483 2017.2988 1970.0068 1923.2211 1877.5007 1833.3636 1791.2443
   1751.4662 1714.2379 1679.6688]
  [2072.9531 2028.1525 1982.8806 1937.676  1893.1036 1849.7018 1807.9312
   1768.147  1730.5896 1695.3976]]

 [[2150.2854 2084.543  2021.2004 1961.114  1905.014  1853.4725 1806.8801
   1765.4303 1729.1207 1697.7673]
  [2141.627  2076.5244 2013.7902 1954.3439 1898.9595 1848.2205 1802.4884
   1761.892  1726.3414 1695.5651]
  [2135.087  2071.3591 2009.8131 1951.3909 1896.8855 1846.8838 1801.7301
   1761.5197 1726.1238 1695.242 ]
  [2130.782  2069.1365 2009.3295 1952.2799 1898.7722 1849.3927 1804.4915
   1764.1758 1728.3396 1696.7195]
  [2128.8535 2069.8784 2012.2626 1956.8583 1904.4186 1855.5328 1810.5846
   1769.7401 1732.9744 1700.1171]
  [2129.4104 2073.4875 2018.3431 1964.7413 1913.3933 1864.8984 1819.6962
   1778.0483 1740.047  1705.6478]
  [2132.4167 2079.65   2027.0388 1975.2588 1924.9845 1876.8334 1831.3116
   1788.7844 1749.4689 1713.4509]
  [2137.5635 2087.7622 2037.5201 1987.4491 1938.2029 1890.4198 1844.6664
   1801.3936 1760.9207 1723.4391]
  [2144.2004 2096.923  2048.708  2000.1389 1951.867  1904.5482 1858.7852
   1815.0787 1773.8066 1735.2247]
  [2151.3857 2106.039  2059.416  2012.1069 1964.7695 1918.0668 1872.6056
   1828.8937 1787.3179 1748.1483]]

 [[2208.916  2145.298  2083.8977 2025.5447 1970.9515 1920.6749 1875.0835
   1834.3402 1798.4025 1767.0444]
  [2204.7456 2141.9941 2081.3308 2023.6221 1969.604  1919.832  1874.6477
   1834.1642 1798.2816 1766.7268]
  [2202.7358 2141.4739 2081.9883 2025.1449 1971.6833 1922.1643 1876.929
   1836.092  1799.5614 1767.087 ]
  [2202.7666 2143.5461 2085.6152 2029.8019 1976.837  1927.2982 1881.5677
   1839.8197 1802.0388 1768.0631]
  [2204.698  2147.928  2091.8218 2037.1431 1984.6095 1934.8334 1888.2751
   1845.22   1805.7802 1769.9252]
  [2208.3447 2154.232  2100.0796 2046.5812 1994.444  1944.3297 1896.7996
   1852.2722 1811.0105 1773.1312]
  [2213.406  2161.9214 2109.6982 2057.3726 2005.6504 1955.2463 1906.8173
   1860.9082 1817.9196 1778.1041]
  [2219.3896 2170.2795 2119.8213 2068.62   2017.3888 1966.8832 1917.8295
   1870.8606 1826.4763 1785.0294]
  [2225.5864 2178.4297 2129.477  2079.331  2028.713  1978.3977 1929.1378
   1881.6031 1836.3375 1793.7454]
  [2231.1338 2185.4321 2137.6938 2088.5354 2038.6825 1988.8994 1939.9233
   1892.4058 1846.8796 1803.752 ]]

 [[2269.3105 2208.2285 2149.1997 2093.0088 2040.3248 1991.6566 1947.3174
   1907.4094 1871.8301 1840.3082]
  [2269.9    2209.9038 2151.7163 2096.1274 2043.8071 1995.2529 1950.7589
   1910.4049 1874.076  1841.5083]
  [2272.5483 2214.1165 2157.0422 2102.0903 2049.9229 2001.0486 1955.7904
   1914.275  1876.4525 1842.1415]
  [2276.8726 2220.373  2164.595  2110.255  2058.012  2008.4181 1961.879
   1918.6366 1878.7744 1842.2466]
  [2282.4497 2228.099  2173.704  2119.9275 2067.4385 2016.8625 1968.7316
   1923.4469 1881.264  1842.3004]
  [2288.8315 2236.6694 2183.656  2130.4087 2077.6213 2026.009  1976.2437
   1928.8959 1884.395  1843.0194]
  [2295.5132 2245.4082 2193.7012 2140.9866 2087.9907 2035.512  1984.3425
   1935.1934 1888.6399 1845.0939]
  [2301.9019 2253.5784 2203.0532 2150.9172 2097.928  2044.9397 1992.8185
   1942.362  1894.2378 1848.9517]
  [2307.3105 2260.4087 2210.9165 2159.4404 2106.7544 2053.7285 2001.247
   1950.129  1901.073  1854.6276]
  [2311.019  2265.1614 2216.5632 2165.849  2113.7913 2061.2354 2009.0294
   1957.9562 1908.6868 1861.7593]]

 [[2330.8281 2272.589  2216.2595 2162.5583 2112.0825 2065.2593 2022.3157
   1983.2682 1947.9464 1916.0394]
  [2336.2397 2279.2627 2223.819  2170.6003 2120.1836 2072.9841 2029.2277
   1988.9506 1952.0266 1918.2166]
  [2343.4443 2288.0369 2233.5615 2180.665  2129.9146 2081.7524 2036.4714
   1994.2103 1954.9707 1918.6533]
  [2351.7974 2298.13   2244.6108 2191.8386 2140.392  2090.79   2043.458
   1998.7045 1956.7158 1917.5701]
  [2360.6274 2308.7305 2256.0947 2203.2822 2150.912  2099.6177 2049.9966
   2002.56   1957.7006 1915.6794]
  [2369.2861 2319.063  2267.2168 2214.2942 2160.975  2108.019  2056.1973
   2006.2145 1958.6531 1913.9392]
  [2377.1462 2328.4043 2277.2656 2224.2842 2170.2031 2115.8906 2062.2532
   2010.1459 1960.2954 1913.2588]
  [2383.592  2336.0789 2285.5923 2232.7114 2178.226  2123.069  2068.2236
   2014.6266 1963.0891 1914.2523]
  [2388.02   2341.4639 2291.6074 2239.0554 2184.6191 2129.2432 2073.919
   2019.593  1967.0964 1917.104 ]
  [2389.8772 2344.0312 2294.812  2242.8447 2188.9287 2133.974  2078.92
   2024.6611 1971.9895 1921.5623]]

 [[2392.781  2337.5723 2284.1409 2233.118  2185.001  2140.1104 2098.5625
   2060.2822 2025.0343 1992.4899]
  [2402.8591 2349.009  2296.412  2245.6472 2197.1816 2151.331  2108.2473
   2067.9268 2030.2444 1995.005 ]
  [2414.2976 2361.9243 2310.0518 2259.204  2209.8467 2162.353  2116.9888
   2073.9102 2033.179  1994.7871]
  [2426.222  2375.3052 2323.972  2272.7095 2222.0195 2172.3933 2124.2764
   2078.0444 2033.9857 1992.2958]
  [2437.777  2388.1907 2337.207  2285.3018 2233.0525 2181.104  2130.1125
   2080.689  2033.3478 1988.4769]
  [2448.1958 2399.7537 2348.9841 2296.3804 2242.6143 2188.4868 2134.851
   2082.5256 2032.2191 1984.4825]
  [2456.8145 2409.3103 2358.7073 2305.535  2250.5522 2194.684  2138.9292
   2084.2559 2031.5133 1981.3739]
  [2463.0588 2416.2988 2365.9019 2312.44   2256.73   2199.767  2142.6218
   2086.3389 2031.8434 1979.8834]
  [2466.4402 2420.2607 2370.1755 2316.7876 2260.9355 2203.6206 2145.9138
   2088.8594 2033.3936 1980.2916]
  [2466.5732 2420.856  2371.2224 2318.2925 2262.8857 2205.957  2148.5146
   2091.541  2035.9259 1982.4219]]]
"""
