raw_data = """
[[[1860.547  1790.697  1724.1046 1661.4963 1603.4403 1550.3384 1502.4327
   1459.8214 1422.4791 1390.2814]
  [1837.2168 1767.2137 1700.6864 1638.4652 1581.19   1529.2931 1482.9999
   1442.3492 1407.2253 1377.398 ]
  [1814.8398 1745.5331 1679.8754 1618.7699 1562.9039 1512.7196 1468.4104
   1429.9458 1397.1152 1369.5853]
  [1793.9324 1726.2452 1662.336  1603.1368 1549.3436 1501.378  1459.3813
   1423.2457 1392.6716 1367.2375]
  [1775.258  1710.1119 1648.8264 1592.3076 1541.2128 1495.9065 1456.4594
   1422.6841 1394.2063 1370.542 ]
  [1759.7876 1698.0171 1640.1282 1586.948  1539.0469 1496.7014 1459.8972
   1428.3762 1401.7117 1379.3927]
  [1748.5773 1690.838  1636.9167 1587.515  1543.0829 1503.79   1469.5386
   1440.0181 1414.783  1393.332 ]
  [1742.5724 1689.2595 1639.586  1594.1047 1553.1321 1516.7343 1484.7502
   1456.8486 1432.6002 1411.5503]
  [1742.3846 1693.5679 1648.0808 1606.3263 1568.5027 1534.6012 1504.4352
   1477.6915 1453.9916 1432.9503]
  [1748.1006 1703.4996 1661.7892 1623.2527 1588.0115 1556.0298 1527.1417
   1501.0891 1477.5686 1456.2709]]

 [[1906.0004 1835.1909 1767.5673 1703.9266 1644.9012 1590.9508 1542.363
   1499.2682 1461.6558 1429.3993]
  [1883.7958 1812.8666 1745.329  1682.0884 1623.8562 1571.1241 1524.1633
   1483.0378 1447.637  1417.7148]
  [1862.8044 1792.6337 1725.9983 1663.8805 1607.0432 1555.9911 1510.9617
   1471.9456 1438.7306 1410.9598]
  [1843.5756 1775.1155 1710.2731 1650.0583 1595.2441 1546.3167 1503.4624
   1466.595  1435.4116 1409.4683]
  [1826.8833 1761.0781 1698.9076 1641.3496 1589.1372 1542.702  1502.1635
   1467.3632 1437.9318 1413.3759]
  [1813.674  1751.3599 1692.6177 1638.3375 1589.1625 1545.4397 1507.2145
   1474.2719 1446.2118 1422.5344]
  [1804.9196 1746.7183 1691.9276 1641.3047 1595.3707 1554.3745 1518.2948
   1486.8882 1459.7623 1436.4558]
  [1801.3989 1747.6268 1696.9865 1650.0813 1607.3063 1568.8213 1534.565
   1504.3007 1477.6802 1454.3126]
  [1803.4692 1754.0791 1707.4194 1663.9539 1623.9735 1587.5854 1554.7263
   1525.2008 1498.7312 1475.0095]
  [1810.9001 1765.4734 1722.281  1681.6859 1643.925  1609.1002 1577.1863
   1548.0546 1521.5056 1497.3073]]

 [[1955.2749 1884.1039 1815.9935 1751.7948 1692.1986 1637.7191 1588.693
   1545.2848 1507.5029 1475.218 ]
  [1934.9613 1863.7397 1795.7551 1731.9706 1673.1567 1619.8635 1572.4084
   1530.8864 1495.1976 1465.0846]
  [1916.1245 1845.7386 1778.6871 1716.008  1658.5265 1606.8058 1561.132
   1521.5251 1487.7815 1459.5315]
  [1899.3016 1830.7074 1765.4618 1704.6277 1649.04   1599.2474 1555.489
   1517.7141 1485.6351 1458.8052]
  [1885.224  1819.3545 1756.7628 1698.4744 1645.2834 1597.6902 1555.8773
   1519.737  1488.9342 1462.9918]
  [1874.7478 1812.4034 1753.1715 1697.9822 1647.5431 1602.2797 1562.3187
   1527.5203 1497.5452 1471.939 ]
  [1868.6907 1810.424  1754.9995 1703.2115 1655.6539 1612.6699 1574.3447
   1540.5386 1510.9508 1485.1932]
  [1867.6044 1813.6274 1762.1143 1713.7129 1668.9045 1627.9663 1590.9694
   1557.8068 1528.2471 1501.9918]
  [1871.5573 1821.6987 1773.8341 1728.4882 1686.0605 1646.7975 1610.7877
   1577.9818 1548.2279 1521.3168]
  [1880.0151 1833.744  1788.9517 1746.089  1705.5227 1667.5083 1632.179
   1599.5499 1569.5417 1542.0121]]

 [[2008.2573 1937.3528 1869.3392 1805.1046 1745.3854 1690.7457 1641.5668
   1598.0468 1560.2094 1527.9185]
  [1990.612  1919.771  1851.9515 1788.1503 1729.1825 1675.6466 1627.9032
   1586.079  1550.0848 1519.6544]
  [1974.6956 1904.7887 1837.9352 1775.1997 1717.4496 1665.298  1619.0762
   1578.839  1544.4004 1515.3899]
  [1960.9788 1892.9321 1827.8638 1766.8566 1710.7864 1660.2549 1615.557
   1576.6898 1543.4016 1515.2646]
  [1950.0834 1884.7777 1822.271  1763.602  1709.608  1660.8527 1617.5931
   1579.7941 1547.1838 1519.3352]
  [1942.7026 1880.8594 1821.5306 1765.6581 1713.9995 1667.0624 1625.0745
   1588.0013 1555.6006 1527.4996]
  [1939.432  1881.4987 1825.6959 1772.8357 1723.5773 1678.371  1637.4333
   1600.7622 1568.1842 1539.4187]
  [1940.5527 1886.6215 1834.3549 1784.4349 1737.4321 1693.756  1653.634
   1617.1196 1584.1267 1554.4769]
  [1945.8477 1895.6359 1846.5802 1799.2648 1754.2025 1711.7903 1672.2859
   1635.8049 1602.3423 1571.8073]
  [1954.5399 1907.4485 1861.0232 1815.8    1772.2755 1730.8612 1691.852
   1655.4159 1621.6051 1590.3829]]

 [[2064.7258 1994.7166 1927.398  1863.6763 1804.3191 1749.9277 1700.9182
   1657.5118 1619.7363 1587.4384]
  [2050.489  1980.7047 1913.68   1850.419  1791.7604 1738.3348 1690.5356
   1648.5123 1612.1833 1581.2734]
  [2038.1962 1969.4663 1903.4415 1841.1825 1783.572  1731.2545 1684.5985
   1643.6926 1608.3748 1578.2874]
  [2028.1931 1961.3732 1897.0751 1836.3645 1780.1302 1729.0112 1683.355
   1643.2164 1608.3975 1578.5166]
  [2020.9205 1956.794  1894.8832 1836.2041 1781.6111 1731.7214 1686.8722
   1647.1202 1612.2871 1582.0283]
  [2016.8395 1956.0057 1896.9747 1840.6671 1787.8738 1739.1818 1694.9335
   1655.2253 1619.9456 1588.8376]
  [2016.2739 1959.0474 1903.1298 1849.3271 1798.3557 1750.7762 1706.953
   1667.0472 1631.0435 1598.7974]
  [2019.2223 1965.5747 1912.7029 1861.3096 1812.0488 1765.4673 1721.9619
   1681.7654 1644.9603 1611.5112]
  [2025.227  1974.7965 1924.6283 1875.3567 1827.6001 1781.9056 1738.7035
   1698.2852 1660.8081 1626.3173]
  [2033.3701 1985.5457 1937.5559 1890.0094 1843.5176 1798.6359 1755.8173
   1715.3851 1677.5337 1642.3478]]

 [[2124.338  2055.8208 1989.7817 1927.1256 1868.6322 1814.9211 1766.4226
   1723.3597 1685.7455 1653.3966]
  [2114.1584 2046.0709 1980.452  1918.2854 1860.4082 1807.4596 1759.8444
   1717.7192 1681.0015 1649.408 ]
  [2106.069  2039.1677 1974.5763 1913.3156 1856.2544 1804.0432 1757.0712
   1715.4542 1679.0591 1647.5582]
  [2100.229  2035.2589 1972.2872 1912.3264 1856.2468 1804.7029 1758.0858
   1716.5132 1679.8591 1647.8163]
  [2096.8381 2034.4395 1973.5947 1915.2612 1860.2838 1809.3182 1762.7814
   1720.8375 1683.4258 1650.3175]
  [2096.0742 2036.6898 1978.3154 1921.8231 1868.0155 1817.552  1770.8951
   1728.2905 1689.7831 1655.2606]
  [2097.9697 2041.7695 1985.987  1931.4042 1878.779  1828.7793 1781.9222
   1738.5477 1698.8185 1662.75  ]
  [2102.2712 2049.1226 1995.8175 1943.0646 1891.5896 1842.0695 1795.0715
   1751.0167 1710.1698 1672.6547]
  [2108.3584 2057.8638 2006.726  1955.6118 1905.2302 1856.2655 1809.3146
   1764.8478 1723.1929 1684.5446]
  [2115.2856 2066.879  2017.4873 1967.77   1918.43   1870.1486 1823.525
   1779.0381 1737.0317 1697.7249]]

 [[2186.6255 2120.1377 2055.92   1994.8572 1937.7173 1885.1102 1837.4497
   1794.9323 1757.5322 1725.0248]
  [2181.0098 2115.1826 2051.5215 1990.9617 1934.3092 1882.1808 1834.9651
   1792.8044 1755.6067 1723.0852]
  [2177.522  2113.0063 2050.3745 1990.5765 1934.434  1882.5743 1835.3865
   1793.0044 1755.3302 1722.0839]
  [2176.0862 2113.475  2052.2954 1993.4729 1937.8284 1886.0088 1838.4375
   1795.297  1756.5496 1721.9878]
  [2176.6177 2116.3748 2056.9746 1999.2871 1944.1224 1892.1597 1843.8914
   1799.5963 1759.3512 1723.0676]
  [2178.9976 2121.3909 2063.9587 2007.5035 1952.8226 1900.6356 1851.524
   1805.8904 1763.9504 1725.7566]
  [2182.9883 2128.0483 2072.6138 2017.4246 1963.268  1910.9061 1861.0065
   1814.0895 1770.5049 1730.4386]
  [2188.143  2135.6675 2082.1064 2028.1598 1974.6095 1922.2483 1871.8054
   1823.8862 1778.9402 1737.2579]
  [2193.7744 2143.377  2091.454  2038.6891 1985.8607 1933.7715 1883.1722
   1834.7053 1788.87   1746.0161]
  [2199.0103 2150.2126 2099.6445 2047.991  1996.0228 1944.526  1894.2323
   1845.7701 1799.6344 1756.1853]]

 [[2251.003  2186.9966 2125.0708 2066.0686 2010.7181 1959.5847 1913.0302
   1871.1913 1833.9838 1801.1381]
  [2250.2693 2187.154  2125.9006 2067.3726 2012.3099 1961.2754 1914.6117
   1872.4274 1834.6149 1800.8975]
  [2251.5596 2189.8442 2129.5708 2071.59   2016.6465 1965.3173 1917.971
   1874.7532 1835.6089 1800.3278]
  [2254.5273 2194.6235 2135.5596 2078.1494 2023.1417 1971.1558 1922.6371
   1877.8345 1836.8112 1799.4801]
  [2258.8008 2200.976  2143.262  2086.4248 2031.2233 1978.3463 1928.3561
   1881.6495 1838.4491 1798.8208]
  [2263.9854 2208.336  2152.0237 2095.7695 2040.3528 1986.5441 1935.0355
   1886.3838 1840.9781 1799.039 ]
  [2269.63   2216.0757 2161.1355 2105.5005 2049.9746 1995.4027 1942.588
   1892.2231 1844.8381 1800.7893]
  [2275.1775 2223.4863 2169.8247 2114.8735 2059.4568 2004.4652 1950.7719
   1899.153  1850.2335 1804.4656]
  [2279.9575 2229.7966 2177.2837 2123.103  2068.085  2013.1296 1959.1224
   1906.864  1857.0145 1810.0745]
  [2283.24   2234.2476 2182.7505 2129.441  2075.1367 2020.7072 1967.0015
   1914.7854 1864.6969 1817.2352]]

 [[2316.789  2255.6091 2196.3428 2139.7664 2086.5376 2037.1411 1991.8517
   1950.7205 1913.5958 1880.1708]
  [2321.0356 2260.9387 2202.4033 2146.1948 2092.9604 2043.1781 1997.1207
   1954.8533 1916.2579 1881.0857]
  [2327.0342 2268.3572 2210.6711 2154.7075 2101.1123 2050.392  2002.8849
   1958.748  1917.9788 1880.4547]
  [2334.166  2277.1206 2220.3154 2164.4417 2110.1616 2058.0583 2008.5947
   1962.088  1918.7084 1878.4994]
  [2341.7979 2286.4614 2230.5103 2174.605  2119.447  2065.73   2014.0802
   1965.0087 1918.8815 1875.9182]
  [2349.323  2295.6465 2240.5015 2184.5312 2128.4946 2073.2046 2019.453
   1967.9374 1919.2078 1873.6438]
  [2356.1562 2303.9902 2249.6047 2193.6475 2136.9326 2080.374  2024.8927
   1971.3317 1920.384  1872.5593]
  [2361.712  2310.837  2257.183  2201.413  2144.3806 2087.0571 2030.4358
   1975.4388 1922.8464 1873.2545]
  [2365.3994 2315.5684 2262.6396 2207.292  2150.392  2092.9175 2035.8666
   1980.1724 1926.6375 1875.896 ]
  [2366.6638 2317.644  2265.4556 2210.787  2154.4863 2097.4902 2040.7428
   1985.1287 1931.4142 1880.2222]]

 [[2383.236  2325.1025 2268.7275 2214.7983 2163.8713 2116.3208 2072.3098
   2031.7958 1994.5641 1960.2917]
  [2392.3274 2335.3882 2279.7075 2225.933  2174.5981 2126.0781 2080.5684
   2038.0929 1998.537  1961.7004]
  [2402.7227 2347.1243 2292.0596 2238.1318 2185.878  2135.7324 2088.0017
   2042.8624 2000.375  1960.516 ]
  [2413.5615 2359.319  2304.7231 2250.3452 2196.7637 2144.5288 2094.121
   2045.9286 2000.2285 1957.1929]
  [2424.0125 2371.0403 2316.7617 2261.7412 2206.6328 2152.1362 2098.9375
   2047.6509 1998.7736 1952.6633]
  [2433.3386 2381.4885 2327.4282 2271.7407 2215.169  2158.5645 2102.8037
   2048.7043 1996.9519 1948.0638]
  [2440.9077 2390.0083 2336.1504 2279.9478 2222.226  2163.9546 2106.151
   2049.7783 1995.6616 1944.439 ]
  [2446.1729 2396.059  2342.4663 2286.0422 2227.667  2168.371  2109.2434
   2051.3203 1995.5038 1942.5082]
  [2448.6633 2399.1943 2345.9868 2289.7153 2231.2717 2171.691  2112.0562
   2053.4053 1996.6536 1942.5436]
  [2448.0002 2399.0735 2346.4036 2290.6733 2232.7493 2173.6152 2114.2905
   2055.7515 1998.8682 1944.3666]]]
"""
