raw_data = """
[[[1979.1024 1914.4393 1852.5835 1794.2319 1739.9333 1690.0789 1644.9056
   1604.5099 1568.8646 1537.8473]
  [1960.2137 1895.9482 1834.6869 1777.2094 1724.1178 1675.8169 1632.5118
   1594.2258 1560.8312 1532.0924]
  [1942.1556 1879.148  1819.3038 1763.4515 1712.2167 1665.991  1624.9258
   1588.9568 1557.8496 1531.2626]
  [1925.3868 1864.5515 1807.0013 1753.5657 1704.8503 1661.1967 1622.6782
   1589.1327 1560.2263 1535.5315]
  [1910.6102 1852.8367 1798.425  1748.151  1702.5482 1661.8689 1626.0869
   1594.9427 1568.0228 1544.8499]
  [1898.7365 1844.7988 1794.2365 1747.7153 1705.6497 1668.173  1635.1495
   1606.2379 1580.978  1558.887 ]
  [1890.7622 1841.2255 1794.9825 1752.5479 1714.187  1679.9021 1649.461
   1622.4705 1598.4667 1577.004 ]
  [1887.5697 1842.708  1800.9319 1762.5859 1727.7843 1696.4154 1668.1853
   1642.693  1619.5146 1598.2765]
  [1889.7024 1849.4407 1811.9128 1777.3038 1745.6066 1716.641  1690.1033
   1665.6339 1642.8848 1621.5697]
  [1897.1743 1861.0745 1827.223  1795.6882 1766.3987 1739.1682 1713.7412
   1689.8405 1667.2126 1645.6582]]

 [[2017.2965 1952.2399 1889.9497 1831.1737 1776.5054 1726.3729 1681.0411
   1640.6221 1605.0924 1574.3208]
  [1999.8546 1935.2699 1873.6272 1815.7578 1762.3097 1713.7238 1670.2303
   1631.8623 1598.4897 1569.8617]
  [1983.5608 1920.3275 1860.155  1803.9216 1752.2974 1705.7095 1664.3329
   1628.1119 1596.8092 1570.0682]
  [1968.8878 1907.9357 1850.1047 1796.2665 1747.0684 1702.8873 1663.8226
   1629.7275 1600.2734 1575.0319]
  [1956.5208 1898.743  1844.078  1793.3326 1747.0784 1705.6057 1668.9246
   1636.8065 1608.8661 1584.6492]
  [1947.3079 1893.4537 1842.6196 1795.4912 1752.5188 1713.8813 1679.4996
   1649.091  1622.2561 1598.5677]
  [1942.1163 1892.6874 1846.0763 1802.8108 1763.196  1727.2981 1694.97
   1665.9136 1639.7625 1616.159 ]
  [1941.619  1896.7811 1854.4326 1814.9335 1778.453  1744.972  1714.316
   1686.2163 1660.3771 1636.5348]
  [1946.0726 1905.6102 1867.184  1831.0121 1797.1711 1765.607  1736.1681
   1708.6531 1682.858  1658.6138]
  [1955.1604 1918.4896 1883.3123 1849.7611 1817.8835 1787.6505 1758.979
   1731.7585 1705.8757 1681.2357]]

 [[2058.371  1993.4996 1931.3131 1872.5929 1817.9677 1767.8966 1722.6703
   1682.4172 1647.1207 1616.6421]
  [2043.0697 1978.7767 1917.3075 1859.5231 1806.1029 1757.5182 1714.0212
   1675.6606 1642.3087 1613.7069]
  [2029.2345 1966.397  1906.4431 1850.2732 1798.5859 1751.8365 1710.2255
   1673.7148 1642.0776 1614.9591]
  [2017.3077 1956.8424 1899.2354 1845.3727 1795.9248 1751.3009 1711.6339
   1676.8104 1646.5316 1620.3925]
  [2007.9022 1950.666  1896.1719 1845.2296 1798.4331 1756.1141 1718.3359
   1684.9309 1655.5745 1629.8694]
  [2001.7336 1948.4126 1897.6136 1850.0189 1806.107  1766.1167 1730.0519
   1697.7288 1668.848  1643.0731]
  [1999.4719 1950.4672 1903.6522 1859.5515 1818.5155 1780.698  1746.0734
   1714.4816 1685.6927 1659.4672]
  [2001.5236 1956.8726 1913.9677 1873.182  1834.7572 1798.7964 1765.283
   1734.1167 1705.1616 1678.2847]
  [2007.8351 1967.1864 1927.7567 1889.8075 1853.5217 1818.9998 1786.2717
   1755.3195 1726.1003 1698.571 ]
  [2017.7916 1980.4537 1943.7805 1907.987  1873.2579 1839.7384 1807.5322
   1776.7021 1747.2799 1719.2778]]

 [[2102.1382 2038.0316 1976.4976 1918.3326 1864.1857 1814.5405 1769.7076
   1729.83   1694.8943 1664.7511]
  [2089.6484 2026.264  1965.5374 1908.3348 1855.3502 1807.0732 1763.7758
   1725.5206 1692.1874 1663.5135]
  [2078.9246 2017.1116 1957.9364 1902.2938 1850.8893 1804.1963 1762.4386
   1725.6049 1693.4907 1665.7585]
  [2070.3271 2010.9506 1954.0808 1900.585  1851.138  1806.172  1765.8604
   1730.1401 1698.766  1671.383 ]
  [2064.3281 2008.1688 1954.2698 1903.4142 1856.203  1813.0089 1773.9645
   1738.9907 1707.8574 1680.2532]
  [2061.4453 2009.0818 1958.6182 1910.7095 1865.8556 1824.3656 1786.3529
   1751.7656 1720.439  1692.1572]
  [2062.0889 2013.7936 1966.9337 1922.0209 1879.4531 1839.4922 1802.2623
   1767.7744 1735.9642 1706.7328]
  [2066.3696 2022.0448 1978.6166 1936.4712 1895.9346 1857.2527 1820.59
   1786.04   1753.6436 1723.4127]
  [2073.9443 2033.1296 1992.6484 1952.813  1913.923  1876.2468 1840.0078
   1805.38   1772.4896 1741.4266]
  [2083.978  2045.9314 2007.7023 1969.5907 1931.9205 1895.0093 1859.1427
   1824.5553 1791.422  1759.8667]]

 [[2148.3223 2085.5356 2025.1881 1968.0746 1914.8505 1866.0106 1821.8772
   1782.5973 1748.1517 1718.3729]
  [2139.251  2077.3638 2017.9316 1961.8031 1909.6666 1862.0159 1819.1322
   1781.0881 1747.7688 1718.9106]
  [2132.1968 2072.002  2014.1449 1959.4847 1908.7119 1862.3027 1820.5005
   1783.3218 1750.5952 1722.015 ]
  [2127.3826 2069.6558 2014.0101 1961.2634 1912.0721 1866.8826 1825.911
   1789.1581 1756.4518 1727.5093]
  [2125.08   2070.481  2017.5714 1967.0807 1919.6005 1875.5424 1835.1201
   1798.364  1765.1635 1735.319 ]
  [2125.5496 2074.5132 2024.661  1976.6016 1930.8499 1887.7905 1847.664
   1810.573  1776.5123 1745.4064]
  [2128.9072 2081.5596 2034.8127 1989.154  1945.0319 1902.8243 1862.822
   1825.2247 1790.1495 1757.6521]
  [2134.9746 2091.0989 2047.2166 2003.7267 1961.0413 1919.5552 1879.6224
   1841.5361 1805.5226 1771.7441]
  [2143.1807 2102.252  2060.7568 2019.0576 1977.5676 1936.7177 1896.9196
   1858.536  1821.8641 1787.1302]
  [2152.581  2113.8708 2074.1538 2033.8076 1993.2781 1953.0376 1913.5381
   1875.1755 1838.2682 1803.0577]]

 [[2196.5645 2135.5977 2076.9321 2021.3433 1969.4768 1921.8229 1878.6971
   1840.234  1806.3925 1776.9745]
  [2191.4067 2131.5425 2073.9102 2019.3165 1968.4236 1921.7109 1879.4539
   1841.7227 1808.402  1779.2288]
  [2188.4375 2130.3806 2074.3232 2021.0625 1971.2501 1925.3484 1883.609
   1846.0756 1812.615  1782.9646]
  [2187.6885 2132.086  2078.087  2026.433  1977.7407 1932.4586 1890.844
   1852.9674 1818.7451 1787.9841]
  [2189.183  2136.5361 2084.9507 2035.078  1987.4862 1942.6215 1900.7825
   1862.1216 1826.6619 1794.3345]
  [2192.892  2143.4702 2094.4646 2046.4233 1999.8689 1955.2621 1912.9749
   1873.2751 1836.3275 1802.2089]
  [2198.6401 2152.4258 2105.9443 2059.6553 2014.0521 1969.6288 1926.8431
   1886.0845 1847.6562 1811.7725]
  [2206.0066 2162.6934 2118.47   2073.7437 2029.0061 1984.7931 1941.6385
   1900.0298 1860.3754 1822.9911]
  [2214.2803 2173.3323 2130.9497 2087.5332 2043.5948 1999.7103 1956.4628
   1914.3932 1873.9633 1835.54  ]
  [2222.5178 2183.277  2142.2563 2099.8887 2056.7178 2013.3442 1970.3665
   1928.3287 1887.6913 1848.8193]]

 [[2246.422  2187.7036 2131.1562 2077.521  2027.4153 1981.3025 1939.4681
   1902.0098 1868.8436 1839.7312]
  [2245.5293 2188.1238 2132.719  2080.0605 2030.7616 1985.2653 1943.8203
   1906.4796 1873.1191 1843.4779]
  [2246.8809 2191.3733 2137.5054 2085.9893 2037.4165 1992.2169 1950.6376
   1912.7437 1878.4419 1847.5255]
  [2250.28   2197.1558 2145.1267 2094.8389 2046.8523 2001.6049 1959.3887
   1920.3467 1884.4893 1851.7273]
  [2255.477  2205.0552 2155.038  2105.9878 2058.4375 2012.8605 1969.639
   1929.0469 1891.2491 1856.3125]
  [2262.1597 2214.5396 2166.5557 2118.691  2071.4683 2025.4185 1981.0402
   1938.7627 1898.9188 1861.7383]
  [2269.901  2224.9424 2178.8643 2132.0942 2085.1646 2038.6748 1993.2369
   1949.4194 1907.7036 1868.4584]
  [2278.1106 2235.461  2191.0393 2145.256  2098.669  2051.937  2005.7554
   1960.7893 1917.6178 1876.706 ]
  [2286.0315 2245.1914 2202.1084 2157.2087 2111.082  2064.4236 2017.9663
   1972.4115 1928.3772 1886.3673]
  [2292.8064 2253.2266 2211.1558 2167.0603 2121.5542 2075.3394 2029.1383
   1983.6324 1939.4178 1896.9843]]

 [[2297.393  2241.263  2187.192  2135.8699 2087.8657 2043.5895 2003.2675
   1966.9343 1934.4463 1905.5187]
  [2300.9453 2246.3208 2193.4675 2143.0527 2095.6187 2051.548  2011.0425
   1974.1213 1940.6473 1910.3688]
  [2306.6577 2253.974  2202.5615 2153.0308 2105.8945 2061.5337 2020.1788
   1981.9095 1946.6768 1914.3385]
  [2314.0854 2263.645  2213.7817 2165.0342 2117.895  2072.7822 2030.0159
   1989.8087 1952.2686 1917.4152]
  [2322.7175 2274.6514 2226.3352 2178.2373 2130.8523 2084.6733 2040.1589
   1997.7003 1957.5973 1920.0526]
  [2331.998  2286.2515 2239.3872 2191.8225 2144.0781 2096.7466 2050.441
   2005.7362 1963.1226 1922.9734]
  [2341.3186 2297.6653 2252.0918 2204.995  2156.94   2108.6157 2060.7686
   2014.1265 1969.3298 1926.8901]
  [2350.0017 2308.0852 2263.6077 2216.9775 2168.8062 2119.8535 2070.9517
   2022.9196 1976.4897 1932.2616]
  [2357.318  2316.7139 2273.1357 2227.0254 2179.0286 2129.9375 2080.609
   2031.8843 1984.5211 1939.1512]
  [2362.5474 2322.8325 2279.984  2234.4822 2186.989  2138.2856 2089.1987
   2040.5298 1993.0001 1947.2198]]

 [[2348.9355 2295.6365 2244.3032 2195.5586 2149.8982 2107.6516 2068.959
   2033.7721 2001.8787 1972.9541]
  [2356.9314 2305.2817 2255.1792 2207.194  2161.7798 2119.2393 2079.7104
   2043.1718 2009.4749 1978.3884]
  [2366.8496 2317.1133 2268.276  2220.8381 2175.2222 2131.7515 2090.6313
   2051.9565 2015.7244 1981.8668]
  [2378.0068 2330.2952 2282.646  2235.4905 2189.2515 2144.3237 2101.0518
   2059.7146 2020.5148 1983.5813]
  [2389.6714 2343.9421 2297.332  2250.2231 2203.0737 2156.3948 2110.713
   2066.525  2024.2544 1984.2286]
  [2401.1138 2357.1921 2311.4502 2264.2505 2216.1145 2167.6875 2119.6807
   2072.7954 2027.6562 1984.7644]
  [2411.6233 2369.2388 2324.2114 2276.9158 2227.9448 2178.062  2128.1255
   2078.9941 2031.4429 1986.1047]
  [2420.51   2379.342  2334.9165 2287.6416 2238.1704 2187.3442 2136.1055
   2085.399  2036.0833 1988.874 ]
  [2427.1213 2386.8442 2342.9536 2295.9    2246.3713 2195.2341 2143.4446
   2091.959  2041.6519 1993.2646]
  [2430.8887 2391.2112 2347.8313 2301.235  2252.1162 2201.3167 2149.746
   2098.3071 2047.8301 1999.0287]]

 [[2400.5    2350.1702 2301.7205 2255.691  2212.481  2172.317  2135.2363
   2101.1006 2069.6353 2040.4924]
  [2412.7578 2364.1406 2316.8418 2271.3252 2227.9424 2186.9062 2148.2861
   2112.0244 2077.9707 2045.9294]
  [2426.5493 2379.7263 2333.4277 2288.041  2243.901  2201.2705 2160.3352
   2121.2075 2083.9385 2048.537 ]
  [2440.9915 2395.8938 2350.3572 2304.7144 2259.3284 2214.5752 2170.8257
   2128.4216 2087.6548 2048.754 ]
  [2455.1968 2411.6409 2366.6143 2320.4304 2273.5215 2226.4202 2179.7136
   2133.9883 2089.7751 2047.5066]
  [2468.3406 2426.0767 2381.362  2334.524  2286.0903 2236.7544 2187.3086
   2138.556  2091.2288 2045.9309]
  [2479.6882 2438.447  2393.9365 2346.5234 2296.828  2245.6768 2194.0137
   2142.7983 2092.9092 2045.0743]
  [2488.5933 2448.1218 2403.803  2356.0518 2305.557  2253.224  2200.0776
   2147.1567 2095.416  2045.6597]
  [2494.506  2454.5903 2410.5234 2362.7654 2312.0378 2259.2622 2205.4697
   2151.7012 2098.9216 2047.9572]
  [2497.0007 2457.4768 2413.767  2366.36   2315.9734 2263.4922 2209.8904
   2156.147  2103.1765 2051.7783]]]
"""
