raw_data = """
[[[1850.6782 1780.3696 1713.3605 1650.3817 1592.0022 1538.6238 1490.4893
   1447.696  1410.2179 1377.9298]
  [1827.0731 1756.5731 1689.5942 1626.9703 1569.3441 1517.1492 1470.6123
   1429.7722 1394.5128 1364.603 ]
  [1804.4298 1734.589  1668.4435 1606.9028 1550.6578 1500.1544 1455.5874
   1416.9272 1383.9646 1356.3649]
  [1783.2687 1715.0106 1650.5791 1590.9125 1536.7136 1488.4084 1446.142
   1409.8087 1379.11   1353.623 ]
  [1764.355  1698.605  1636.7648 1579.7498 1528.225  1482.5626 1442.8376
   1408.8666 1380.2758 1356.5789]
  [1748.6631 1686.2606 1627.7899 1574.0896 1525.7405 1483.0273 1445.9429
   1414.2325 1387.4697 1365.1392]
  [1737.2528 1678.8606 1624.3376 1574.4003 1529.5098 1489.8457 1455.3176
   1425.6182 1400.3004 1378.857 ]
  [1731.0735 1677.0953 1626.8116 1580.7891 1539.3574 1502.5929 1470.3417
   1442.2737 1417.9573 1396.9291]
  [1730.7423 1681.2601 1635.1647 1592.8751 1554.6016 1520.3462 1489.9266
   1463.03   1439.2727 1418.2605]
  [1736.3531 1691.0977 1648.7936 1609.7393 1574.067  1541.7496 1512.6235
   1486.4296 1462.8568 1441.5872]]

 [[1896.5714 1825.2484 1757.1526 1693.0851 1633.6823 1579.4053 1530.5444
   1487.2299 1449.4518 1417.082 ]
  [1874.0603 1802.5764 1734.5287 1670.8281 1612.1912 1559.1135 1511.8682
   1470.5214 1434.9617 1404.9429]
  [1852.7677 1782.0018 1714.8188 1652.2087 1594.9409 1543.5255 1498.2037
   1458.9683 1425.607  1397.7617]
  [1833.247  1764.1544 1698.7292 1637.9924 1582.7249 1533.4202 1490.2699
   1453.1902 1421.8785 1395.8877]
  [1816.278  1749.808  1687.0245 1628.9193 1576.2361 1529.4153 1488.5828
   1453.5825 1424.045  1399.4708]
  [1802.8135 1739.8091 1680.4315 1625.5867 1575.9309 1531.8214 1493.3103
   1460.1848 1432.0421 1408.3743]
  [1793.8323 1734.9247 1679.4867 1628.292  1581.877  1540.5007 1504.1486
   1472.578  1445.3912 1422.1171]
  [1790.1211 1735.6388 1684.3508 1636.879  1593.6323 1554.7815 1520.2698
   1489.8593 1463.195  1439.8739]
  [1792.0459 1741.9539 1694.6599 1650.6437 1610.2108 1573.4761 1540.3796
   1510.7225 1484.2183 1460.547 ]
  [1799.3837 1753.2767 1709.4747 1668.3551 1630.1667 1595.0173 1562.8824
   1533.628  1507.0455 1482.8914]]

 [[1946.3547 1874.6165 1805.977  1741.2944 1681.2646 1626.4066 1577.06
   1533.3926 1495.4127 1462.9907]
  [1925.7075 1853.8744 1785.3204 1721.0175 1661.7435 1608.0547 1560.273
   1518.496  1482.6244 1452.3993]
  [1906.5388 1835.4989 1767.8395 1704.6097 1646.6444 1594.5156 1548.5143
   1508.6631 1474.7592 1446.429 ]
  [1889.3916 1820.105  1754.2169 1692.805  1636.7163 1586.509  1542.4287
   1504.4269 1472.2157 1445.3414]
  [1875.0055 1808.4124 1745.1516 1686.2655 1632.5634 1584.5566 1542.4344
   1506.0907 1475.1868 1449.2369]
  [1864.2462 1801.1567 1741.2394 1685.4435 1634.4929 1588.8252 1548.5734
   1513.5973 1483.552  1457.971 ]
  [1857.9432 1798.9221 1742.808  1690.4166 1642.3575 1598.986  1560.3917
   1526.4332 1496.8008 1471.0927]
  [1856.6587 1801.9321 1749.7395 1700.7494 1655.4591 1614.1553 1576.9116
   1543.6172 1514.0295 1487.8354]
  [1860.4717 1809.882  1761.3608 1715.4519 1672.5682 1632.9637 1596.727
   1563.8022 1534.0266 1507.1761]
  [1868.855  1821.8837 1776.4681 1733.0751 1692.0818 1653.7489 1618.2073
   1585.4647 1555.4304 1527.9495]]

 [[1999.923  1928.4011 1859.804  1795.0287 1734.8201 1679.7488 1630.2017
   1586.3812 1548.312  1515.8575]
  [1981.9248 1910.4183 1841.973  1777.596  1718.113  1664.1317 1616.0192
   1573.9056 1537.703  1507.1428]
  [1965.6531 1895.0371 1827.5181 1764.1761 1705.8912 1653.287  1606.7021
   1566.1954 1531.5797 1502.4797]
  [1951.5879 1882.7936 1817.0277 1755.3904 1698.7733 1647.7906 1602.7446
   1563.6351 1530.207  1502.0239]
  [1940.3611 1874.2792 1811.0521 1751.74   1697.1974 1648.0015 1604.4165
   1566.4069 1533.6956 1505.8427]
  [1932.6791 1870.0432 1809.985  1753.4685 1701.2706 1653.9121 1611.6259
   1574.375  1541.9081 1513.8375]
  [1929.1525 1870.4244 1813.8972 1760.4056 1710.6277 1665.0248 1623.8168
   1586.9968 1554.3792 1525.6665]
  [1930.0753 1875.3632 1822.3912 1771.8644 1724.3687 1680.3231 1639.9558
   1603.313  1570.295  1540.7069]
  [1935.2415 1884.2761 1834.5464 1786.6562 1741.1316 1698.376  1658.645
   1622.0459 1588.5604 1558.0823]
  [1943.8793 1896.0726 1849.0121 1803.2505 1759.2941 1717.5577 1678.3331
   1641.7798 1607.9374 1576.7554]]

 [[2057.0603 1986.3885 1918.4368 1854.1218 1794.2222 1739.348  1689.9232
   1646.1748 1608.1318 1575.6414]
  [2042.4607 1971.9645 1904.2628 1840.3732 1781.1481 1727.2296 1679.0193
   1636.6713 1600.1058 1569.0442]
  [2029.8008 1960.3146 1893.5737 1830.6577 1772.4647 1719.6527 1672.5989
   1631.3961 1595.8801 1565.6876]
  [2019.4362 1951.8231 1886.7795 1825.3928 1768.5707 1716.966  1670.9349
   1630.5343 1595.561  1565.6232]
  [2011.8213 1946.876  1884.203  1824.8414 1769.6664 1719.3099 1674.1158
   1634.1405 1599.1959 1568.9236]
  [2007.4324 1945.7693 1885.9733 1828.991  1775.6332 1726.5011 1681.9413
   1642.0458 1606.691  1575.6034]
  [2006.6099 1948.5596 1891.8901 1837.433  1785.9238 1737.9344 1693.8306
   1653.767  1617.7131 1585.5073]
  [2009.3676 1954.9165 1901.3198 1849.3025 1799.5353 1752.5731 1708.812
   1668.4762 1631.6332 1598.2297]
  [2015.2561 1964.0555 1913.1989 1863.3387 1815.108  1769.0581 1725.6167
   1685.0663 1647.5497 1613.0968]
  [2023.3599 1974.8079 1926.1703 1878.0728 1831.1359 1785.9178 1742.868
   1702.3007 1664.398  1629.2311]]

 [[2117.4275 2048.2114 1981.4966 1918.2009 1859.1172 1804.8757 1755.9169
   1712.4702 1674.5518 1641.9777]
  [2106.8875 2038.0508 1971.7125 1908.8723 1850.3832 1796.8976 1748.831
   1706.3456 1669.3595 1637.5857]
  [2098.432  2030.7379 1965.39   1903.4299 1845.7452 1793.0011 1745.5969
   1703.6527 1667.0327 1635.4014]
  [2092.2317 2026.4341 1962.6804 1902.0066 1845.3032 1793.2415 1746.221
   1704.3604 1667.528  1635.404 ]
  [2088.5    2025.2532 1963.6146 1904.5677 1848.9791 1797.5206 1750.6152
   1708.4246 1670.8778 1637.7308]
  [2087.4326 2027.195  1968.0304 1910.8386 1856.4434 1805.5175 1758.5275
   1715.713  1677.1053 1642.5752]
  [2089.079  2032.036  1975.4823 1920.2255 1867.0431 1816.6128 1769.4537
   1725.8967 1686.0905 1650.0314]
  [2093.1982 2039.2323 1985.1868 1931.7928 1879.7931 1829.8715 1782.5944
   1738.3737 1697.4589 1659.9563]
  [2099.1772 2047.9017 1996.0612 1944.3422 1893.4668 1844.124  1796.908
   1752.2797 1710.5535 1671.9089]
  [2106.0708 2056.9246 2006.8707 1956.5839 1906.7769 1858.1337 1811.2505
   1766.5977 1724.507  1685.1852]]

 [[2180.5562 2113.3423 2048.4163 1986.6763 1928.905  1875.7257 1827.5634
   1784.6216 1746.8784 1714.1078]
  [2174.5947 2107.993  2043.5806 1982.3121 1925.0098 1872.3062 1824.6011
   1782.0433 1744.5408 1711.803 ]
  [2170.7563 2105.424  2042.0072 1981.4779 1924.6781 1872.2516 1824.5969
   1781.8533 1743.919  1710.5061]
  [2168.974  2105.5156 2043.5295 1983.9667 1927.6698 1875.3018 1827.2953
   1783.8334 1744.8717 1710.1901]
  [2169.1794 2108.0725 2047.8586 1989.4352 1933.6345 1881.1508 1832.4827
   1787.9065 1747.4885 1711.1241]
  [2171.269  2112.7969 2054.5596 1997.3861 1942.0945 1889.418  1839.9413
   1794.061  1751.9799 1713.7332]
  [2175.0208 2119.23   2063.0112 2007.1307 1952.3942 1899.574  1849.3381
   1802.1995 1758.4939 1718.39  ]
  [2180.0002 2126.6997 2072.3857 2017.78   1963.6809 1910.8881 1860.13
   1812.0029 1766.9437 1725.2264]
  [2185.523  2134.336  2081.696  2028.3058 1974.9565 1922.4564 1871.5542
   1822.8835 1776.932  1734.035 ]
  [2190.7148 2141.1665 2089.9185 2037.672  1985.2072 1933.3141 1882.7217
   1834.0518 1787.7883 1744.2803]]

 [[2245.857  2181.108  2118.4512 2058.7441 2002.7301 1950.9895 1903.8953
   1861.5923 1824.0002 1790.8484]
  [2244.805  2180.9001 2118.8765 2059.6147 2003.8735 1952.2313 1905.0425
   1862.422  1824.2631 1790.2852]
  [2245.7705 2183.228  2122.1538 2063.421  2007.7943 1955.8677 1908.0201
   1864.4015 1824.9535 1789.4574]
  [2248.4185 2187.6602 2127.7773 2069.6094 2013.9257 1961.362  1912.3728
   1867.2076 1825.9227 1788.419 ]
  [2252.3877 2193.6956 2135.1592 2077.5706 2021.7107 1968.2831 1917.8553
   1870.8226 1827.3973 1787.6313]
  [2257.2996 2200.784  2143.6587 2086.6714 2030.6208 1976.2908 1924.3763
   1875.4291 1829.8268 1787.7748]
  [2262.715  2208.309  2152.5767 2096.234  2040.1024 1985.0369 1931.8423
   1881.2041 1833.6409 1789.4933]
  [2268.0867 2215.5679 2161.142  2105.5125 2049.5176 1994.0568 1940.0018
   1888.1229 1839.0328 1793.1704]
  [2272.7456 2221.788  2168.543  2113.7139 2058.143  2002.7361 1948.3795
   1895.8654 1845.8448 1798.805 ]
  [2275.959  2226.204  2174.0076 2120.078  2065.242  2010.3754 1956.3254
   1903.8516 1853.5848 1806.0123]]

 [[2312.6392 2250.7102 2190.7002 2133.4011 2079.4858 2029.4535 1983.5905
   1941.9563 1904.4036 1870.624 ]
  [2316.604  2255.7153 2196.4004 2139.4434 2085.5098 2035.0924 1988.4766
   1945.7327 1906.7441 1871.2587]
  [2322.3137 2262.81   2204.3179 2147.5908 2093.293  2041.9487 1993.905
   1949.3235 1908.1991 1870.4025]
  [2329.1577 2271.2617 2213.6355 2156.9937 2102.0186 2049.3096 1999.337
   1952.4191 1908.7208 1868.276 ]
  [2336.512  2280.3135 2223.539  2166.8718 2111.0352 2056.7358 2004.606
   1955.1548 1908.7411 1865.572 ]
  [2343.7808 2289.244  2233.2837 2176.5674 2119.8735 2064.0264 2009.8219
   1957.9535 1908.9623 1863.2156]
  [2350.3896 2297.3745 2242.1917 2185.5105 2128.1624 2071.0706 2015.1592
   1961.2657 1910.0737 1862.0807]
  [2355.759  2304.0552 2249.6274 2193.1582 2135.516  2077.6804 2020.6461
   1965.3303 1912.5033 1862.75  ]
  [2359.3005 2308.6663 2254.99   2198.9688 2141.4812 2083.5122 2026.0597
   1970.0535 1916.287  1865.384 ]
  [2360.4575 2310.6626 2257.7544 2202.437  2145.5688 2088.0913 2030.9508
   1975.026  1921.0776 1869.7192]]

 [[2380.1409 2321.2607 2264.1387 2209.478  2157.8486 2109.6394 2065.025
   2023.9697 1986.264  1951.5848]
  [2388.9927 2331.2678 2274.8079 2220.2786 2168.23   2119.0522 2072.9521
   2029.9585 1989.9589 1952.7507]
  [2399.1387 2342.7227 2286.855  2232.1587 2179.1885 2128.394  2080.0918
   2034.4608 1991.5618 1951.3658]
  [2409.7224 2354.6414 2299.2285 2244.0771 2189.7854 2136.916  2085.9592
   2037.3031 1991.2225 1947.881 ]
  [2419.9197 2366.0974 2310.998  2255.2095 2199.403  2144.2915 2090.567
   2038.8438 1989.6133 1943.2242]
  [2429.0012 2376.2998 2321.4253 2264.981  2207.7285 2150.5298 2094.2666
   2039.7532 1987.6704 1938.5253]
  [2436.3418 2384.599  2329.9395 2272.9976 2214.6145 2155.7695 2097.4832
   2040.7163 1986.2866 1934.8229]
  [2441.401  2390.4585 2336.0823 2278.939  2219.9219 2160.0718 2100.478
   2042.1749 1986.0581 1932.8319]
  [2443.71   2393.432  2339.4624 2282.4932 2223.4277 2163.309  2103.2217
   2044.2014 1987.1564 1932.8213]
  [2442.8916 2393.178  2339.77   2283.3633 2224.8364 2165.1797 2105.413
   2046.5104 1989.337  1934.6116]]]
"""
