raw_data = """
[[[1673.093  1597.0061 1525.0468 1457.9519 1396.2753 1340.3883 1290.4921
   1246.6375 1208.75   1176.654 ]
  [1646.1559 1569.4141 1497.0709 1429.9814 1368.7805 1313.8755 1265.4548
   1223.5142 1187.8928 1158.3116]
  [1620.388  1543.8372 1471.9031 1405.5305 1345.418  1291.9932 1245.4231
   1205.6416 1172.399  1145.3115]
  [1596.3265 1520.9034 1450.2599 1385.3934 1327.0312 1275.5999 1231.2288
   1193.7856 1162.9329 1138.19  ]
  [1574.7451 1501.4062 1432.956  1370.3927 1314.4315 1265.4656 1223.5707
   1188.5444 1159.9688 1137.283 ]
  [1556.6198 1486.2623 1420.8383 1361.2953 1308.2902 1262.152  1222.8867
   1190.2219 1163.675  1142.6311]
  [1543.0193 1476.3936 1414.665  1358.683  1309.0071 1265.8779 1229.224
   1198.7119 1173.8176 1153.907 ]
  [1534.9236 1472.5549 1414.941  1362.8003 1316.5737 1276.403  1242.1464
   1213.4299 1189.7197 1170.4011]
  [1533.0189 1475.1403 1421.7485 1373.4193 1330.474  1292.9685 1260.7139
   1233.3281 1210.3027 1191.0753]
  [1537.5126 1484.0249 1434.6274 1389.7659 1349.6663 1314.3307 1283.561
   1257.0033 1234.2052 1214.6768]]

 [[1723.128  1645.0652 1571.0647 1501.9673 1438.4244 1380.8927 1329.641
   1284.7657 1246.2123 1213.7974]
  [1696.6593 1617.9255 1543.53   1474.4425 1411.4062 1354.9193 1305.2361
   1262.3888 1226.2194 1196.4207]
  [1671.5688 1593.0547 1519.088  1450.7401 1388.8259 1333.8684 1286.0964
   1245.4695 1211.7242 1184.4296]
  [1648.4564 1571.1505 1498.5338 1431.7354 1371.6044 1318.6632 1273.0989
   1234.7943 1203.3846 1178.3284]
  [1628.1515 1553.0632 1482.7366 1418.3013 1360.5934 1310.0997 1266.9487
   1230.9456 1201.6389 1178.405 ]
  [1611.6616 1539.7269 1472.5469 1411.1924 1356.435  1308.6926 1268.0203
   1234.1526 1206.5784 1184.6316]
  [1600.0337 1532.0125 1468.6416 1410.8813 1359.3977 1314.5139 1276.2095
   1244.167  1217.8507 1196.5989]
  [1594.1456 1530.5259 1471.3357 1417.3909 1369.23   1327.0773 1290.8507
   1260.2104 1234.636  1213.514 ]
  [1594.4816 1535.41   1480.4192 1430.1744 1385.0931 1345.3206 1310.7417
   1281.0314 1255.7205 1234.2725]
  [1600.9556 1546.2095 1495.0806 1448.1063 1405.6157 1367.7125 1334.2893
   1305.0662 1279.6481 1257.585 ]]

 [[1778.0337 1698.5729 1623.0342 1552.3525 1487.2776 1428.357  1375.936
   1330.1632 1291.0073 1258.2771]
  [1752.8363 1672.7201 1596.7904 1526.1227 1461.5671 1403.7167 1352.9005
   1309.1934 1272.4446 1242.3187]
  [1729.2291 1649.3767 1573.8965 1503.9735 1440.5358 1384.205  1335.2806
   1293.7551 1259.3572 1231.6116]
  [1707.8378 1629.2695 1555.178  1486.8077 1425.1254 1370.7517 1323.9408
   1284.5999 1252.3468 1226.5898]
  [1689.5015 1613.2548 1541.5037 1475.4913 1416.1686 1364.1198 1319.5369
   1282.2466 1251.782  1227.4758]
  [1675.2036 1602.2246 1533.6658 1470.7035 1414.2185 1364.723  1322.3369
   1286.8232 1257.6692 1234.1863]
  [1665.9077 1596.9327 1532.1951 1472.7482 1419.361  1372.4503 1332.0686
   1297.9436 1269.5627 1246.273 ]
  [1662.3251 1597.7778 1537.1638 1481.3844 1431.0779 1386.5676 1347.8577
   1314.6777 1286.5588 1262.9265]
  [1664.6881 1604.6107 1548.0472 1495.7465 1448.2303 1405.7533 1368.3042
   1335.6472 1307.388  1283.0503]
  [1672.603  1616.6531 1563.7128 1514.412  1469.1936 1428.2821 1391.6847
   1359.223  1330.5853 1305.3889]]

 [[1837.8567 1757.6528 1681.1636 1609.4056 1543.2196 1483.2439 1429.901
   1383.3936 1343.7107 1310.6465]
  [1814.7987 1734.0015 1657.1571 1585.4269 1519.7574 1460.8352 1409.0634
   1364.5605 1327.1827 1296.5632]
  [1793.5392 1713.0775 1636.713  1565.7192 1501.1234 1443.6406 1393.6409
   1351.153  1315.9019 1287.374 ]
  [1774.6791 1695.578  1620.6207 1551.1396 1488.1998 1432.5151 1384.4077
   1343.817  1310.3579 1283.4067]
  [1759.005  1682.2938 1609.6722 1542.4653 1481.7198 1428.1119 1381.9028
   1342.9589 1310.822  1284.8142]
  [1747.4059 1674.     1604.5233 1540.2251 1482.0789 1430.6886 1386.2535
   1348.5929 1317.2285 1291.4924]
  [1740.6892 1671.2643 1605.4954 1544.502  1489.1442 1439.9381 1397.0303
   1360.231  1329.0941 1303.0205]
  [1739.3434 1674.2292 1612.3867 1554.7812 1502.1473 1454.9193 1413.2155
   1376.8728 1345.518  1318.6566]
  [1743.3243 1682.4534 1624.381  1569.9299 1519.7267 1474.1498 1433.3182
   1397.1208 1365.2744 1337.3958]
  [1751.9603 1694.8925 1640.1136 1588.3401 1540.1299 1495.8389 1455.6084
   1419.3868 1386.9741 1358.0806]]

 [[1902.518  1822.2764 1745.4916 1673.2429 1606.4486 1545.8278 1491.8716
   1444.8267 1404.6913 1371.234 ]
  [1882.4854 1801.7717 1724.7092 1652.5194 1586.2256 1526.5918 1474.085
   1428.8589 1390.7701 1359.4208]
  [1864.4384 1784.1678 1707.6316 1636.1577 1570.8464 1512.4879 1461.5118
   1417.9788 1381.6156 1351.8851]
  [1848.8932 1770.059  1694.9266 1624.8751 1561.0372 1504.1996 1454.7457
   1412.655  1377.5573 1348.8281]
  [1836.5103 1760.0884 1687.2196 1619.2662 1557.3391 1502.1891 1454.1495
   1413.1449 1378.7611 1350.3534]
  [1828.004  1754.832  1684.9493 1619.6367 1559.9312 1506.5214 1459.6971
   1419.3663 1385.1302 1356.3926]
  [1823.9598 1754.6106 1688.1808 1625.8208 1568.4608 1516.7178 1470.854
   1430.8007 1396.2262 1366.635 ]
  [1824.6049 1759.2946 1696.4475 1637.0685 1581.9756 1531.7217 1486.5652
   1446.4877 1411.2548 1380.4945]
  [1829.6329 1768.1937 1708.7185 1652.0836 1599.0151 1550.0242 1505.3807
   1465.129  1429.1312 1397.1318]
  [1838.1693 1780.1063 1723.5273 1669.2202 1617.8511 1569.9103 1525.6865
   1485.2759 1448.6168 1415.5382]]

 [[1971.7843 1892.2278 1815.8419 1743.7448 1676.9103 1616.1163 1561.9001
   1514.5287 1473.9912 1440.0186]
  [1955.6195 1875.7759 1799.2344 1727.2439 1660.873  1600.9363 1547.9386
   1502.0509 1463.1212 1430.7244]
  [1941.5793 1862.3201 1786.3627 1715.0481 1649.5104 1590.5823 1538.7318
   1494.0431 1456.2518 1424.8204]
  [1930.0276 1852.2705 1777.6808 1707.6343 1643.2885 1585.472  1534.6161
   1490.7456 1453.5323 1422.3915]
  [1921.422  1846.0393 1773.5582 1705.3279 1642.4807 1585.8185 1535.7449
   1492.2654 1455.0499 1423.5385]
  [1916.2325 1843.933  1774.1554 1708.1632 1647.0231 1591.4945 1541.9695
   1498.4767 1460.7455 1428.3033]
  [1914.7721 1845.9939 1779.2694 1715.7418 1656.3876 1601.9207 1552.7386
   1508.9288 1470.3204 1436.5667]
  [1917.0039 1851.8441 1788.2257 1727.165  1669.5486 1616.0499 1567.0865
   1522.8167 1483.1818 1447.9685]
  [1922.4147 1860.6328 1799.8949 1741.1112 1685.0946 1632.4902 1583.7334
   1539.0463 1498.4653 1461.8893]
  [1930.0326 1871.1304 1812.8555 1756.0452 1701.4612 1649.724  1601.2773
   1556.381  1515.1306 1477.4978]]

 [[2045.245  1967.0775 1891.7886 1820.5085 1754.2346 1693.767  1639.652
   1592.1449 1551.2014 1516.5074]
  [2033.6797 1955.4631 1880.1737 1809.0494 1743.1627 1683.3367 1630.0793
   1583.5536 1543.5923 1509.756 ]
  [2024.2898 1946.8154 1872.1616 1801.6335 1736.3513 1677.1486 1624.5024
   1578.5121 1538.9346 1505.2654]
  [2017.2205 1941.2852 1867.9087 1798.412  1733.928  1675.2913 1622.9645
   1577.0269 1537.2224 1503.0527]
  [2012.665  1938.985  1867.4642 1799.3859 1735.8613 1677.718  1625.428
   1579.0992 1538.5277 1503.2887]
  [2010.7997 1939.9163 1870.6886 1804.3193 1741.8717 1684.1622 1631.6935
   1584.6447 1542.9138 1506.1971]
  [2011.6528 1943.8513 1877.1489 1812.6459 1751.3442 1694.0483 1641.304
   1593.3811 1550.304  1511.9093]
  [2014.9576 1950.2323 1886.058  1823.4375 1763.3107 1706.4695 1653.4984
   1604.7528 1560.3745 1520.333 ]
  [2020.0785 1958.1566 1896.3177 1835.4844 1776.5435 1720.2676 1667.2617
   1617.9384 1572.524  1531.0884]
  [2026.0602 1966.494  1906.6782 1847.4808 1789.7413 1734.2024 1681.4615
   1631.949  1585.9307 1543.5317]]

 [[2122.3032 2046.1705 1972.6376 1902.8132 1837.6772 1778.0071 1724.3113
   1676.7954 1635.3624 1599.6555]
  [2115.8867 2039.9685 1966.5925 1896.9436 1832.0503 1772.6958 1719.3513
   1672.1494 1630.9081 1595.1975]
  [2111.562  2036.5287 1963.8002 1894.5981 1829.9789 1770.7339 1717.3221
   1669.8534 1628.1256 1591.7064]
  [2109.205  2035.6862 1964.064  1895.5555 1831.2251 1771.8795 1718.0021
   1669.7361 1626.9299 1589.2163]
  [2108.7068 2037.225  1967.0961 1899.4961 1835.4801 1775.8806 1721.2374
   1671.7814 1627.4673 1588.0441]
  [2109.942  2040.8517 1972.4917 1905.9723 1842.3297 1782.4266 1726.8811
   1676.0406 1629.9994 1588.6493]
  [2112.6826 2046.1255 1979.6696 1914.3535 1851.1875 1791.061  1734.6696
   1682.4781 1634.7217 1591.4376]
  [2116.501  2052.399  1987.8414 1923.8015 1861.2594 1801.1171 1744.1248
   1690.8376 1641.6036 1596.5842]
  [2120.7314 2058.8289 1996.0529 1933.3251 1871.5911 1811.7401 1754.54
   1700.5907 1650.3092 1603.9409]
  [2124.534  2064.4758 2003.309  1941.914  1881.1919 1821.995  1765.0648
   1710.9973 1660.2275 1613.038 ]]

 [[2202.1836 2128.6313 2057.42   1989.6011 1926.0916 1867.5928 1814.5317
   1767.0333 1724.9388 1687.8652]
  [2201.2183 2128.126  2057.1877 1989.4921 1925.9766 1867.34   1813.9825
   1765.9961 1723.1937 1685.1871]
  [2202.085  2129.962  2059.602  1992.1033 1928.4164 1869.2565 1815.048
   1765.9144 1721.7191 1682.1388]
  [2204.3657 2133.6387 2064.1096 1996.8588 1932.8499 1872.8425 1817.335
   1766.5491 1720.4624 1678.8689]
  [2207.6511 2138.6338 2070.1306 2003.1875 1938.7847 1877.7498 1820.692
   1767.9757 1719.7322 1675.9043]
  [2211.5508 2144.4197 2077.0793 2010.5365 1945.7897 1883.7413 1825.1245
   1770.4578 1720.0367 1673.9573]
  [2215.6465 2150.4316 2084.3342 2018.3251 1953.415  1890.5697 1830.6278
   1774.2418 1721.8511 1673.6906]
  [2219.4346 2156.0327 2091.2075 2025.8987 1961.1171 1897.8605 1837.0306
   1779.3676 1725.4149 1675.515 ]
  [2222.3052 2160.5212 2096.9626 2032.5411 1968.2474 1905.0724 1843.926
   1785.5793 1730.6266 1679.4755]
  [2223.5957 2163.1982 2100.8882 2037.547  1974.1222 1911.5566 1850.7194
   1792.3556 1737.0562 1685.2501]]

 [[2283.9558 2213.3882 2144.917  2079.4985 2017.9406 1960.8274 1908.4696
   1860.898  1817.9005 1779.0962]
  [2288.4502 2218.5193 2150.3433 2084.883  2022.9454 1965.1136 1911.7036
   1862.7671 1818.1348 1777.4923]
  [2294.3174 2225.335  2157.5544 2091.9219 2029.2587 1970.1884 1915.0988
   1864.1404 1817.2633 1774.2783]
  [2300.8525 2233.0322 2165.695  2099.7698 2036.1106 1975.4264 1918.2345
   1864.8455 1815.3788 1769.8019]
  [2307.3936 2240.8535 2173.9924 2107.7266 2042.9615 1980.5203 1921.0823
   1865.1454 1813.0165 1764.8276]
  [2313.3584 2248.1338 2181.7969 2115.2583 2049.4814 1985.4069 1923.8723
   1865.5558 1810.9381 1760.303 ]
  [2318.2288 2254.289  2188.5532 2121.9312 2055.4355 1990.0964 1926.8763
   1866.5916 1809.8622 1757.0981]
  [2321.5083 2258.7764 2193.746  2127.3271 2060.5537 1994.5033 1930.2021
   1868.546  1810.2449 1755.7987]
  [2322.706  2261.0815 2196.8813 2131.005  2064.476  1998.3639 1933.6954
   1871.3813 1812.1641 1756.593 ]
  [2321.3638 2260.7542 2197.5188 2132.5342 2066.7795 2001.2664 1936.9662
   1874.7461 1815.3284 1759.269 ]]]
"""
