raw_data = """
[[[1810.6716 1738.6147 1670.0372 1605.6776 1546.1095 1491.735  1442.7943
   1399.3809 1361.463  1328.9082]
  [1786.0812 1713.6945 1645.0176 1580.8989 1521.9883 1468.723  1421.3298
   1379.8455 1344.1501 1314.0073]
  [1762.4915 1690.6251 1622.6516 1559.4991 1501.8722 1450.2236 1404.7529
   1365.432  1332.0497 1304.2657]
  [1740.4312 1670.0151 1603.6287 1542.236  1486.5602 1437.0402 1393.8313
   1356.8326 1325.7455 1300.1388]
  [1720.6752 1652.6456 1588.7339 1529.8884 1476.8021 1429.8676 1389.1754
   1354.5499 1325.6165 1301.8767]
  [1704.2059 1639.4211 1578.7812 1523.1655 1473.1903 1429.1678 1391.1107
   1358.7732 1331.7249 1309.4313]
  [1692.0934 1631.243  1574.4823 1522.5745 1476.0222 1435.0387 1399.5546
   1369.2695 1343.7267 1322.3927]
  [1685.3024 1628.8254 1576.2726 1528.2627 1485.1709 1447.1073 1413.937
   1385.3333 1360.8467 1339.9802]
  [1684.4714 1632.4916 1584.1404 1539.8896 1499.9956 1464.4896 1433.2042
   1405.8212 1381.9337 1361.1083]
  [1689.7225 1642.016  1597.5146 1556.5676 1519.3473 1485.8497 1455.9176
   1429.279  1405.5948 1384.5061]]

 [[1858.0841 1784.7896 1714.897  1649.2245 1588.419  1532.9501 1483.1112
   1439.0327 1400.7017 1367.9839]
  [1834.456  1760.849  1690.866  1625.4414 1565.3076 1510.9724 1462.715
   1420.6028 1384.5233 1354.2217]
  [1812.0712 1739.0342 1669.7804 1605.3301 1546.4762 1493.7451 1447.3885
   1407.4026 1373.5731 1345.5312]
  [1791.4982 1719.9972 1652.3756 1589.6924 1532.7604 1482.096  1437.9047
   1400.1084 1368.3999 1342.3164]
  [1773.5354 1704.5382 1639.4506 1579.3123 1524.906  1476.7015 1434.8429
   1399.1791 1369.3312 1344.776 ]
  [1759.1573 1693.5345 1631.7742 1574.8379 1523.4288 1477.9381 1438.437
   1404.7155 1376.3542 1352.8123]
  [1749.368  1687.7877 1629.9269 1576.621  1528.4569 1485.7303 1448.4437
   1416.3508 1389.03   1365.9674]
  [1744.9834 1687.8191 1634.1145 1584.5553 1539.6016 1499.4576 1464.0784
   1433.215  1406.4805 1383.4233]
  [1746.4023 1693.6685 1644.0125 1597.976  1555.9111 1517.9596 1484.0647
   1454.0089 1427.4692 1404.0741]
  [1753.4343 1704.7738 1658.7087 1615.6719 1575.9501 1539.6685 1506.7965
   1477.1763 1450.5598 1426.6542]]

 [[1909.652  1835.719  1765.0509 1698.5305 1636.8739 1580.6165 1530.1089
   1485.524  1446.8707 1414.0122]
  [1887.7709 1813.5785 1742.8478 1676.5829 1615.5907 1560.4479 1511.4899
   1468.821  1432.3405 1401.7787]
  [1867.3792 1793.8231 1723.8464 1658.5422 1598.7805 1545.1594 1497.9874
   1457.2941 1422.871  1394.3287]
  [1849.0428 1777.0997 1708.7731 1645.1923 1587.2494 1535.5355 1490.3157
   1451.546  1418.9282 1391.9824]
  [1833.5309 1764.169  1698.3756 1637.2561 1581.6721 1532.1727 1488.9675
   1451.9506 1420.7639 1394.8845]
  [1821.7461 1755.8131 1693.3087 1635.2535 1582.4292 1535.3134 1494.0562
   1458.5109 1428.3025 1402.9164]
  [1814.5576 1752.6659 1693.9595 1639.3281 1589.4417 1544.6925 1505.182
   1470.7527 1441.0559 1415.6323]
  [1812.5715 1755.0011 1700.2622 1649.0975 1602.0598 1559.4669 1521.3948
   1487.7087 1458.1199 1432.2544]
  [1815.9061 1762.5531 1711.5808 1663.6012 1619.0741 1578.2743 1541.2839
   1508.0171 1478.2616 1451.7344]
  [1824.0652 1774.4572 1726.7244 1681.3901 1638.8676 1599.4272 1563.1857
   1530.1171 1500.0835 1472.8754]]

 [[1965.3007 1891.3729 1820.5212 1753.6772 1691.6158 1634.934  1584.0372
   1539.1399 1500.2689 1467.281 ]
  [1945.9789 1871.8896 1801.0331 1734.4608 1673.0383 1617.4042 1567.9479
   1524.8107 1487.9032 1456.9435]
  [1928.3822 1855.02   1784.9479 1719.3031 1659.0134 1604.7411 1556.8485
   1515.4031 1480.2094 1450.8689]
  [1913.0219 1841.342  1772.9083 1708.8896 1650.2347 1597.6013 1551.3159
   1511.3809 1477.5232 1449.2701]
  [1900.5717 1831.5015 1765.5315 1703.799  1647.2245 1596.4304 1551.7018
   1512.9978 1480.0101 1452.249 ]
  [1891.788  1826.1101 1763.2831 1704.3555 1650.1729 1601.2994 1557.9825
   1520.1683 1487.5625 1459.7153]
  [1887.3362 1825.57   1766.304  1710.4597 1658.781  1611.767  1569.6415
   1532.3705 1499.7164 1471.3126]
  [1887.5625 1829.875  1774.2488 1721.4708 1672.1853 1626.8376 1585.6509
   1548.6357 1515.6361 1486.3872]
  [1892.3025 1838.4779 1786.2231 1736.2134 1689.0206 1645.0637 1604.5842
   1567.6506 1534.1884 1504.0264]
  [1900.8062 1850.2966 1800.8684 1753.1316 1707.626  1664.7705 1624.8379
   1587.948  1554.0891 1523.1548]]

 [[2024.8414 1951.5742 1881.1592 1814.558  1752.5886 1695.8975 1644.9354
   1599.9469 1560.9668 1527.8337]
  [2008.8662 1935.5885 1865.262  1798.9598 1737.5851 1681.8215 1632.1013
   1588.594  1551.2174 1519.6757]
  [1994.8208 1922.3867 1852.8821 1787.4539 1727.0626 1672.4137 1623.915
   1581.6688 1545.4995 1515.0123]
  [1983.1    1912.4053 1844.4943 1780.5356 1721.5072 1668.1139 1620.7393
   1579.44   1543.9878 1513.9445]
  [1974.2094 1906.095  1840.5001 1778.5555 1721.2124 1669.1537 1622.7435
   1582.0258 1546.7727 1516.5647]
  [1968.6875 1903.825  1841.111  1781.588  1726.1428 1675.4221 1629.7826
   1589.291  1553.7709 1522.8766]
  [1966.9382 1905.7214 1846.197  1789.2904 1735.8068 1686.354  1641.2958
   1600.7512 1564.6294 1532.6925]
  [1969.0309 1911.5072 1855.1698 1800.8306 1749.2179 1700.9103 1656.2928
   1615.5476 1578.6792 1545.5616]
  [1974.5526 1920.4213 1866.975  1814.9391 1764.9904 1717.6937 1673.4579
   1632.5221 1594.9706 1560.767 ]
  [1982.5968 1931.2861 1880.2269 1830.1007 1781.5604 1735.1675 1691.3489
   1650.3794 1612.3887 1577.3925]]

 [[2087.9512 2015.9806 1946.6237 1880.8484 1819.4977 1763.2466 1712.5697
   1667.72   1628.7201 1595.3779]
  [2076.0298 2004.2501 1935.107  1869.6653 1808.8385 1753.3304 1703.5933
   1659.807  1621.8887 1589.5299]
  [2066.1797 1995.3792 1927.094  1862.4451 1802.3911 1747.6543 1698.6685
   1655.5635 1618.1885 1586.1714]
  [2058.6157 1989.5876 1922.8086 1859.4056 1800.3492 1746.368  1697.8909
   1655.0339 1617.6339 1585.3185]
  [2053.609  1987.0614 1922.3651 1860.6036 1802.7264 1749.4587 1701.2428
   1658.2236 1620.2833 1587.1108]
  [2051.4224 1987.8762 1925.6837 1865.846  1809.2661 1756.6627 1708.5087
   1665.0137 1626.1506 1591.7148]
  [2052.1719 1991.8774 1932.3829 1874.592  1819.3538 1767.379  1719.182
   1675.0537 1635.0795 1599.1786]
  [2055.6685 1998.5645 1941.7096 1885.9215 1831.9999 1780.6506 1732.4266
   1687.6958 1646.6448 1609.3083]
  [2061.3257 2007.0657 1952.5736 1898.6079 1845.9347 1795.2543 1747.1426
   1702.0184 1660.1381 1621.618 ]
  [2068.1929 2016.2368 1963.6967 1911.3041 1859.8035 1809.8838 1762.1208
   1716.9469 1674.6451 1635.3684]]

 [[2154.1655 2084.0776 2016.3667 1951.9879 1891.7811 1836.4199 1786.3713
   1741.8641 1702.8861 1669.2029]
  [2146.8682 2077.2065 2009.8525 1945.8314 1886.0342 1831.1509 1781.622
   1737.6168 1699.0406 1665.5807]
  [2141.681  2073.1338 2006.6538 1943.2993 1883.9895 1829.4298 1780.0557
   1736.0162 1697.1919 1663.2563]
  [2138.582  2071.7988 2006.6786 1944.2686 1885.4956 1831.084  1781.4945
   1736.9062 1697.2407 1662.2231]
  [2137.5615 2073.0774 2009.7166 1948.4796 1890.2839 1835.8778 1785.7772
   1740.2401 1699.2836 1662.7372]
  [2138.5828 2076.744  2015.4062 1955.5029 1897.9305 1843.467  1792.7014
   1745.9999 1703.5068 1665.185 ]
  [2141.4844 2082.397  2023.1768 1964.686  1907.799  1853.3208 1801.9141
   1754.0531 1710.0125 1669.8884]
  [2145.875  2089.397  2032.2161 1975.1376 1919.0162 1864.6736 1812.826
   1764.0293 1718.6614 1676.9293]
  [2151.0854 2096.8716 2041.5161 1985.7919 1930.5344 1876.5646 1824.6163
   1775.2858 1729.0077 1686.0587]
  [2156.2283 2103.8167 2050.0059 1995.5535 1941.2738 1887.9636 1836.3375
   1786.9835 1740.3424 1696.7125]]

 [[2222.8818 2155.182  2089.6401 2027.1743 1968.5901 1914.522  1865.3875
   1821.3599 1782.369  1748.1371]
  [2220.5884 2153.5566 2088.501  2026.3787 1968.0199 1914.0631 1864.9061
   1820.6836 1781.2878 1746.4152]
  [2220.3008 2154.4888 2090.276  2028.624  1970.3773 1916.1924 1866.4854
   1821.4156 1780.9072 1744.704 ]
  [2221.726  2157.6033 2094.526  2033.4307 1975.1718 1920.4442 1869.7301
   1823.275  1781.102  1743.0612]
  [2224.5557 2162.4607 2100.7302 2040.2582 1981.908  1926.4354 1874.4254
   1826.2544 1782.0907 1741.9244]
  [2228.4692 2168.5708 2108.3057 2048.521  1990.0914 1933.8431 1880.4774
   1830.5173 1784.2887 1741.9321]
  [2233.0786 2175.3618 2116.5867 2057.56   1999.1707 1942.3043 1887.7635
   1836.2007 1788.0806 1743.6797]
  [2237.8687 2182.1511 2124.8062 2066.6182 2008.4806 1951.3151 1895.9872
   1843.232  1793.6122 1747.5061]
  [2242.1777 2188.157  2132.1284 2074.864  2017.2507 1960.2115 1904.6227
   1851.2452 1800.685  1753.3776]
  [2245.2566 2192.5825 2137.7368 2081.4858 2024.6918 1968.2418 1912.9745
   1859.6228 1808.7789 1760.8872]]

 [[2293.3774 2228.463  2165.5103 2105.374  2048.7886 1996.3094 1948.2677
   1904.7521 1865.6263 1830.5778]
  [2296.236  2232.1982 2169.808  2109.9243 2053.2837 2000.4385 1951.7167
   1907.2092 1866.7987 1830.2135]
  [2300.8252 2238.045  2176.3848 2116.683  2059.683  2005.9683 1955.9222
   1909.7155 1867.3281 1828.5985]
  [2306.5693 2245.3152 2184.4756 2124.8586 2067.2273 2012.2361 1960.3829
   1911.983  1867.1738 1825.9448]
  [2312.8867 2253.2998 2193.3174 2133.7188 2075.3037 2018.829  1964.9436
   1914.1432 1866.7488 1822.9163]
  [2319.227  2261.3218 2202.2036 2142.6333 2083.46   2025.5482 1969.7023
   1916.594  1866.7219 1820.3988]
  [2325.0537 2268.7336 2210.4775 2151.0408 2091.3174 2032.2627 1974.8022
   1919.749  1867.7424 1819.2257]
  [2329.811  2274.8965 2217.501  2158.383  2098.4653 2038.7521 1980.2361
   1923.8096 1870.2012 1819.9451]
  [2332.9155 2279.1836 2222.6533 2164.0894 2104.415  2044.6345 1985.7441
   1928.6488 1874.1058 1822.694 ]
  [2333.796  2281.025  2225.3784 2167.6177 2108.6396 2049.4014 1990.8466
   1933.833  1879.0907 1827.1948]]

 [[2364.8394 2302.976  2242.892  2185.3508 2130.9834 2080.232  2033.3143
   1990.2234 1950.7627 1914.6074]
  [2372.744  2311.8877 2252.3467 2194.859  2140.041  2088.3406 2040.0028
   1995.0785 1953.4557 1914.9186]
  [2381.9197 2322.2583 2263.2275 2205.5312 2149.7974 2096.5303 2046.0806
   1998.6375 1954.2516 1912.8691]
  [2391.5342 2333.1338 2274.5176 2216.3657 2159.3486 2104.0813 2051.0796
   2000.7328 1953.2942 1908.8945]
  [2400.7915 2343.6204 2285.3198 2226.565  2168.0981 2110.6772 2055.0127
   2001.7107 1951.2351 1903.8949]
  [2408.9941 2352.9558 2294.9185 2235.57   2175.7373 2116.3213 2058.2148
   2002.2195 1948.9824 1898.9685]
  [2415.545  2360.5125 2302.7559 2242.9888 2182.1113 2121.1362 2061.089
   2002.915  1947.3986 1895.1246]
  [2419.922  2365.7617 2308.3718 2248.4915 2187.0645 2125.1602 2063.8713
   2004.2152 1947.0547 1893.0544]
  [2421.6633 2368.2559 2311.3662 2251.7493 2190.3535 2128.2449 2066.5112
   2006.172  1948.1064 1893.0125]
  [2420.3862 2367.642  2311.4111 2252.4453 2191.6611 2130.069  2068.6914
   2008.4878 1950.2996 1894.8116]]]
"""
