raw_data = """
[[[2045.6194 1981.936  1920.856  1863.0802 1809.1649 1759.5146 1714.378
   1673.8623 1637.948  1606.5146]
  [2029.8777 1966.9247 1906.7612 1850.1582 1797.7148 1749.8363 1706.7311
   1668.4243 1634.7894 1605.5891]
  [2014.8522 1953.5131 1895.1176 1840.4713 1790.1814 1744.6255 1703.9435
   1668.0614 1636.7377 1609.6251]
  [2000.9524 1942.1536 1886.4197 1834.5422 1787.0887 1744.3679 1706.4242
   1673.0712 1643.9585 1618.654 ]
  [1988.8308 1933.46   1881.2341 1832.8717 1788.8486 1749.3624 1714.3384
   1683.4784 1656.3461 1632.4629]
  [1979.3549 1928.1661 1880.1381 1835.8606 1795.6698 1759.6216 1727.5139
   1698.9548 1673.4604 1650.5552]
  [1973.4843 1927.0032 1883.5996 1843.694  1807.4537 1774.7856 1745.3778
   1718.7816 1694.5139 1672.1483]
  [1972.0718 1930.5134 1891.8154 1856.2133 1823.7079 1794.0822 1766.9568
   1741.878  1718.4114 1696.216 ]
  [1975.6359 1938.8503 1904.5558 1872.8191 1843.5139 1816.3514 1790.9469
   1766.8971 1743.8541 1721.5754]
  [1984.1703 1951.6335 1921.0804 1892.4581 1865.5775 1840.1515 1815.8544
   1792.3774 1769.4781 1747.0068]]

 [[2078.8125 2014.9172 1953.6014 1895.609  1841.5361 1791.8159 1746.7185
   1706.3607 1670.7212 1639.6675]
  [2064.6333 2001.559  1941.2257 1884.446  1831.8563 1783.8901 1740.772
   1702.5322 1669.0371 1640.0334]
  [2051.521  1990.1676 1931.664  1876.8527 1826.3745 1780.6322 1739.781
   1703.7506 1672.2953 1645.0583]
  [2039.8916 1981.1958 1925.403  1873.3306 1825.5752 1782.4696 1744.0757
   1710.2205 1680.5641 1654.682 ]
  [2030.3674 1975.2115 1922.945  1874.2996 1829.7738 1789.5913 1753.708
   1721.8594 1693.6477 1668.6342]
  [2023.734  1972.8375 1924.7292 1880.     1839.0056 1801.8387 1768.3516
   1738.22   1711.0375 1686.4058]
  [2020.8009 1974.6128 1930.9977 1890.371  1852.9261 1818.6287 1787.2556
   1758.4681 1731.9021 1707.2437]
  [2022.1907 1980.8043 1941.6439 1904.9445 1870.7535 1838.9457 1809.2717
   1781.4288 1755.1349 1730.1819]
  [2028.1189 1991.2336 1956.098  1922.8003 1891.2941 1861.4229 1832.9689
   1805.7081 1779.4592 1754.1162]
  [2038.2424 2005.1854 1973.3115 1942.6276 1913.065  1884.505  1856.811
   1829.8607 1803.5708 1777.9105]]

 [[2114.3345 2050.7937 1989.7734 1932.0448 1878.2294 1828.7847 1783.9972
   1743.9937 1708.753  1678.1335]
  [2102.3613 2039.762  1979.8037 1923.3204 1870.9694 1823.2028 1780.2604
   1742.1794 1708.8274 1679.9436]
  [2091.8066 2031.041  1972.9615 1918.4208 1868.0748 1822.3431 1781.3971
   1745.1816 1713.4615 1685.8883]
  [2083.0483 2025.0327 1969.6644 1917.7587 1869.9222 1826.5059 1787.5999
   1753.0645 1722.5953 1695.8063]
  [2076.6216 2022.195  1970.2826 1921.6034 1876.6631 1835.716  1798.7682
   1765.622  1735.9545 1709.4015]
  [2073.164  2022.9685 1975.0491 1929.976  1888.1191 1849.6241 1814.4292
   1782.3213 1753.0131 1726.2188]
  [2073.2656 2027.6381 1983.931  1942.5417 1903.6975 1867.4513 1833.7094
   1802.2891 1772.9846 1745.6222]
  [2077.2642 2036.1605 1996.5071 1958.5411 1922.3772 1888.0178 1855.3837
   1824.3622 1794.8516 1766.7946]
  [2085.0571 2048.0352 2011.9106 1976.8097 1942.7917 1909.8662 1878.0121
   1847.2076 1817.4519 1788.779 ]
  [2096.0034 2062.2852 2028.8903 1995.9052 1963.4049 1931.4569 1900.127
   1869.4832 1839.6006 1810.5643]]

 [[2151.9658 2089.3364 2029.143  1972.1642 1919.035  1870.2256 1826.0359
   1786.5975 1751.889  1721.7552]
  [2142.8064 2081.269  2022.2322 1966.524  1914.806  1867.539  1824.9714
   1787.1501 1753.9468 1725.1011]
  [2135.3936 2075.808  2018.6827 1964.8518 1914.9662 1869.4514 1828.4955
   1792.0656 1759.9536 1731.8362]
  [2130.0176 2073.2422 2018.7732 1967.3955 1919.7041 1876.0646 1836.6023
   1801.2301 1769.7068 1741.7091]
  [2127.0654 2073.851  2022.6719 1974.2054 1928.9515 1887.1989 1849.0226
   1814.3221 1782.8828 1754.445 ]
  [2126.959  2077.8313 2030.3503 1985.0453 1942.2986 1902.3231 1865.1729
   1830.7802 1799.0112 1769.718 ]
  [2130.0146 2085.1719 2041.4807 1999.3141 1958.9427 1920.5302 1884.1443
   1849.7899 1817.4454 1787.0941]
  [2136.2622 2095.521  2055.3618 2016.0286 1977.72   1940.5898 1904.755
   1870.3121 1837.3539 1805.9781]
  [2145.3064 2108.1182 2070.9238 2033.8978 1997.2229 1961.0854 1925.6733
   1891.1715 1857.7594 1825.612 ]
  [2156.2952 2121.8403 2086.8477 2051.4917 2015.9943 1980.6058 1945.5869
   1911.188  1877.635  1845.1277]]

 [[2191.417  2130.2197 2071.3586 2015.6028 1963.5854 1915.7787 1872.4843
   1833.832  1799.7902 1770.1857]
  [2185.5994 2125.6724 2068.0723 2013.602  1962.9069 1916.441  1874.4558
   1837.0026 1803.9579 1775.0656]
  [2181.8047 2123.9436 2068.2676 2015.5654 1966.4615 1921.3751 1880.5078
   1843.8547 1811.2446 1782.3947]
  [2180.1824 2125.1492 2072.0154 2021.5051 1974.1854 1930.4287 1890.401
   1854.0837 1821.3182 1791.8651]
  [2180.9146 2129.3306 2079.2227 2031.2037 1985.7562 1943.2046 1903.7092
   1867.2877 1833.8578 1803.2842]
  [2184.1567 2136.3977 2089.5742 2044.1614 2000.5515 1959.0364 1919.8043
   1882.9552 1848.5278 1816.5267]
  [2189.9238 2146.0393 2102.4712 2059.5647 2017.6407 1976.9867 1937.8477
   1900.4303 1864.9073 1831.4225]
  [2197.9546 2157.6436 2117.0107 2076.312  2035.8379 1995.8994 1956.8151
   1918.8936 1882.4198 1847.6477]
  [2207.629  2170.2874 2132.0417 2093.1191 2053.8232 2014.5133 1975.5754
   1937.3926 1900.3186 1864.6658]
  [2217.9966 2182.8306 2146.309  2108.6885 2070.3203 2031.6196 1993.0205
   1954.9392 1917.7468 1881.7582]]

 [[2232.3315 2173.028  2115.958  2061.867  2011.369  1964.9244 1922.821
   1885.1709 1851.9185 1822.8607]
  [2230.2695 2172.4292 2116.7263 2063.9158 2014.6079 1969.2347 1928.0364
   1891.0592 1858.182  1829.1515]
  [2230.42   2174.7456 2120.9482 2069.7478 2021.7218 1977.2708 1936.6013
   1899.7377 1866.5508 1836.8088]
  [2232.7476 2179.8657 2128.4316 2079.087  2032.3534 1988.6031 1948.0444
   1910.7344 1876.6091 1845.5266]
  [2237.186  2187.5562 2138.7954 2091.435  2045.9324 2002.6476 1961.8317
   1923.6315 1888.1072 1855.2584]
  [2243.604  2197.435  2151.452  2106.0684 2061.6868 2018.68   1977.3771
   1938.0507 1900.9158 1866.1307]
  [2251.727  2208.929  2165.597  2122.05   2078.6616 2035.8414 1994.0117
   1953.5758 1914.8959 1878.2728]
  [2261.0562 2221.247  2180.232  2138.2793 2095.7664 2053.1555 2010.9528
   1969.6649 1929.7603 1891.6415]
  [2270.839  2233.416  2194.2412 2153.5889 2111.8682 2069.5908 2027.3204
   1985.6195 1945.0048 1905.923 ]
  [2280.1328 2244.3833 2206.5295 2166.8896 2125.921  2084.171  2042.2224
   2000.6416 1959.9369 1920.5405]]

 [[2274.2993 2217.2747 2162.392  2110.3574 2061.751  2016.9996 1976.3569
   1939.8949 1907.516  1878.9779]
  [2276.2632 2220.8943 2167.4692 2116.6763 2069.0728 2025.05   1984.8184
   1948.408  1915.6906 1886.4185]
  [2280.5146 2227.38   2175.7969 2126.3992 2079.7007 2036.0671 1995.7024
   1958.6534 1924.8367 1894.0774]
  [2286.7986 2236.3599 2186.895  2138.9478 2092.9858 2049.371  2008.3516
   1970.0596 1934.5304 1901.725 ]
  [2294.788  2247.3237 2200.105  2153.5757 2108.1636 2064.2603 2022.2054
   1982.2737 1944.6664 1909.5173]
  [2304.079  2259.6328 2214.627  2169.414  2124.4043 2080.049  2036.8094
   1995.1227 1955.37   1917.8572]
  [2314.1562 2272.526  2229.5444 2185.5068 2140.834  2096.0498 2051.7354
   2008.4746 1966.8021 1927.1655]
  [2324.3599 2285.129  2243.867  2200.855  2156.546  2111.5308 2066.481
   2022.0798 1978.9594 1937.6614]
  [2333.895  2296.5093 2256.6023 2214.481  2170.6401 2125.7175 2080.426
   2035.486  1991.563  1949.2313]
  [2341.9055 2305.7703 2266.8574 2225.526  2182.3071 2137.855  2092.876
   2048.0679 2004.0682 1961.4252]]

 [[2316.876  2262.4312 2210.0552 2160.4006 2113.995  2071.2092 2032.2361
   1997.0848 1965.5996 1937.494 ]
  [2322.981  2270.3599 2219.4927 2170.9873 2125.3296 2082.8506 2043.7136
   2007.9174 1975.3228 1945.6923]
  [2331.3115 2280.9414 2231.7942 2184.4033 2139.207  2096.5244 2056.545
   2019.3337 1984.8525 1952.9889]
  [2341.3823 2293.5435 2246.2014 2199.7988 2154.7395 2111.3726 2069.9775
   2030.7594 1993.8481 1959.3086]
  [2352.6235 2307.412  2261.836  2216.2524 2171.059  2126.6753 2083.522
   2041.9895 2002.4111 1965.0458]
  [2364.407  2321.7236 2277.7717 2232.8513 2187.3804 2141.8784 2096.9253
   2053.1016 2010.9375 1970.8704]
  [2376.048  2335.6152 2293.0796 2248.7175 2202.9922 2156.5244 2110.0312
   2064.251  2019.867  1977.4565]
  [2386.8076 2348.2188 2306.859  2263.0195 2217.215  2170.1443 2122.6133
   2075.4546 2029.4425 1985.2385]
  [2395.918  2358.702  2318.2822 2274.9907 2229.3862 2182.2046 2134.2825
   2086.4727 2039.5715 1994.2665]
  [2402.6487 2366.3433 2326.6616 2283.9858 2238.9001 2192.1377 2144.507
   2096.8196 2049.8293 2004.1945]]

 [[2359.611  2307.957  2258.317  2211.2754 2167.287  2126.6423 2089.4492
   2055.6375 2024.9843 1997.1641]
  [2369.814  2320.1    2271.956  2225.8967 2182.3206 2141.4814 2103.4834
   2068.2876 2035.7429 2005.6311]
  [2382.037  2334.5215 2287.9006 2242.603  2198.9836 2157.3076 2117.7456
   2080.3787 2045.2131 2012.2034]
  [2395.5798 2350.3577 2305.165  2260.3472 2216.2466 2173.1963 2131.505
   2091.442  2053.2263 2017.0219]
  [2409.6753 2366.6785 2322.738  2278.1377 2233.248  2188.5154 2144.4302
   2101.485  2060.1274 2020.7269]
  [2423.5398 2382.5605 2339.666  2295.1147 2249.336  2202.9092 2156.5127
   2110.8477 2066.5664 2024.2172]
  [2436.3997 2397.1292 2355.0896 2310.5488 2264.0083 2216.169  2167.858
   2119.9368 2073.2104 2028.3606]
  [2447.5054 2409.5815 2368.246  2323.8015 2276.8147 2228.0671 2178.4746
   2128.9849 2080.4873 2033.7434]
  [2456.1577 2419.2144 2378.4802 2334.3052 2287.2979 2238.27   2188.1555
   2137.9124 2088.4429 2040.5316]
  [2461.761  2425.4685 2385.2793 2341.5862 2295.0117 2246.35   2196.4895
   2146.3354 2096.7405 2048.4565]]

 [[2402.074  2353.328  2306.5483 2262.2383 2220.7578 2182.2988 2146.8696
   2114.3135 2084.3477 2056.621 ]
  [2416.1814 2369.4138 2324.0298 2280.442  2238.9517 2199.73   2162.8162
   2128.1367 2095.539  2064.834 ]
  [2431.9702 2387.2612 2343.12   2299.8708 2257.7866 2217.0815 2177.9097
   2140.3691 2104.514  2070.3677]
  [2448.5618 2405.8357 2362.691  2319.385  2276.2095 2233.4863 2191.5527
   2150.738  2111.3418 2073.6138]
  [2465.0557 2424.1138 2381.6958 2338.0288 2293.4683 2248.4878 2203.64
   2159.5015 2116.614  2075.4375]
  [2480.59   2441.1597 2399.2432 2355.076  2309.1047 2261.9631 2214.408
   2167.2349 2121.1907 2076.909 ]
  [2494.373  2456.1548 2414.6006 2369.9812 2322.837  2273.934  2224.1848
   2174.541  2125.8987 2079.017 ]
  [2505.6948 2468.4    2427.1594 2382.2944 2334.415  2284.3706 2233.1543
   2181.801  2131.2825 2082.4343]
  [2513.945  2477.322  2436.421  2391.612  2343.5425 2293.083  2241.236
   2189.039  2137.4727 2087.3936]
  [2518.652  2482.497  2442.007  2397.585  2349.8816 2299.7349 2248.0947
   2195.9363 2144.1875 2093.6758]]]
"""
