raw_data = """
[[[1919.205  1852.1469 1788.1075 1727.7976 1671.7736 1620.4304 1574.008
   1532.603  1496.191  1464.6505]
  [1897.8136 1830.8546 1767.1223 1707.4191 1652.3662 1602.3821 1557.6827
   1518.3005 1484.1152 1454.8971]
  [1877.3206 1811.3131 1748.6963 1690.3358 1636.8889 1588.774  1546.1658
   1509.0192 1477.1151 1450.119 ]
  [1858.2206 1794.0797 1733.4535 1677.2229 1626.0414 1580.2936 1540.0913
   1505.3033 1475.6174 1450.6134]
  [1841.2518 1779.8817 1722.1033 1668.7599 1620.4507 1577.4897 1539.9053
   1507.4799 1479.8248 1456.4647]
  [1827.3611 1769.5643 1715.3751 1665.5427 1620.5659 1580.6564 1545.748
   1515.5481 1489.6201 1467.4719]
  [1817.5784 1763.9658 1713.8866 1667.9531 1626.5315 1589.7161 1557.3522
   1529.0969 1504.503  1483.1018]
  [1812.8192 1763.7264 1717.973  1676.0137 1638.0729 1604.1383 1573.9939
   1547.2837 1523.5884 1502.4977]
  [1813.6594 1769.0872 1727.523  1689.2686 1654.4304 1622.9257 1594.5209
   1568.8901 1545.6769 1524.5491]
  [1820.1472 1779.7384 1741.8767 1706.7467 1674.3846 1644.6923 1617.4702
   1592.461  1569.3927 1548.0131]]

 [[1961.4933 1893.783  1829.0342 1768.016  1711.3387 1659.4451 1612.6101
   1570.9554 1534.4658 1503.0153]
  [1941.4012 1873.8452 1809.4396 1749.0509 1693.3574 1642.8254 1597.7056
   1558.0481 1523.735  1494.5212]
  [1922.4948 1855.9675 1792.7205 1733.6826 1679.571  1630.8522 1587.7352
   1550.1903 1517.9955 1490.7988]
  [1905.2903 1840.7299 1779.5186 1722.5974 1670.6783 1624.1967 1583.299
   1547.8734 1517.609  1492.0741]
  [1890.5237 1828.8457 1770.5189 1716.438  1667.2579 1623.3456 1584.7719
   1551.3501 1522.7087 1498.3788]
  [1879.0969 1821.0929 1766.3607 1715.6912 1669.6364 1628.4672 1592.1747
   1560.519  1533.107  1509.4797]
  [1871.9333 1818.1648 1767.4854 1720.5409 1677.7528 1639.288  1605.0725
   1574.8452 1548.2343 1524.8342]
  [1869.76   1820.4696 1773.9634 1730.7292 1691.0587 1655.0332 1622.5464
   1593.3555 1567.1461 1543.5945]
  [1872.8832 1827.9413 1785.3568 1745.4788 1708.501  1674.4625 1643.2677
   1614.7285 1588.6104 1564.6777]
  [1881.0251 1839.934  1800.6824 1763.5275 1728.6223 1696.0162 1665.6672
   1637.4641 1611.2572 1586.8849]]

 [[2007.1571 1939.3855 1874.4703 1813.2239 1756.3016 1704.1893 1657.198
   1615.475  1579.0181 1547.6967]
  [1989.0986 1921.57   1857.0542 1796.4589 1740.5078 1689.71   1644.351
   1604.5037 1570.0573 1540.7574]
  [1972.5148 1906.1064 1842.7871 1783.5233 1729.0764 1679.9568 1636.4089
   1598.4279 1565.8015 1538.1724]
  [1957.8997 1893.5441 1832.2693 1775.0485 1722.6362 1675.5133 1633.8706
   1597.6304 1566.505  1540.0734]
  [1945.9303 1884.5197 1826.0933 1771.5698 1721.6462 1676.7439 1636.992
   1602.2596 1572.2234 1546.451 ]
  [1937.398  1879.6727 1824.7373 1773.4    1726.2595 1683.6544 1645.6598
   1612.1215 1582.7278 1557.0881]
  [1933.0485 1879.4851 1828.409  1780.4835 1736.1876 1695.7798 1659.2996
   1626.6078 1597.4459 1571.5045]
  [1933.3627 1884.0869 1836.8865 1792.2784 1750.6328 1712.151  1676.8715
   1644.7015 1615.464  1588.9464]
  [1938.3466 1893.0986 1849.4285 1807.7377 1768.327  1731.3822 1696.9746
   1665.08   1635.6074 1608.4337]
  [1947.4225 1905.594  1864.8116 1825.417  1787.6962 1751.8624 1718.0455
   1686.2935 1656.5874 1628.8646]]

 [[2056.043  1988.8162 1924.3025 1863.3401 1806.6171 1754.6538 1707.7948
   1666.2107 1629.9087 1598.7498]
  [2040.747  1973.8931 1909.859  1849.5718 1793.7832 1743.0348 1697.6428
   1657.703  1623.1144 1593.6163]
  [2027.1987 1961.5736 1898.7719 1839.7693 1785.3512 1736.0603 1692.1759
   1653.7229 1620.51   1592.1885]
  [2015.8182 1952.3126 1891.5249 1834.4268 1781.7942 1734.1461 1691.7208
   1654.4899 1622.2102 1594.4962]
  [2007.1561 1946.5973 1888.5402 1833.8945 1783.3818 1737.4747 1696.3744
   1660.0305 1628.1992 1600.5164]
  [2001.8213 1944.856  1890.0677 1838.2555 1790.0521 1745.8733 1705.8981
   1670.0918 1638.2588 1610.1095]
  [2000.3188 1947.3055 1896.0437 1847.1973 1801.3021 1758.7229 1719.6407
   1684.0695 1651.8977 1622.9403]
  [2002.845  1953.7812 1905.966  1859.9388 1816.1555 1774.9552 1736.545
   1701.0087 1668.3301 1638.4297]
  [2009.119  1963.6344 1918.8646 1875.264  1833.2487 1793.1632 1755.2594
   1719.6912 1686.5258 1655.7654]
  [2018.3322 1975.76   1933.4023 1891.6854 1851.0298 1811.8114 1774.3314
   1738.7993 1705.3345 1673.9817]]

 [[2107.899  2041.808  1978.2631 1918.1083 1862.0499 1810.6323 1764.2212
   1723.0012 1686.9786 1655.9971]
  [2096.0415 2030.4954 1967.5356 1908.0825 1852.8955 1802.5338 1757.3337
   1717.4073 1682.6594 1652.8258]
  [2086.1636 2021.968  1960.2706 1902.0251 1848.016  1798.802  1754.6897
   1715.7351 1681.7758 1652.4854]
  [2078.5508 2016.5172 1956.7576 1900.2101 1847.6461 1799.609  1756.3843
   1718.0044 1684.2905 1654.9163]
  [2073.563  2014.4072 1957.1736 1902.732  1851.8068 1804.9153 1762.3394
   1724.1298 1690.1484 1660.1298]
  [2071.5615 2015.797  1961.4924 1909.4124 1860.2124 1814.3851 1772.2297
   1733.8546 1699.2091 1668.1326]
  [2072.768  2020.6124 1969.3767 1919.7094 1872.1985 1827.3219 1785.417
   1746.6735 1711.1504 1678.8077]
  [2077.0933 2028.4229 1980.1027 1932.6879 1886.7181 1842.6749 1800.944
   1761.7986 1725.3994 1691.8145]
  [2084.0215 2038.3949 1992.5846 1947.0936 1902.4471 1859.1454 1817.6193
   1778.2056 1741.1368 1706.553 ]
  [2092.621  2049.3726 2005.5098 1961.5325 1917.9791 1875.3743 1834.1799
   1794.7638 1757.3872 1722.216 ]]

 [[2162.3682 2097.9614 2035.9244 1977.0898 1922.165  1871.6989 1826.0614
   1785.4312 1749.7959 1718.969 ]
  [2154.5234 2090.868  2029.5399 1971.4285 1917.2771 1867.6414 1822.86
   1783.0466 1748.1063 1717.7695]
  [2148.8147 2086.635  2026.5845 1969.5657 1916.3345 1867.4453 1823.2183
   1783.7362 1748.8701 1718.331 ]
  [2145.3374 2085.3237 2027.0818 1971.4829 1919.2681 1870.9888 1826.9718
   1787.3163 1751.9231 1720.5487]
  [2144.2026 2086.92   2030.912  1976.9786 1925.8265 1878.0089 1833.8888
   1793.6317 1757.2261 1724.5289]
  [2145.4858 2091.285  2037.7611 1985.6227 1935.534  1888.0605 1843.6274
   1802.4995 1764.7896 1730.4861]
  [2149.1157 2098.069  2047.0604 1996.711  1947.6515 1900.4694 1855.6617
   1813.6028 1774.533  1738.5726]
  [2154.7551 2106.642  2057.9597 2009.2683 1961.1827 1914.319  1869.2373
   1826.4014 1786.1542 1748.7201]
  [2161.7388 2116.0952 2069.379  2022.1283 1974.9626 1928.5206 1883.4025
   1840.1216 1799.0793 1760.5597]
  [2169.125  2125.3423 2080.1482 2034.0945 1987.8131 1941.9543 1897.1255
   1853.8456 1812.5216 1773.448 ]]

 [[2218.9907 2156.7478 2096.7053 2039.6676 1986.3204 1937.1947 1892.6364
   1852.7911 1817.6058 1786.8528]
  [2215.588  2154.3193 2095.1106 2038.7948 1986.0743 1937.4744 1893.3118
   1853.6841 1818.4855 1787.4476]
  [2214.3652 2154.6821 2096.734  2041.344  1989.2133 1940.8673 1896.6235
   1856.5837 1820.6566 1788.6049]
  [2215.1829 2157.6182 2101.2852 2046.9641 1995.3401 1946.9556 1902.1694
   1861.1499 1823.8889 1790.2446]
  [2217.873  2162.8105 2108.3364 2055.1616 2003.956  1955.2976 1909.6278
   1867.2305 1828.2332 1792.6322]
  [2222.2178 2169.835  2117.3198 2065.311  2014.47   1965.4264 1918.7268
   1874.7954 1833.9148 1796.2319]
  [2227.8853 2178.1238 2127.5156 2076.6445 2026.1736 1976.7898 1929.1415
   1883.7817 1841.1339 1801.481 ]
  [2234.3584 2186.9387 2138.0527 2088.257  2038.2268 1988.6959 1940.385
   1893.9381 1849.8766 1808.5828]
  [2240.917  2195.399  2147.9624 2099.166  2049.7    2000.3217 1951.7817
   1904.7593 1859.8188 1817.3916]
  [2246.7012 2202.5754 2156.2898 2108.4248 2059.6787 2010.8047 1962.5365
   1915.5365 1870.3544 1827.4188]]

 [[2277.2146 2217.528  2159.8904 2105.0596 2053.676  2006.221  1962.9846
   1924.0505 1889.306  1858.477 ]
  [2278.502  2220.003  2163.2964 2109.139  2058.164  2010.839  1967.4332
   1928.0103 1892.4497 1860.4923]
  [2281.8706 2225.0244 2169.5063 2116.0386 2065.2437 2017.5962 1973.3943
   1932.7537 1895.6252 1861.8387]
  [2286.921  2232.0767 2177.9077 2125.0835 2074.2188 2025.8308 1980.3041
   1937.8733 1898.6293 1862.5459]
  [2293.207  2240.5562 2187.7983 2135.5454 2084.4202 2035.0155 1987.8453
   1943.31   1901.6781 1863.0905]
  [2300.2524 2249.809  2198.4355 2146.6968 2095.2437 2044.7599 1995.9048
   1949.252  1905.2482 1864.1975]
  [2307.5273 2259.1338 2209.0464 2157.809  2106.1072 2054.7131 2004.4102
   1955.915  1909.8215 1866.5692]
  [2314.417  2267.7783 2218.835  2168.1335 2116.395  2064.4514 2013.1627
   1963.3346 1915.6522 1870.6471]
  [2320.2266 2274.9663 2227.0083 2176.9187 2125.4404 2073.426  2021.7544
   1971.2532 1922.6372 1876.4768]
  [2324.2373 2279.9683 2232.8506 2183.4744 2132.5845 2081.0132 2029.6042
   1979.1478 1930.3287 1883.7042]]

 [[2336.422  2279.581  2224.6572 2172.3428 2123.2058 2077.6465 2035.8679
   1997.8689 1963.4678 1932.3513]
  [2342.4443 2286.96   2233.0046 2181.2368 2132.1992 2086.2766 2043.6709
   2004.4031 1968.3412 1935.2498]
  [2350.288  2296.4536 2243.5337 2192.136  2142.7883 2095.9004 2051.743
   2010.4426 1972.0015 1936.3285]
  [2359.2964 2307.2642 2255.3489 2204.1033 2154.0652 2105.7207 2059.474
   2015.6284 1974.3745 1935.8053]
  [2368.7817 2318.5615 2267.5552 2216.2769 2165.3042 2115.2388 2066.6611
   2020.0803 1975.8981 1934.395 ]
  [2378.0737 2329.5469 2279.3345 2227.936  2175.99   2124.2283 2073.4077
   2024.2345 1977.3029 1933.0607]
  [2386.5254 2339.478  2289.959  2238.477  2185.7373 2132.5823 2079.9084
   2028.5734 1979.3182 1932.7206]
  [2393.504  2347.6658 2298.771  2247.3557 2194.1753 2140.1414 2086.2285
   2033.377  1982.413  1933.997 ]
  [2398.395  2353.4822 2305.1797 2254.0537 2200.8853 2146.6013 2092.186
   2038.5898 1986.6567 1937.0795]
  [2400.6453 2356.401  2308.692  2258.108  2205.4243 2151.5344 2097.3716
   2043.835  1991.7268 1941.7201]]

 [[2395.9575 2342.1345 2290.1086 2240.4844 2193.7322 2150.1455 2109.8193
   2072.6597 2038.4229 2006.7738]
  [2406.5518 2354.1738 2303.0576 2253.75   2206.686  2162.1536 2120.2812
   2081.0513 2044.3322 2009.9288]
  [2418.5435 2367.7163 2317.3862 2268.041  2220.109  2173.934  2129.7617
   2087.7356 2047.9163 2010.3007]
  [2431.054  2381.742  2331.9966 2282.2642 2233.0088 2184.691  2137.7383
   2092.5176 2049.3188 2008.3486]
  [2443.2173 2395.277  2345.9087 2295.5454 2244.7256 2194.066  2144.2058
   2095.751  2049.2214 2005.0189]
  [2454.2527 2407.4792 2358.3352 2307.2695 2254.917  2202.0518 2149.513
   2098.1165 2048.579  2001.467 ]
  [2463.4785 2417.6492 2368.6655 2317.0151 2263.4219 2208.7861 2154.0947
   2100.3154 2048.3064 1998.7562]
  [2470.3047 2425.2104 2376.4148 2324.4492 2270.0996 2214.338  2158.2256
   2102.808  2049.019  1997.6226]
  [2474.231  2429.6963 2381.184  2329.2603 2274.7358 2218.5923 2161.892
   2105.6802 2050.9023 1998.3469]
  [2474.8643 2430.7607 2382.6648 2331.162  2277.0488 2221.2622 2164.8037
   2108.6562 2053.7173 2000.7528]]]
"""
