raw_data = """
[[[1695.0477 1619.3792 1547.7345 1480.8555 1419.3016 1363.4531 1313.52
   1269.5626 1231.5148 1199.2092]
  [1668.4186 1592.1326 1520.1356 1453.2855 1392.2238 1337.3663 1288.9117
   1246.8652 1211.0745 1181.269 ]
  [1642.9274 1566.8729 1495.3185 1429.2119 1369.2574 1315.8926 1269.293
   1229.4026 1195.9802 1168.6504]
  [1619.1125 1544.2262 1473.9979 1409.4266 1351.2449 1299.887  1255.4915
   1217.9353 1186.8898 1161.8835]
  [1597.75   1524.9872 1456.9879 1394.7505 1338.9926 1290.1145 1248.1992
   1213.0538 1184.27   1161.2979]
  [1579.8202 1510.0746 1445.1353 1385.9464 1333.1658 1287.1268 1247.8431
   1215.051  1188.2788 1166.9247]
  [1566.3955 1500.4115 1439.195  1383.5892 1334.1532 1291.1301 1254.4552
   1223.8053 1198.6683 1178.4265]
  [1558.457  1496.7498 1439.6648 1387.9127 1341.9318 1301.8662 1267.5813
   1238.7146 1214.7476 1195.0825]
  [1556.6869 1499.4751 1446.6147 1398.6721 1355.9667 1318.5569 1286.2627
   1258.7152 1235.4238 1215.8453]
  [1561.2795 1508.4474 1459.5671 1415.0756 1375.1978 1339.9412 1309.1187
   1282.3916 1259.3271 1239.4541]]

 [[1744.883  1667.3496 1593.7706 1524.9873 1461.654  1404.234  1353.0032
   1308.067  1269.3794 1236.7676]
  [1718.8049 1640.6425 1566.7013 1497.95   1435.1359 1378.7631 1329.0941
   1286.1707 1249.8452 1219.8204]
  [1694.0778 1616.1772 1542.698  1474.71   1413.03   1358.1884 1310.4221
   1269.7014 1235.7739 1208.2197]
  [1671.2992 1594.6469 1522.55   1456.1342 1396.2495 1343.4244 1297.8552
   1259.4355 1227.8135 1202.4608]
  [1651.2958 1576.8973 1507.1201 1443.0876 1385.6355 1335.2557 1292.0864
   1255.9441 1226.3926 1202.8243]
  [1635.0742 1563.8582 1497.2511 1436.314  1381.8174 1334.1826 1293.4751
   1259.4429 1231.592  1209.2758]
  [1623.6785 1556.3942 1493.6094 1436.2726 1385.047  1340.2596 1301.9008
   1269.6692 1243.0485 1221.3999]
  [1617.9806 1555.1022 1496.4973 1442.9697 1395.0547 1352.9817 1316.6808
   1285.8306 1259.933  1238.3992]
  [1618.4542 1560.1107 1505.6885 1455.8411 1410.9843 1371.27   1336.5991
   1306.6655 1281.0244 1259.1646]
  [1624.9978 1570.9484 1520.3545 1473.7454 1431.4502 1393.5835 1360.0547
   1330.6057 1304.8649 1282.4062]]

 [[1799.4938 1720.6791 1645.6763 1575.4161 1510.6473 1451.9202 1399.585
   1353.7985 1314.5393 1281.627 ]
  [1774.7695 1695.3466 1619.9882 1549.7637 1485.5219 1427.8593 1377.111
   1333.3617 1296.472  1266.1191]
  [1751.6133 1672.498  1597.6222 1528.1617 1465.0421 1408.8887 1360.0092
   1318.4066 1283.8239 1255.8008]
  [1730.6427 1652.8513 1579.392  1511.4987 1450.134  1395.9226 1349.1276
   1309.6693 1277.1829 1251.0952]
  [1712.6885 1637.2502 1566.1523 1500.6244 1441.6129 1389.7056 1345.1049
   1307.654  1276.9066 1252.2184]
  [1698.726  1626.5745 1558.679  1496.1996 1440.0117 1390.6316 1348.192
   1312.4757 1282.9939 1259.0856]
  [1689.7076 1621.5646 1557.4857 1498.5084 1445.3959 1398.5709 1358.101
   1323.7373 1294.9944 1271.249 ]
  [1686.3323 1622.6025 1562.6267 1507.2905 1457.2289 1412.7733 1373.9462
   1340.502  1312.0021 1287.9022]
  [1688.8168 1629.5232 1573.5605 1521.6656 1474.3597 1431.9086 1394.3215
   1361.3903 1332.7496 1307.9521]
  [1696.7516 1641.5333 1589.1433 1540.2036 1495.16   1454.2513 1417.5077
   1384.777  1355.7759 1330.1475]]

 [[1858.906  1779.4663 1703.6306 1632.4065 1566.6285 1506.9341 1453.7483
   1407.28   1367.5289 1334.3018]
  [1836.399  1756.4177 1680.2644 1609.0891 1543.831  1485.176  1433.5306
   1389.0234 1351.5233 1320.6797]
  [1815.6711 1736.0721 1660.4308 1590.0061 1525.8169 1468.5778 1418.6652
   1376.1201 1340.6842 1311.865 ]
  [1797.3112 1719.1102 1644.8989 1575.992  1513.4446 1457.9712 1409.9026
   1369.1952 1335.4851 1308.1743]
  [1782.0903 1706.3041 1634.4386 1567.7988 1507.4214 1453.984  1407.7606
   1368.6387 1336.187  1309.7577]
  [1770.8804 1698.4069 1629.6808 1565.9296 1508.117  1456.8518 1412.3492
   1374.4547 1342.7214 1316.5155]
  [1764.4708 1695.9653 1630.9231 1570.4432 1515.3777 1466.2505 1423.2286
   1386.1519 1354.6093 1328.037 ]
  [1763.331  1699.1019 1637.9451 1580.8082 1528.4215 1481.2307 1439.3785
   1402.7333 1370.9574 1343.5914]
  [1767.4    1707.3596 1649.9176 1595.8828 1545.8829 1500.3118 1459.3138
   1422.8096 1390.5498 1362.1838]
  [1775.9927 1719.6864 1665.474  1614.0641 1566.0199 1521.7151 1481.3176
   1444.805  1412.0082 1382.6652]]

 [[1923.0217 1843.6567 1767.6404 1696.0372 1629.7548 1569.506  1515.7819
   1468.8336 1428.6711 1395.0774]
  [1903.6052 1823.8245 1747.5703 1676.0458 1610.2616 1550.9763 1498.6584
   1453.4708 1415.2844 1383.7213]
  [1886.1576 1806.8674 1731.1693 1660.3694 1595.5532 1537.5065 1486.6636
   1443.0986 1406.559  1376.5326]
  [1871.1759 1793.3567 1719.0785 1649.6947 1586.3232 1529.748  1480.3611
   1438.1616 1402.8064 1373.702 ]
  [1859.2994 1783.9086 1711.8918 1644.5839 1583.0809 1528.1342 1480.091
   1438.9022 1404.1865 1375.3353]
  [1851.2175 1779.0701 1710.0171 1645.3114 1585.9773 1532.7081 1485.8141
   1445.2341 1410.6077 1381.3777]
  [1847.4901 1779.1353 1713.4927 1651.6873 1594.6415 1542.9808 1496.9935
   1456.6451 1421.6449 1391.5365]
  [1848.3228 1783.954  1721.835  1662.9508 1608.116  1557.8981 1512.5829
   1472.1886 1436.5205 1405.2443]
  [1853.394  1792.8251 1734.0085 1677.8075 1624.9498 1575.9639 1531.1493
   1490.5841 1454.1672 1421.677 ]
  [1861.8224 1804.5488 1748.5576 1694.6287 1643.435  1595.4866 1551.099
   1510.4006 1473.3604 1439.8368]]

 [[1991.5908 1913.0122 1837.5005 1766.154  1699.9312 1639.5989 1585.6912
   1538.4786 1497.9619 1463.888 ]
  [1976.0881 1897.2816 1821.6545 1750.4324 1684.6652 1625.1573 1572.4133
   1526.6124 1487.6193 1455.0312]
  [1962.6935 1884.5177 1809.5015 1738.9567 1673.9979 1615.4493 1563.7822
   1519.0961 1481.1495 1449.4346]
  [1951.746  1875.1023 1801.4609 1732.167  1668.3578 1610.8562 1560.1029
   1516.1454 1478.6859 1447.1757]
  [1943.6763 1869.4124 1797.8652 1730.3501 1667.9816 1611.5607 1561.5074
   1517.8564 1480.3157 1448.3654]
  [1938.9227 1867.722  1798.8402 1733.5089 1672.7804 1617.4194 1567.8406
   1524.108  1485.9934 1453.066 ]
  [1937.7705 1870.0447 1804.1578 1741.2252 1682.2148 1627.8511 1578.5597
   1534.4661 1495.4424 1461.184 ]
  [1940.1603 1875.9852 1813.1332 1752.5983 1695.2653 1641.8229 1592.7179
   1548.1475 1508.0942 1472.3833]
  [1945.5681 1884.6901 1824.642  1766.32   1710.5399 1657.9651 1609.0599
   1564.0825 1523.1057 1486.062 ]
  [1953.0258 1894.9415 1837.2834 1780.8818 1726.5042 1674.7899 1626.2098
   1581.055  1539.4521 1501.4008]]

 [[2064.1897 1987.085  1912.7612 1842.3242 1776.7518 1716.83   1663.0995
   1615.8174 1574.9507 1540.2028]
  [2053.309  1976.214  1901.9281 1831.661  1766.4618 1707.1409 1654.2029
   1607.8195 1567.8414 1533.8531]
  [2044.5837 1968.2747 1894.6458 1824.9688 1760.34   1701.5823 1649.175
   1603.2332 1563.5394 1529.6211]
  [2038.1321 1963.3842 1891.031  1822.3573 1758.4734 1700.2063 1648.0288
   1602.0436 1562.0287 1527.5234]
  [2034.1145 1961.6176 1891.0934 1823.7891 1760.7961 1702.9406 1650.7114
   1604.2487 1563.3882 1527.7468]
  [2032.6747 1962.9421 1894.6611 1829.0006 1767.0093 1709.5088 1657.026
   1609.7767 1567.7023 1530.5417]
  [2033.8129 1967.1051 1901.2811 1837.4142 1776.4967 1719.3453 1666.5336
   1618.3704 1574.9227 1536.0693]
  [2037.2434 1973.5359 1910.1636 1848.1078 1788.3058 1731.5652 1678.4995
   1629.5017 1584.754  1544.2637]
  [2042.327  1981.3389 1920.2251 1859.8947 1801.236  1745.0391 1691.9365
   1642.375  1596.6162 1554.763 ]
  [2048.1191 1989.403  1930.2437 1871.5011 1814.0192 1758.558  1705.7393
   1656.0223 1609.7031 1566.9342]]

 [[2140.2168 2065.2092 1992.7122 1923.806  1859.4487 1800.3999 1747.1614
   1699.94   1658.6492 1622.9492]
  [2134.4795 2059.7434 1987.438  1918.7161 1854.5807 1795.8    1742.8414
   1695.8453 1654.6484 1618.8445]
  [2130.8103 2056.9976 1985.3539 1917.0656 1853.1631 1794.4252 1741.3134
   1693.9531 1652.1692 1615.5607]
  [2129.0554 2056.771  1986.2239 1918.593  1854.9185 1796.0001 1742.3302
   1694.0774 1651.1233 1613.1382]
  [2129.0728 2058.8125 1989.7233 1922.9445 1859.5112 1800.2546 1745.7324
   1696.2067 1651.6711 1611.9154]
  [2130.706  2062.797  1995.4197 1929.6523 1866.5164 1806.8794 1751.3838
   1700.4124 1654.1003 1612.3815]
  [2133.7031 2068.2644 2002.7208 1938.0837 1875.3549 1815.4343 1759.0448
   1706.6875 1658.6376 1614.9716]
  [2137.622  2074.563  2010.8425 1947.4141 1885.2551 1825.28   1768.2665
   1714.8043 1665.2792 1619.8877]
  [2141.8013 2080.8613 2018.8518 1956.6798 1895.2914 1835.5908 1778.3699
   1724.2598 1673.7103 1626.9978]
  [2145.416  2086.2446 2025.7825 1964.9017 1904.5059 1845.46   1788.5276
   1734.3309 1683.3324 1635.8406]]

 [[2218.898  2146.5112 2076.3838 2009.5385 1946.8674 1889.0554 1836.5206
   1789.3885 1747.5107 1710.52  ]
  [2218.581  2146.7063 2076.8804 2010.1613 1947.4591 1889.457  1836.5521
   1788.8433 1746.1608 1708.1398]
  [2220.0684 2149.1936 2079.954  2013.4124 1950.4927 1891.8989 1838.0569
   1789.1064 1744.9362 1705.2516]
  [2222.9124 2153.4404 2085.0151 2018.6803 1955.3761 1895.8557 1840.627
   1789.9347 1743.7877 1702.016 ]
  [2226.6738 2158.8923 2091.4536 2025.3682 1961.5989 1900.9711 1844.1117
   1791.4137 1743.0444 1698.983 ]
  [2230.9355 2164.9973 2098.664  2032.9125 1968.7274 1907.0167 1848.5345
   1793.8318 1743.2413 1696.8953]
  [2235.2617 2171.1787 2106.0222 2040.7372 1976.327  1913.7665 1853.9171
   1797.4639 1744.8826 1696.4431]
  [2239.1414 2176.8022 2112.8503 2048.2065 1983.8771 1920.8718 1860.1144
   1802.3757 1748.2327 1698.0596]
  [2241.9717 2181.1797 2118.433  2054.6292 1990.7566 1927.818  1866.7441
   1808.3328 1753.2072 1701.804 ]
  [2243.108  2183.6372 2122.0867 2059.3274 1996.3077 1933.9792 1873.2294
   1814.8265 1759.3853 1707.3602]]

 [[2299.317  2229.9321 2162.5708 2098.1602 2037.4855 1981.1132 1929.3456
   1882.2146 1839.5164 1800.8843]
  [2304.4082 2235.704  2168.661  2104.2058 2043.1226 1985.979  1933.0875
   1884.5068 1840.0839 1799.524 ]
  [2310.8403 2243.11   2176.4639 2111.814  2049.958  1991.5095 1936.8583
   1886.1694 1839.4149 1796.4321]
  [2317.8853 2251.3184 2185.0955 2120.1118 2057.2002 1997.0646 1940.2318
   1887.0325 1837.6134 1791.9725]
  [2324.8547 2259.5469 2193.761  2128.3828 2064.3008 2002.3375 1943.1877
   1887.375  1835.2355 1786.9341]
  [2331.148  2267.1152 2201.8013 2136.091  2070.935  2007.2783 1945.9773
   1887.7363 1833.0686 1782.2893]
  [2336.234  2273.4329 2208.6626 2142.812  2076.8845 2011.9178 1948.8943
   1888.6567 1831.8563 1778.9329]
  [2339.6152 2277.9624 2213.8423 2148.145  2081.9004 2016.1937 1952.0701
   1890.451  1832.0739 1777.4681]
  [2340.8088 2280.2056 2216.8647 2151.6704 2085.644  2019.8625 1955.3687
   1893.0963 1833.8129 1778.0938]
  [2339.3733 2279.731  2217.3115 2152.9795 2087.712  2022.5277 1958.4113
   1896.25   1836.7872 1780.6022]]]
"""
