raw_data = """
[[[2144.439  2077.8425 2013.5804 1952.4044 1894.9286 1841.6198 1792.7887
   1748.5966 1709.0674 1674.1069]
  [2133.3245 2067.8499 2004.8733 1945.2014 1889.479  1838.1631 1791.5137
   1749.6035 1712.343  1679.5215]
  [2122.6707 2059.2593 1998.4851 1941.1736 1887.9601 1839.2556 1795.2372
   1755.8656 1720.9291 1690.1046]
  [2112.8022 2052.4248 1994.8014 1940.7223 1890.7614 1845.2378 1804.2122
   1767.5162 1734.8204 1705.7152]
  [2104.2952 2047.866  1994.2733 1944.2115 1898.136  1856.2286 1818.4052
   1784.3682 1753.6925 1725.9259]
  [2097.9565 2046.2329 1997.3668 1951.8998 1910.1194 1872.0372 1837.417
   1805.8516 1776.863  1750.0084]
  [2094.7058 2048.1885 2004.4486 1963.8351 1926.4392 1892.0989 1860.4474
   1831.0094 1803.3082 1776.9617]
  [2095.376  2054.2253 2015.6327 1979.7399 1946.452  1915.4634 1886.3284
   1858.5629 1831.7448 1805.5874]
  [2100.4775 2064.4624 2030.6271 1998.9286 1969.1301 1940.8472 1913.627
   1887.0392 1860.7559 1834.5996]
  [2110.0024 2078.5024 2048.658  2020.3002 1993.127  1966.7574 1940.803
   1914.9374 1888.9454 1862.7477]]

 [[2170.716  2103.984  2039.5741 1978.2775 1920.745  1867.47   1818.7803
   1774.8444 1735.6814 1701.1838]
  [2161.2534 2095.7444 2032.6913 1972.9385 1917.1627 1865.8438 1819.2548
   1777.4716 1740.3971 1707.8055]
  [2152.645  2089.3132 2028.5272 1971.1409 1917.815  1868.981  1824.8269
   1785.3181 1750.2406 1719.2684]
  [2145.2122 2085.0364 2027.4465 1973.2493 1923.0369 1877.1466 1835.654
   1798.4078 1765.0961 1735.3308]
  [2139.4873 2083.3694 2029.8169 1979.5253 1932.9609 1890.3263 1851.5682
   1816.4305 1784.5414 1755.5073]
  [2136.1743 2084.827  2035.9386 1990.0385 1947.4216 1908.1337 1871.9977
   1838.6868 1807.8223 1779.0632]
  [2136.018  2089.8535 2045.926  2004.5645 1965.8782 1929.7643 1895.9553
   1864.1052 1833.8824 1805.0444]
  [2139.5974 2098.643  2059.5664 2022.4982 1987.3857 1954.0209 1922.1042
   1891.3268 1861.4456 1832.3346]
  [2147.101  2110.9666 2076.2183 2042.8301 2010.6467 1979.4275 1948.9061
   1918.8566 1889.1443 1859.7501]
  [2158.1772 2126.0898 2094.8066 2064.2183 2034.1514 2004.4071 1974.8087
   1945.2397 1915.666  1886.1437]]

 [[2198.5818 2132.275  2068.2505 2007.3212 1950.1592 1897.2759 1849.0122
   1805.5415 1766.8806 1732.9117]
  [2191.3467 2126.3887 2063.8022 2004.4441 1949.0055 1897.9802 1851.6508
   1810.0977 1773.2255 1740.8037]
  [2185.3574 2122.6924 2062.4175 2005.3877 1952.2705 1903.5072 1859.2994
   1819.6265 1784.2917 1752.985 ]
  [2180.8928 2121.4722 2064.3818 2010.4152 1960.1641 1913.9789 1871.9623
   1834.0006 1799.83   1769.1139]
  [2178.3835 2123.0571 2069.9124 2019.6172 1972.6368 1929.2    1889.3069
   1852.7797 1819.3387 1788.6858]
  [2178.3647 2127.7593 2079.0803 2032.8229 1989.2902 1948.5793 1910.6095
   1875.1816 1842.0592 1811.0381]
  [2181.3398 2135.7446 2091.7026 2049.5156 2009.3229 1971.1135 1934.7653
   1900.1102 1867.     1835.3567]
  [2187.5818 2146.878  2107.2397 2068.7927 2031.5536 1995.4528 1960.3813
   1926.2435 1893.0017 1860.7014]
  [2196.9487 2160.603  2124.7534 2089.4097 2054.5308 2020.0554 1985.9373
   1952.1752 1918.8358 1886.0564]
  [2208.7935 2175.9326 2142.983  2109.918  2076.7183 2043.3895 2009.9778
   1976.577  1943.3268 1910.409 ]]

 [[2227.7861 2162.4468 2099.3306 2039.2526 1982.8922 1930.7668 1883.2245
   1840.4406 1802.4277 1769.0562]
  [2223.2983 2159.4575 2097.8677 2039.376  1984.6678 1934.2386 1888.3757
   1847.1666 1810.5222 1778.217 ]
  [2220.4229 2158.9863 2099.7292 2043.4797 1990.8921 1942.4071 1898.2394
   1858.3939 1822.7065 1790.9031]
  [2219.3464 2161.2012 2105.0537 2051.655  2001.5801 1955.1875 1912.6168
   1873.8153 1838.5929 1806.6913]
  [2220.3418 2166.2417 2113.8428 2063.7617 2016.4514 1972.1742 1931.0066
   1892.8809 1857.6428 1825.1165]
  [2223.7136 2174.1597 2125.893  2079.3591 2034.87   1992.5961 1952.5833
   1914.7974 1879.1746 1845.6682]
  [2229.6729 2184.8108 2140.7163 2097.6606 2055.8298 2015.3328 1976.2267
   1938.5516 1902.3651 1867.7605]
  [2238.1724 2197.7427 2157.4902 2117.547  2078.0205 2039.0072 2000.6135
   1962.9749 1926.2657 1890.6984]
  [2248.7751 2212.1436 2175.086  2137.665  2099.9731 2062.1445 2024.359
   1986.8413 1949.8524 1913.676 ]
  [2260.6294 2226.8926 2192.1934 2156.601  2120.2559 2083.3628 2046.1802
   2008.9967 1972.1129 1935.8278]]

 [[2258.0276 2194.1538 2132.4348 2073.6711 2018.5327 1967.5325 1921.0143
   1879.1476 1841.9341 1809.2278]
  [2256.7153 2194.5073 2134.407  2077.226  2023.6292 1974.0978 1928.9174
   1888.1798 1851.8033 1819.5729]
  [2257.3247 2197.6196 2139.8428 2084.7698 2033.0212 1985.0272 1941.015
   1901.0208 1864.9249 1832.503 ]
  [2259.9036 2203.4844 2148.6738 2096.1562 2046.4722 1999.9862 1956.8828
   1917.1847 1880.7969 1847.5569]
  [2264.5151 2212.001  2160.6401 2110.9795 2063.4531 2018.3623 1975.8773
   1936.0614 1898.9069 1864.3741]
  [2271.192  2222.9307 2175.2502 2128.54   2083.1265 2039.2654 1997.1514
   1956.9332 1918.7343 1882.669 ]
  [2279.837  2235.8252 2191.7476 2147.849  2104.3748 2061.5693 2019.6833
   1978.9755 1939.7081 1902.1436]
  [2290.1074 2249.9746 2209.1172 2167.6848 2125.8877 2083.9956 2042.3331
   2001.2603 1961.1548 1922.3859]
  [2301.3452 2264.4128 2226.1626 2186.7173 2146.3037 2105.2437 2063.9314
   2022.7993 1982.2878 1942.8168]
  [2312.6108 2278.0159 2241.6519 2203.6797 2164.3823 2124.1423 2083.4028
   2042.6266 2002.2603 1962.7133]]

 [[2288.9648 2226.9907 2167.107  2110.083  2056.5645 2007.0458 1961.8512
   1921.1299 1884.8604 1852.8717]
  [2291.1362 2231.003  2172.8215 2117.353  2065.2195 2016.8768 1972.596
   1932.4651 1896.4077 1864.2188]
  [2295.45   2237.8933 2181.9895 2128.4407 2077.8174 2030.5284 1986.8082
   1946.7251 1910.2098 1877.0947]
  [2301.775  2247.4395 2194.29   2142.9263 2093.8435 2047.4089 2003.8533
   1963.2831 1925.7064 1891.0637]
  [2309.9336 2259.2744 2209.187  2160.1392 2112.543  2066.7427 2023.0078
   1981.5405 1942.4834 1905.9348]
  [2319.6758 2272.876  2225.9321 2179.1768 2132.9536 2087.612  2043.4979
   2000.9429 1960.2526 1921.6946]
  [2330.6199 2287.5444 2243.5771 2198.9463 2153.9585 2108.9966 2064.4985
   2020.9294 1978.7433 1938.3555]
  [2342.189  2302.399  2261.026  2218.244  2174.3628 2129.8164 2085.1282
   2040.8633 1997.5814 1955.7937]
  [2353.598  2316.4302 2277.1265 2235.8672 2192.9985 2149.0059 2104.4707
   2060.0078 2016.2174 1973.6466]
  [2363.919  2328.606  2290.8071 2250.7554 2208.8496 2165.6162 2121.6536
   2077.5735 2033.9559 1991.3201]]

 [[2320.2344 2260.5195 2202.8442 2147.9353 2096.3975 2048.6875 2005.0918
   1965.7195 1930.5098 1899.2562]
  [2326.0642 2268.3538 2212.4446 2159.0254 2108.664  2061.7712 2018.5898
   1979.1927 1943.5016 1911.3208]
  [2334.1406 2279.044  2225.3174 2173.5742 2124.3228 2077.939  2034.6562
   1994.5707 1957.6617 1923.822 ]
  [2344.1309 2292.1267 2240.8765 2190.8862 2142.5996 2096.3804 2052.504
   2011.1571 1972.4496 1936.424 ]
  [2355.6138 2306.9797 2258.337  2210.0728 2162.5781 2116.2373 2071.4172
   2028.4502 1987.621  1949.1561]
  [2368.0823 2322.8447 2276.7617 2230.1157 2183.271  2136.6648 2090.7837
   2046.1261 2003.1604 1962.2917]
  [2380.9258 2338.8496 2295.1118 2249.9277 2203.6665 2156.8352 2110.0386
   2063.9224 2019.1067 1976.1411]
  [2393.4146 2354.0422 2312.3096 2268.4167 2222.7627 2175.9211 2128.5857
   2081.4956 2035.3671 1990.8365]
  [2404.7224 2367.4526 2327.3247 2284.566  2239.6196 2193.105  2145.7563
   2098.3438 2051.6074 2006.2079]
  [2414.0005 2378.1946 2339.2754 2297.5276 2253.4348 2207.6357 2160.8535
   2113.8274 2067.2585 2021.7704]]

 [[2351.4773 2294.3018 2239.1365 2186.6514 2137.396  2091.768  2049.992
   2012.1165 1978.0261 1947.4741]
  [2361.003  2305.9668 2252.5886 2201.4775 2153.1274 2107.891  2065.9658
   2027.3965 1992.0963 1959.8805]
  [2372.7507 2320.312  2268.9644 2219.2256 2171.5317 2126.2146 2083.499
   2043.5017 2006.2463 1971.686 ]
  [2386.1836 2336.6423 2287.4329 2238.9673 2191.6338 2145.7893 2101.746
   2059.7646 2020.0446 1982.7252]
  [2400.6624 2354.1233 2307.024  2259.6772 2212.4539 2165.776  2120.0942
   2075.856  2033.4695 1993.2738]
  [2415.4788 2371.837  2326.7043 2280.3232 2233.079  2185.4868 2138.154
   2091.7185 2046.7858 2003.8767]
  [2429.8674 2388.8286 2345.4395 2299.914  2252.6755 2204.337  2155.641
   2107.38   2060.31   2015.0928]
  [2443.026  2404.1536 2362.2454 2317.5256 2270.4675 2221.7588 2172.2283
   2122.7563 2074.1875 2027.2627]
  [2454.1462 2416.9348 2376.244  2332.3374 2285.733  2237.1555 2187.459
   2137.5403 2088.256  2040.3663]
  [2462.492  2426.4397 2386.7324 2343.6855 2297.8457 2249.9336 2200.7715
   2151.2073 2102.0464 2054.0088]]

 [[2382.3665 2327.9282 2275.4922 2225.6587 2178.9026 2135.5403 2095.7156
   2059.3984 2026.4113 1996.469 ]
  [2395.4983 2343.2842 2292.5952 2243.9502 2197.7585 2154.2993 2113.713
   2076.0083 2041.0891 2008.7849]
  [2410.7004 2361.001  2312.123  2264.4863 2218.4487 2174.2954 2132.2349
   2092.3984 2054.8506 2019.6027]
  [2427.2505 2380.189  2333.0576 2286.1812 2239.8965 2194.5508 2150.4873
   2108.027  2067.4502 2028.9799]
  [2444.3416 2399.8696 2354.33   2307.9746 2261.1602 2214.3406 2168.038
   2122.7942 2079.117  2037.4388]
  [2461.1333 2419.0505 2374.9043 2328.912  2281.4805 2233.1929 2184.752
   2136.9067 2090.3687 2045.7495]
  [2476.7834 2436.775  2393.8262 2348.1562 2300.2383 2250.7712 2200.6042
   2150.641  2101.7437 2054.657 ]
  [2490.475  2452.1614 2410.2424 2364.9692 2316.876  2266.7388 2215.4902
   2164.1174 2113.5615 2064.6455]
  [2501.4578 2464.4424 2423.4272 2378.7053 2330.8535 2280.6748 2229.116
   2177.169  2125.7834 2075.7988]
  [2509.1038 2473.0222 2432.822  2388.8423 2341.6724 2292.0957 2241.0122
   2189.353  2138.0117 2087.7893]]

 [[2412.625  2361.0425 2311.4634 2264.4053 2220.2505 2179.2188 2141.358
   2106.5552 2074.5742 2045.1034]
  [2429.1653 2379.8171 2331.8643 2285.727  2241.7239 2200.0535 2160.795
   2123.9243 2089.3374 2056.8882]
  [2447.5076 2400.5144 2354.0808 2308.5295 2264.1455 2221.1675 2179.7876
   2140.1514 2102.3623 2066.4873]
  [2466.7856 2422.1091 2376.987  2331.6677 2286.4468 2241.6655 2197.6934
   2154.904  2113.6433 2074.2046]
  [2486.086  2443.5571 2399.5059 2354.141  2307.8154 2261.0127 2214.313
   2168.3313 2123.6533 2080.7817]
  [2504.5063 2463.8694 2420.6782 2375.1418 2327.6936 2278.9722 2229.7563
   2180.874  2133.1143 2087.1538]
  [2521.1907 2482.1482 2439.6768 2394.0127 2345.677  2295.4346 2244.2139
   2192.997  2142.7175 2094.179 ]
  [2535.3535 2497.604  2455.7898 2410.1907 2361.394  2310.243  2257.7437
   2204.9565 2152.8901 2102.4219]
  [2546.3137 2509.5789 2468.4226 2423.17   2374.4424 2323.1018 2270.1602
   2216.6775 2163.6663 2112.0251]
  [2553.5405 2517.582  2477.123  2432.5222 2384.4033 2333.594  2281.049
   2227.7627 2174.6934 2122.703 ]]]
"""
