raw_data = """
[[[1662.0115 1585.7461 1513.6598 1446.487  1384.778  1328.8993 1279.0471
   1235.2675 1197.4812 1165.5085]
  [1634.9248 1557.9863 1485.5026 1418.3252 1357.0854 1302.1853 1253.8079
   1211.9443 1176.4291 1146.9786]
  [1609.023  1532.2577 1460.167  1393.695  1333.5347 1280.1104 1233.582
   1193.8794 1160.7483 1133.8   ]
  [1584.8436 1509.187  1438.3704 1373.3905 1314.9711 1263.5337 1219.2024
   1181.8403 1151.1052 1126.5111]
  [1563.1581 1489.567  1420.9265 1358.2355 1302.206  1253.2274 1211.3708
   1176.428  1147.977  1125.4512]
  [1544.9407 1474.3129 1408.6823 1348.9978 1295.9142 1249.7571 1210.5288
   1177.9514 1151.5374 1130.6643]
  [1531.2567 1464.346  1402.3972 1346.2618 1296.4995 1253.3478 1216.7317
   1186.3119 1161.5579 1141.8278]
  [1523.0857 1460.4214 1402.5786 1350.2778 1303.9609 1263.7676 1229.5513
   1200.9324 1177.3693 1158.238 ]
  [1521.1156 1462.9375 1409.3145 1360.8251 1317.7915 1280.2668 1248.0575
   1220.774  1197.8999 1178.8622]
  [1525.559  1471.7767 1422.1538 1377.1392 1336.959  1301.6116 1270.8928
   1244.4408 1221.7937 1202.4517]]

 [[1712.1215 1633.8253 1559.6455 1490.4225 1426.805  1369.2472 1318.0127
   1273.1934 1234.7295 1202.4333]
  [1685.4608 1606.4744 1531.8849 1462.6624 1399.5475 1343.0345 1293.3727
   1250.5891 1214.521  1184.8553]
  [1660.1924 1581.4065 1507.231  1438.7382 1376.7405 1321.7571 1274.0114
   1233.4578 1199.8264 1172.6809]
  [1636.918  1559.3212 1486.4808 1419.5275 1359.3083 1306.3418 1260.8098
   1222.5887 1191.3076 1166.4181]
  [1616.4672 1541.0709 1470.5068 1405.9072 1348.107  1297.5895 1254.4775
   1218.5697 1189.4072 1166.3579]
  [1599.848  1527.5912 1460.1626 1398.6365 1343.7847 1296.0211 1255.3958
   1221.6357 1194.221  1172.475 ]
  [1588.1082 1519.7551 1456.129  1398.1941 1346.6167 1301.717  1263.4684
   1231.5452 1205.4009 1184.3633]
  [1582.1278 1518.1738 1458.7278 1404.6104 1356.3607 1314.1998 1278.0381
   1247.5266 1222.1333 1201.2328]
  [1582.396  1522.9956 1467.7563 1417.3479 1372.1874 1332.4158 1297.9102
   1268.3342 1243.2072 1221.9807]
  [1588.8341 1533.7739 1482.4117 1435.2887 1392.7319 1354.8397 1321.4954
   1292.4077 1267.1697 1245.3198]]

 [[1767.148  1687.3955 1611.621  1540.7612 1475.5654 1416.5795 1364.1448
   1318.406  1279.3267 1246.7092]
  [1741.7156 1661.2863 1585.1056 1514.2509 1449.5723 1391.6608 1340.8411
   1297.1829 1260.5298 1230.5386]
  [1717.8857 1637.6998 1561.954  1491.8365 1428.275  1371.8894 1322.9739
   1281.5154 1247.2346 1219.6482]
  [1696.2877 1617.3678 1542.9977 1474.4272 1412.6226 1358.2025 1311.4156
   1272.1614 1240.0491 1214.477 ]
  [1677.7643 1601.1514 1529.1124 1462.8965 1403.4557 1351.3712 1306.8289
   1269.6465 1239.3464 1215.2499]
  [1663.3029 1589.9479 1521.0968 1457.9323 1401.3364 1351.818  1309.4897
   1274.1045 1245.1362 1221.884 ]
  [1653.8712 1584.5186 1519.4904 1459.8474 1406.36   1359.441  1319.1334
   1285.1538 1256.9756 1233.9309]
  [1650.1871 1585.2684 1524.3738 1468.4104 1418.0175 1373.5131 1334.8915
   1301.8687 1273.9612 1250.5795]
  [1652.4895 1592.0571 1535.2299 1482.7628 1435.1764 1392.7185 1355.3667
   1322.8718 1294.8242 1270.7329]
  [1660.3934 1604.1129 1550.9331 1501.487  1456.2147 1415.3324 1378.8359
   1346.533  1318.0975 1293.134 ]]

 [[1827.147  1746.5931 1669.8099 1597.8185 1531.4618 1471.378  1417.988
   1371.49   1331.868  1298.9086]
  [1803.814  1722.6426 1645.4873 1573.5155 1507.676  1448.6547 1396.8518
   1352.381  1315.0911 1284.607 ]
  [1782.2897 1701.4321 1624.7433 1553.5026 1488.7407 1431.1719 1381.1622
   1338.7329 1303.6003 1275.2407]
  [1763.1813 1683.6672 1608.3757 1538.6471 1475.5498 1419.7961 1371.7028
   1331.2004 1297.8926 1271.1426]
  [1747.2833 1670.1478 1597.188  1529.7379 1468.8479 1415.1915 1369.0233
   1330.1978 1298.2433 1272.4666]
  [1735.4922 1661.6588 1591.8473 1527.3163 1469.0422 1417.6266 1373.2583
   1335.7434 1304.5874 1279.1058]
  [1728.6243 1658.7783 1592.6858 1531.4763 1476.0111 1426.8016 1383.9834
   1347.3506 1316.4401 1290.6349]
  [1727.1766 1661.6581 1599.5118 1541.7118 1488.9922 1441.7805 1400.1825
   1364.0182 1332.8971 1306.3066]
  [1731.114  1669.8644 1611.5153 1556.8942 1506.6256 1461.0801 1420.3625
   1384.3453 1352.7281 1325.1119]
  [1739.7705 1682.3579 1627.3328 1575.4141 1527.1561 1482.9047 1442.7876
   1406.7375 1374.5397 1345.8898]]

 [[1892.0509 1811.4026 1734.2664 1661.7288 1594.7128 1533.9401 1479.901
   1432.8384 1392.745  1359.3817]
  [1871.708  1790.5615 1713.1301 1640.6442 1574.1317 1514.3599 1461.7927
   1416.5791 1378.5676 1347.3501]
  [1853.3605 1772.6351 1695.717  1623.9448 1558.4247 1499.9475 1448.9401
   1405.455  1369.2083 1339.6498]
  [1837.5334 1758.2285 1682.7084 1612.3629 1548.332  1491.4017 1441.95
   1399.9456 1365.0043 1336.4861]
  [1824.8977 1747.9987 1674.7441 1606.5094 1544.4111 1489.1982 1441.196
   1400.3152 1366.1241 1337.9606]
  [1816.1809 1742.5349 1672.2786 1606.7043 1546.854  1493.4126 1446.6583
   1406.4829 1372.4684 1343.9985]
  [1811.9791 1742.1715 1675.389  1612.7932 1555.3168 1503.5703 1457.8032
   1417.9276 1383.5919 1354.2806]
  [1812.531  1746.7885 1683.6177 1624.0321 1568.8495 1518.615  1473.5714
   1433.682  1398.6923 1368.2108]
  [1817.538  1755.7014 1695.9359 1639.1238 1585.9884 1537.0308 1492.506
   1452.4398 1416.6766 1384.9438]
  [1826.1282 1767.7073 1710.8728 1656.4148 1604.9946 1557.0924 1512.9824
   1472.7444 1436.3004 1403.4658]]

 [[1961.6343 1881.6195 1804.8289 1732.3906 1665.2859 1604.2961 1549.96
   1502.5415 1462.0237 1428.1288]
  [1945.1337 1864.8043 1787.8407 1715.5027 1648.8674 1588.7533 1535.6646
   1489.7666 1450.899  1418.6246]
  [1930.7676 1851.0009 1774.6101 1702.9495 1637.1617 1578.0826 1526.1771
   1481.5214 1443.8378 1412.5747]
  [1918.9108 1840.6337 1765.6086 1695.2267 1630.6536 1572.7196 1521.8495
   1478.0568 1440.9963 1410.0658]
  [1910.0363 1834.1313 1761.224  1692.6779 1629.6332 1572.8909 1522.8447
   1479.4847 1442.4614 1411.1942]
  [1904.6282 1831.8175 1761.6333 1695.3531 1634.0496 1578.4775 1529.0166
   1485.6772 1448.1667 1415.9915]
  [1903.014  1833.7478 1766.646  1702.8633 1643.3793 1588.9006 1539.8103
   1496.1752 1457.8026 1424.3253]
  [1905.1674 1839.5531 1775.5929 1714.311  1656.5941 1603.107  1554.2501
   1510.1627 1470.765  1435.8245]
  [1910.5803 1848.3845 1787.3419 1728.3682 1672.2736 1619.6925 1571.0449
   1526.5345 1486.1792 1449.8602]
  [1918.2799 1859.0065 1800.4618 1743.4868 1688.8383 1637.1262 1588.7804
   1544.044  1502.9972 1465.5973]]

 [[2035.4932 1956.8245 1881.0856 1809.4178 1742.8281 1682.1233 1627.8518
   1580.2659 1539.3156 1504.6774]
  [2023.5784 1944.8329 1869.0764 1797.5602 1731.3674 1671.3269 1617.9467
   1571.3848 1531.4641 1497.7325]
  [2013.8501 1935.8268 1860.6974 1789.7827 1724.2135 1664.828  1612.1007
   1566.1218 1526.6346 1493.1189]
  [2006.4678 1929.9738 1856.1244 1786.2565 1721.5142 1662.7338 1610.3716
   1564.4937 1524.8263 1490.853 ]
  [2001.6395 1927.4047 1855.4254 1787.0023 1723.2549 1665.0098 1612.7285
   1566.5028 1526.1079 1491.0974]
  [1999.5596 1928.1383 1858.4783 1791.7975 1729.165  1671.3932 1618.9711
   1572.0581 1530.5309 1494.0631]
  [2000.2697 1931.9598 1864.8596 1800.0818 1738.6309 1681.3046 1628.6328
   1580.8656 1538.0045 1499.8661]
  [2003.5127 1938.3165 1873.7827 1810.9227 1750.676  1693.8256 1640.9401
   1592.3553 1548.1925 1508.4017]
  [2008.6543 1946.304  1884.1427 1823.1003 1764.0594 1707.7839 1654.8639
   1605.6936 1560.4816 1519.2809]
  [2014.7338 1954.7806 1894.6765 1835.2924 1777.4642 1721.9252 1669.2594
   1619.882  1574.0432 1531.8552]]

 [[2113.035  2036.3683 1962.349  1892.0989 1826.6095 1766.6644 1712.7765
   1665.1484 1623.6775 1587.9971]
  [2106.269  2029.7903 1955.9127 1885.8367 1820.602  1760.9991 1707.4996
   1660.2313 1619.0017 1583.3682]
  [2101.608  2025.9968 1952.7617 1883.1414 1818.204  1758.7457 1705.2235
   1657.7377 1616.0723 1579.7784]
  [2098.9429 2024.8408 1952.719  1883.8125 1819.196  1759.6792 1705.738
   1657.5034 1614.8055 1577.2582]
  [2098.1816 2026.1249 1955.5157 1887.5471 1823.2834 1763.5553 1708.8927
   1659.5096 1615.3405 1576.1138]
  [2099.2148 2029.571  1960.7603 1893.9083 1830.0565 1770.0634 1714.5342
   1663.7974 1617.925  1576.79  ]
  [2101.827  2034.7482 1967.8776 1902.2659 1838.9253 1778.7388 1722.3875
   1670.3169 1622.7405 1579.6764]
  [2105.5964 2041.0114 1976.0763 1911.7743 1849.0846 1788.901  1731.9595
   1678.7965 1629.7413 1584.9373]
  [2109.8564 2047.5109 1984.3928 1921.4297 1859.5653 1799.6809 1742.5303
   1688.697  1638.5822 1592.4144]
  [2113.7583 2053.2952 1991.816  1930.2053 1869.3618 1810.1289 1753.2372
   1699.2694 1648.6455 1601.635 ]]

 [[2193.4834 2119.376  2047.6536 1979.3812 1915.487  1856.6815 1803.394
   1755.7484 1713.5798 1676.4967]
  [2192.1816 2118.5107 2047.0483 1978.9005 1915.0162 1856.1007 1802.5562
   1754.468  1711.641  1673.674 ]
  [2192.7275 2120.0115 2049.1265 1981.1875 1917.157  1857.755  1803.4034
   1754.2169 1710.0454 1670.5494]
  [2194.718  2123.3965 2053.3528 1985.6838 1921.365  1861.1569 1805.5515
   1754.7582 1708.7374 1667.2664]
  [2197.7593 2128.1592 2059.1626 1991.8324 1927.1566 1865.9617 1808.8468
   1756.161  1708.0168 1664.3383]
  [2201.4746 2133.7832 2065.9795 1999.0844 1934.101  1871.9281 1813.2865
   1758.6776 1708.3773 1662.4634]
  [2205.455  2139.711  2073.1846 2006.857  1941.7416 1878.7983 1818.8525
   1762.5392 1710.2794 1662.2904]
  [2209.1997 2145.3047 2080.0845 2014.4866 1949.5228 1886.1842 1825.3594
   1767.7728 1713.9503 1664.2184]
  [2212.0957 2149.8545 2085.9312 2021.2437 1956.7827 1893.5314 1832.3893
   1774.1125 1719.2803 1668.2856]
  [2213.4712 2152.649  2089.9995 2026.4087 1962.8235 1900.18   1839.3376
   1781.0298 1725.834  1674.1677]]

 [[2275.9023 2204.77   2135.774  2069.8838 2007.9199 1950.4725 1897.8563
   1850.1008 1806.9891 1768.132 ]
  [2280.0847 2209.5684 2140.859  2074.9304 2012.6031 1954.4664 1900.8367
   1851.76   1807.0598 1766.4097]
  [2285.6572 2216.079  2147.7656 2081.6797 2018.6522 1959.3124 1904.0443
   1852.9906 1806.0897 1763.138 ]
  [2291.9277 2223.513  2155.6553 2089.2993 2025.3079 1964.3921 1907.0631
   1853.6198 1804.1667 1758.6562]
  [2298.2476 2231.1255 2163.7651 2097.0977 2032.0345 1969.398  1909.859
   1853.9014 1801.8156 1753.7175]
  [2304.0454 2238.2607 2171.4521 2104.5425 2038.4999 1974.2606 1912.653
   1854.3395 1799.7842 1749.255 ]
  [2308.8083 2244.337  2178.1587 2111.1948 2044.4595 1978.9789 1915.7036
   1855.4354 1798.7786 1746.1279]
  [2312.0413 2248.8071 2183.3633 2116.6267 2049.6335 1983.455  1919.1073
   1857.4723 1799.2455 1744.9121]
  [2313.2476 2251.1514 2186.5625 2120.3872 2053.6506 1987.4161 1922.7013
   1860.4047 1801.2555 1745.7908]
  [2311.962  2250.9065 2187.3035 2122.034  2056.0776 1990.4417 1926.0887
   1863.8761 1804.5153 1748.5507]]]
"""
