raw_data = """
[[[2767.906  2631.5046 2496.4202 2364.4443 2237.2598 2116.3604 2002.9812
   1898.0391 1802.102  1715.3909]
  [2778.463  2643.174  2509.0664 2378.0056 2251.7295 2131.7659 2019.3416
   1915.3317 1820.2373 1734.2042]
  [2786.9524 2654.2156 2522.5474 2393.8176 2269.7583 2151.8613 2041.293
   1938.8488 1844.9442 1759.6613]
  [2793.1313 2664.4106 2536.6816 2411.7405 2291.2278 2176.524  2068.6748
   1968.3588 1875.9059 1791.3595]
  [2797.1396 2673.7961 2551.402  2431.594  2315.833  2205.3125 2100.9038
   2003.1512 1912.3127 1828.4355]
  [2799.5286 2682.6865 2566.7556 2453.136  2343.0374 2237.4106 2136.9268
   2042.0007 1952.8514 1869.5785]
  [2801.1646 2691.579  2582.8196 2475.9978 2372.0344 2271.6255 2175.2524
   2083.2354 1995.7961 1913.1267]
  [2802.9922 2700.9495 2599.544  2499.5908 2401.7341 2306.4497 2214.0818
   2124.9077 2039.1957 1957.2449]
  [2805.735  2710.9998 2616.5823 2523.0386 2430.7983 2340.1934 2251.5076
   2165.0332 2081.1084 2000.1289]
  [2809.6296 2721.4714 2633.1978 2545.1853 2457.7463 2371.166  2285.7432
   2201.8257 2119.8223 2040.1908]]

 [[2767.1533 2629.7368 2493.6501 2360.7524 2232.792  2111.3193 1997.6107
   1892.6074 1796.8812 1710.6388]
  [2779.347  2643.0642 2507.9277 2375.8674 2248.691  2127.9834 2015.0206
   1910.7092 1815.562  1729.7198]
  [2790.0317 2656.348  2523.6194 2393.7776 2268.6216 2149.7087 2038.2659
   1935.1351 1840.7646 1755.2526]
  [2798.9336 2669.33   2540.4985 2414.2866 2292.3997 2176.2947 2067.0964
   1965.5607 1872.0839 1786.761 ]
  [2806.0923 2681.93   2558.362  2437.0625 2319.559  2207.1382 2100.7815
   2001.1523 1908.6241 1823.342 ]
  [2811.8838 2694.248  2577.0117 2461.6023 2349.3027 2241.1836 2138.0693
   2040.5466 1949.005  1863.6891]
  [2816.913  2706.473  2596.1826 2487.1826 2380.4868 2276.9478 2177.251
   2081.9438 1991.4683 1906.195 ]
  [2821.786  2718.694  2615.418  2512.818  2411.667  2312.6418 2216.3423
   2123.314  2034.0741 1949.115 ]
  [2826.8362 2730.7063 2633.9736 2537.2764 2441.2185 2346.3796 2253.3325
   2162.6562 2074.9365 1990.7494]
  [2831.924  2741.8997 2650.8147 2559.1792 2467.5251 2376.4165 2286.4497
   2198.247  2112.4336 2029.6116]]

 [[2764.7832 2627.1174 2490.7952 2357.7126 2229.6538 2108.2039 1994.6646
   1889.9943 1794.7693 1709.1876]
  [2778.8916 2642.4019 2507.0107 2374.6782 2247.248  2126.3428 2013.2744
   1908.9792 1813.9891 1728.4528]
  [2792.0579 2658.2024 2525.1602 2394.884  2269.2092 2149.7417 2037.7625
   1934.1688 1839.4585 1753.7651]
  [2803.943  2674.1821 2544.9214 2418.0203 2295.2263 2178.0627 2067.7417
   1965.1141 1870.6703 1784.5822]
  [2814.4373 2690.0842 2565.8953 2443.5496 2324.6284 2210.5154 2102.3247
   2000.8716 1906.6761 1820.0062]
  [2823.6758 2705.7358 2587.5898 2470.6738 2356.347  2245.8198 2140.107
   2040.0068 1946.1101 1858.8215]
  [2831.9387 2720.964  2609.3687 2498.3184 2388.9392 2282.2764 2179.2632
   2080.7102 1987.2987 1899.5801]
  [2839.448  2735.46   2630.3904 2525.1611 2420.7048 2317.942  2217.7617
   2121.0042 2028.436  1940.7257]
  [2846.1587 2748.6558 2649.5984 2549.7344 2449.8762 2350.8818 2253.6318
   2158.9941 2067.786  1980.7335]
  [2851.6335 2759.705  2665.8027 2570.5947 2474.8547 2379.434  2285.2212
   2193.0928 2103.8618 2018.2432]]

 [[2760.5022 2623.3303 2487.5288 2354.9973 2227.5278 2106.7134 1993.867
   1889.9528 1795.5493 1710.8484]
  [2776.6914 2640.7573 2505.8755 2374.     2246.9792 2126.4504 2013.7463
   1909.8285 1815.2527 1730.183 ]
  [2792.4763 2659.1968 2526.5752 2396.5493 2270.9604 2151.4438 2039.3279
   1935.5676 1840.7217 1754.9734]
  [2807.4177 2678.1882 2549.1592 2422.1687 2298.9814 2181.1782 2070.059
   1966.5852 1871.3556 1784.6324]
  [2821.2139 2697.2566 2572.9922 2450.0818 2330.1472 2214.6714 2104.9167
   2001.8671 1906.206  1818.3293]
  [2833.714  2715.9175 2597.2678 2479.1987 2363.1475 2250.4805 2142.4229
   2040.002  1944.0161 1855.0223]
  [2844.841  2733.6323 2621.0044 2508.1536 2396.335  2286.8066 2180.7673
   2079.2974 1983.3086 1893.511 ]
  [2854.4446 2749.7346 2643.0554 2535.404  2427.8933 2321.7024 2218.0159
   2117.9548 2022.5112 1932.4988]
  [2862.1604 2763.395  2662.182  2559.3958 2456.0657 2353.3284 2252.355
   2154.275  2060.1    1970.6749]
  [2867.3708 2773.6711 2677.1912 2578.7622 2479.3906 2380.192  2282.311
   2186.8374 2094.7373 2006.8083]]

 [[2754.0376 2618.0603 2483.5032 2352.2407 2226.0437 2106.4897 1994.8818
   1892.1774 1798.9486 1715.3784]
  [2772.3428 2637.6792 2504.0376 2373.3335 2247.3906 2127.8354 2016.0066
   1912.8795 1819.0309 1734.6437]
  [2790.7148 2658.7053 2527.2065 2398.1099 2273.2354 2154.226  2042.4457
   1938.9043 1844.2202 1758.6315]
  [2808.587  2680.5212 2552.3599 2425.893  2302.8813 2184.9492 2073.4817
   1969.5468 1873.853  1786.7526]
  [2825.4392 2702.4116 2578.6123 2455.6667 2335.2263 2218.8706 2108.0073
   2003.7867 1907.0479 1818.3029]
  [2840.825  2723.5889 2604.873  2486.104  2368.7983 2254.4792 2144.5776
   2040.3381 1942.7448 1852.4835]
  [2854.3264 2743.1929 2629.8918 2515.6567 2401.875  2290.0159 2181.5283
   2077.7363 1979.7479 1888.3958]
  [2865.4756 2760.293  2652.341  2542.7039 2432.6716 2323.6675 2217.1401
   2114.4521 2016.778  1925.0378]
  [2873.6902 2773.9197 2670.9363 2565.7405 2459.5637 2353.7869 2249.8271
   2149.0254 2052.5474 1961.322 ]
  [2878.2917 2783.1594 2684.5913 2583.567  2481.2866 2379.0815 2278.2998
   2180.197  2085.856  1996.1382]]

 [[2745.167  2611.0266 2478.391  2349.0837 2224.8281 2107.162  1997.3538
   1896.3348 1804.6569 1722.4863]
  [2765.4966 2632.7522 2501.0308 2372.1836 2247.9805 2130.0146 2019.6064
   1917.7306 1824.9723 1741.5282]
  [2786.2666 2656.151  2526.4307 2398.9243 2275.4067 2157.5078 2046.6073
   1943.7546 1849.617  1764.4803]
  [2806.7705 2680.4348 2553.7446 2428.4236 2306.2097 2188.754  2077.5078
   1973.629  1877.9183 1790.8035]
  [2826.2756 2704.6638 2581.8682 2459.4702 2339.1406 2222.5388 2111.1965
   2006.4053 1909.13   1819.9741]
  [2844.0671 2727.797  2609.5005 2490.5977 2372.6763 2257.3977 2146.3682
   2041.0098 1942.4517 1851.4718]
  [2859.4487 2748.7444 2635.239  2520.2053 2405.154  2291.7349 2181.6047
   2076.279  1977.0106 1884.7162]
  [2871.7239 2766.4224 2657.7002 2546.7236 2434.9387 2323.9678 2215.471
   2110.9917 2011.8364 1918.9966]
  [2880.1917 2779.8318 2675.66   2568.7854 2460.6023 2352.6804 2246.6235
   2143.9282 2045.869  1953.4369]
  [2884.202  2788.16   2688.189  2585.378  2481.0725 2376.7595 2273.9307
   2173.9631 2078.0254 1987.034 ]]

 [[2733.7542 2602.027  2471.9343 2345.225  2223.5522 2108.3867 2000.9359
   1902.0806 1812.3315 1731.8285]
  [2755.9126 2625.663  2496.4814 2370.132  2248.3103 2132.5469 2024.1206
   1923.98   1832.7017 1750.4854]
  [2778.7764 2651.102  2523.7583 2398.4727 2276.954  2160.794  2051.3633
   1949.726  1856.5759 1772.2317]
  [2801.506  2677.4    2552.7466 2429.1907 2308.4316 2192.1226 2081.7522
   1978.5359 1883.336  1796.6324]
  [2823.192  2703.4412 2582.1875 2460.9614 2341.439  2225.3328 2114.2598
   2009.6077 1912.426  1823.377 ]
  [2842.915  2728.019  2610.6746 2492.2935 2374.518  2259.1104 2147.8027
   2042.1361 1943.3331 1852.2268]
  [2859.7869 2749.919  2636.7722 2521.6545 2406.1711 2292.107  2181.2627
   2075.2808 1975.5045 1882.898 ]
  [2872.9753 2768.0085 2659.1428 2547.6116 2434.9783 2323.0073 2213.5002
   2108.12   2008.2554 1914.9391]
  [2881.7395 2781.3262 2676.6719 2568.9658 2459.714  2350.615  2243.3936
   2139.6484 2040.727  1947.661 ]
  [2885.4905 2789.1733 2688.576  2584.8582 2479.4548 2373.9482 2269.9243
   2168.8408 2071.9292 1980.1527]]

 [[2719.7854 2590.981  2463.9878 2340.4646 2221.9685 2109.8762 2005.3065
   1909.0616 1821.5913 1742.9965]
  [2743.5178 2616.261  2490.168  2366.9    2248.0532 2135.0737 2029.1681
   1931.2343 1841.8179 1761.109 ]
  [2768.1182 2643.3555 2518.9192 2396.4343 2277.5244 2163.7178 2056.3477
   1956.4589 1864.7489 1781.5494]
  [2792.643  2671.2017 2549.1023 2427.903  2309.2495 2194.7686 2085.9497
   1984.0251 1889.8835 1804.0312]
  [2816.0635 2698.5837 2579.3914 2459.9668 2341.9697 2227.1323 2117.1094
   2013.3317 1916.8875 1828.4656]
  [2837.3384 2724.2246 2608.3828 2491.2124 2374.3855 2259.7188 2149.0093
   2043.8572 1945.5256 1854.8689]
  [2855.474  2746.8843 2634.7017 2520.26   2405.2236 2291.4556 2180.834
   2075.063  1975.5266 1883.2043]
  [2869.5764 2765.4487 2657.113  2545.8484 2433.2898 2321.2847 2211.7092
   2106.2869 2006.4443 1913.2327]
  [2878.9014 2779.0176 2674.6145 2566.9277 2457.5303 2348.1885 2240.693
   2136.6958 2037.5847 1944.4171]
  [2882.9187 2786.9783 2686.5217 2582.7395 2477.1108 2371.266  2266.8398
   2165.337  2068.0337 1975.9292]]

 [[2703.398  2577.9575 2454.5498 2334.7253 2219.9248 2111.4038 2010.1656
   1916.9097 1832.0079 1755.515 ]
  [2728.4387 2604.5938 2482.0566 2362.3704 2247.0159 2137.3281 2034.4169
   1939.1046 1851.8876 1772.9364]
  [2754.4302 2632.9692 2511.8906 2392.708  2276.9448 2166.043  2061.267
   1963.6163 1873.764  1792.0399]
  [2780.3694 2661.9595 2542.8616 2424.547  2308.5898 2196.5635 2089.921
   1989.874  1897.3009 1812.7126]
  [2805.1729 2690.3252 2573.6663 2456.6216 2340.8198 2227.9722 2119.7246
   2017.5018 1922.3889 1835.0751]
  [2827.7534 2716.805  2602.9841 2487.675  2372.5488 2259.4324 2150.13
   2046.2434 1949.0339 1859.3485]
  [2847.0825 2740.2002 2629.5618 2516.5122 2402.741  2290.1348 2180.5884
   2075.8125 1977.1871 1885.6837]
  [2862.2473 2759.4492 2652.279  2542.0415 2430.4026 2319.2378 2210.4417
   2105.7476 2006.5833 1913.9966]
  [2872.5112 2773.704  2670.2227 2563.3247 2454.6055 2345.8545 2238.88
   2135.3467 2036.6542 1943.8693]
  [2877.3735 2782.3975 2682.7559 2579.6465 2474.555  2369.1226 2264.9985
   2163.7065 2066.5469 1974.5453]]

 [[2684.884  2563.1785 2443.7573 2328.0479 2217.3545 2112.7913 2015.2244
   1925.2356 1843.1105 1768.8557]
  [2710.9963 2590.9011 2472.29   2356.5803 2245.1216 2139.1206 2039.5718
   1947.2045 1862.4543 1785.4658]
  [2738.0933 2620.2397 2502.8699 2387.384  2275.193  2167.6357 2065.8853
   1970.8724 1883.227  1803.2634]
  [2765.156  2650.0652 2534.325  2419.319  2306.5378 2197.481  2093.5332
   1995.852  1905.2817 1822.3173]
  [2791.1062 2679.1833 2565.4443 2451.2605 2338.2097 2227.9539 2122.0881
   2021.9916 1928.7134 1842.9219]
  [2814.867  2706.406  2595.044  2482.1426 2369.3506 2258.4624 2151.2441
   2049.2546 1953.716  1865.4489]
  [2835.4177 2730.6108 2622.0093 2510.9583 2399.1404 2288.4219 2180.6655
   2077.543  1980.3972 1890.1724]
  [2851.851  2750.7986 2645.3298 2536.758  2426.7463 2317.1543 2209.8516
   2106.5393 2008.6167 1917.1108]
  [2863.433  2766.157  2664.152  2558.678  2451.324  2343.8633 2238.0847
   2135.6343 2037.8961 1945.9312]
  [2869.6638 2776.1243 2677.843  2576.0059 2472.0823 2367.6963 2264.4834
   2163.9612 2067.4336 1975.9401]]]
"""
