raw_data = """
[[[2375.676  2288.8103 2203.7725 2121.5842 2043.1494 1969.2245 1900.3933
   1837.0554 1779.4214 1727.5234]
  [2373.7673 2288.3713 2204.872  2124.3403 2047.7039 1975.7085 1908.8906
   1847.5674 1791.8463 1741.6538]
  [2371.4917 2288.685  2207.8396 2130.027  2056.15   1986.8964 1922.7133
   1863.8057 1810.1622 1761.6102]
  [2368.9648 2289.8867 2212.8335 2138.8145 2068.6455 2002.8999 1941.8909
   1885.6855 1834.1564 1787.0547]
  [2366.5957 2292.302  2220.085  2150.8232 2085.1787 2023.555  1966.0947
   1912.7197 1863.2063 1817.2745]
  [2365.0828 2296.4321 2229.8657 2166.0715 2105.5007 2048.349  1994.5752
   1943.9736 1896.2645 1851.19  ]
  [2365.3071 2302.8467 2242.3909 2184.392  2129.0645 2076.3896 2026.1664
   1978.1038 1931.9204 1887.4304]
  [2368.118  2311.9966 2257.6648 2205.3315 2154.986  2106.4336 2059.3704
   2013.4825 1968.5409 1924.4631]
  [2374.0767 2323.9956 2275.3318 2228.0808 2182.063  2136.9824 2092.512
   2048.3813 2004.4518 1960.7515]
  [2383.2388 2338.4653 2294.5957 2251.481  2208.8623 2166.436  2123.93
   2081.1694 2038.1221 1994.9045]]

 [[2389.7747 2302.5422 2217.1255 2134.5928 2055.8894 1981.8055 1912.9502
   1849.7368 1792.3757 1740.8889]
  [2389.5608 2303.883  2220.0532 2139.1826 2062.2378 1989.9952 1923.0157
   1861.6295 1805.9463 1755.8866]
  [2389.445  2306.457  2225.3206 2147.1372 2072.8438 2003.1577 1938.5516
   1879.2509 1825.2593 1776.4135]
  [2389.5293 2310.3774 2233.0513 2158.5776 2087.7983 2021.3179 1959.4844
   1902.4033 1849.9891 1802.0345]
  [2390.153  2315.8804 2243.3662 2173.4932 2106.9429 2044.1564 1985.3323
   1930.4642 1879.4116 1831.9802]
  [2391.8809 2323.2944 2256.335  2191.6772 2129.795  2070.937  2015.1549
   1962.3595 1912.4062 1865.1704]
  [2395.3787 2332.9307 2271.8755 2212.6501 2155.5024 2100.5015 2047.5828
   1996.6255 1947.5322 1900.2898]
  [2401.2014 2344.9004 2289.6313 2235.5996 2182.8596 2131.3477 2080.946
   2031.5592 1983.1758 1935.903 ]
  [2409.5593 2358.9434 2308.8755 2259.3816 2210.3916 2161.79   2113.477
   2065.4272 2017.7285 1970.5907]
  [2420.1497 2374.3394 2328.5166 2282.6116 2236.525  2190.1716 2143.5293
   2096.667  2049.7598 2003.0769]]

 [[2404.0952 2317.1035 2231.8997 2149.5742 2071.0962 1997.2769 1928.7428
   1865.9164 1809.0114 1758.0431]
  [2406.0232 2320.6907 2237.1255 2156.452  2079.6533 2007.5261 1940.6472
   1879.3624 1823.7928 1773.8643]
  [2408.5154 2325.965  2245.104  2167.0352 2092.7048 2022.8508 1957.9714
   1898.3223 1843.9413 1794.6973]
  [2411.621  2332.9702 2255.8691 2181.332  2110.2075 2043.1267 1980.4841
   1922.4471 1869.002  1820.0142]
  [2415.5583 2341.7925 2269.3674 2199.1409 2131.8027 2067.8408 2007.5347
   1950.9869 1898.1796 1849.0378]
  [2420.6895 2352.5251 2285.408  2219.985  2156.7522 2096.0386 2038.025
   1982.7874 1930.3575 1880.7732]
  [2427.4011 2365.1628 2303.5786 2243.066  2183.9275 2126.3555 2070.4707
   2016.3713 1964.1779 1914.0642]
  [2435.9092 2379.4583 2323.1694 2267.2598 2211.8794 2157.141  2103.1597
   2050.0918 1998.1632 1947.6698]
  [2446.0713 2394.8096 2343.1558 2291.192  2238.9941 2186.6655 2134.3643
   2082.3257 2030.8632 1980.3539]
  [2457.2883 2410.2537 2362.2769 2313.3972 2263.7012 2213.3442 2162.56
   2111.6553 2060.9956 2010.9812]]

 [[2418.3525 2332.1833 2247.7666 2166.1936 2088.437  2015.315  1947.4607
   1885.3025 1829.0546 1778.7277]
  [2422.7861 2338.3975 2255.6736 2175.7256 2099.5317 2027.8916 1961.3937
   1900.399  1845.0455 1795.2756]
  [2428.222  2346.694  2266.6533 2189.174  2115.1924 2045.4529 1980.4796
   1920.5687 1865.8079 1816.1163]
  [2434.614  2356.994  2280.589  2206.3728 2135.1816 2067.6719 2004.2932
   1945.2965 1890.764  1840.6575]
  [2442.0063 2369.1797 2297.2012 2226.88   2158.9077 2093.8281 2032.0237
   1973.7363 1919.0989 1868.1763]
  [2450.5066 2383.0627 2316.0044 2249.9385 2185.3909 2122.792  2062.4844
   2004.7411 1949.7936 1897.8505]
  [2460.1814 2398.3022 2336.2644 2274.4722 2213.2993 2153.0952 2094.1958
   2036.9415 1981.682  1928.773 ]
  [2470.9038 2414.318  2356.9832 2299.1423 2241.069  2183.0789 2125.539
   2068.868  2013.5203 1959.966 ]
  [2482.226  2430.2527 2376.9517 2322.4834 2267.0896 2211.1035 2154.9438
   2099.0952 2044.0775 1990.4147]
  [2493.3577 2445.0286 2394.8867 2343.0903 2289.9177 2235.7544 2181.0713
   2126.3875 2072.235  2019.1278]]

 [[2432.2444 2347.432  2264.3398 2184.0398 2107.4897 2035.4996 1968.6967
   1907.5052 1852.1346 1802.5869]
  [2439.438  2356.5369 2275.189  2196.4683 2121.3271 2050.5544 1984.739
   1924.2539 1869.2556 1819.7065]
  [2448.0093 2368.0244 2289.3025 2212.8647 2139.6152 2070.295  2005.4515
   1945.4257 1890.3632 1840.2454]
  [2457.7773 2381.6477 2306.3647 2232.8374 2161.879  2094.1643 2030.2065
   1970.3516 1914.7909 1863.5925]
  [2468.5754 2397.0496 2325.8381 2255.69   2187.295  2121.2573 2058.0776
   1998.1516 1941.7731 1889.1495]
  [2480.228  2413.7446 2346.952  2280.4165 2214.7007 2150.3506 2087.8855
   2027.7843 1970.4785 1916.3385]
  [2492.4802 2431.0833 2368.706  2305.75   2242.6743 2179.9968 2118.2783
   2058.0967 2000.017  1944.5579]
  [2504.9023 2448.2273 2389.9194 2330.2651 2269.672  2208.6611 2147.8447
   2087.8838 2029.4388 1973.1277]
  [2516.828  2464.1736 2409.3286 2352.5386 2294.211  2234.895  2175.245
   2115.9653 2057.7551 2001.2623]
  [2527.389  2477.8557 2425.743  2371.324  2315.0454 2257.4937 2199.3408
   2141.2861 2084.003  2028.1028]]

 [[2445.4731 2362.4873 2281.2065 2202.663  2127.7842 2057.353  1991.9767
   1932.0602 1877.7954 1829.1683]
  [2455.5576 2374.6138 2295.1172 2218.085  2144.4253 2074.8984 2010.0831
   1950.3542 1895.8824 1846.6487]
  [2467.302  2389.2983 2312.331  2237.3477 2165.2056 2096.6309 2032.186
   1972.2538 1917.039  1866.5848]
  [2480.3645 2406.0986 2332.3052 2259.8154 2189.4082 2121.773  2057.4836
   1996.9814 1940.5669 1888.4106]
  [2494.3499 2424.4094 2354.252  2284.5596 2216.0186 2149.296  2085.0098
   2023.7041 1965.8263 1911.7135]
  [2508.8088 2443.4788 2377.166  2310.401  2243.7876 2177.9888 2113.694
   2051.5747 1992.2404 1936.2019]
  [2523.2068 2462.4165 2399.8774 2335.996  2271.3242 2206.5413 2142.4128
   2079.7295 2019.2399 1961.5974]
  [2536.8823 2480.2244 2421.137  2359.9578 2297.2222 2233.6377 2170.0308
   2107.268  2046.1833 1987.5142]
  [2549.0476 2495.862  2439.735  2380.996  2320.1948 2258.066  2195.459
   2133.26   2072.3164 2013.3812]
  [2558.8508 2508.3574 2454.6392 2398.063  2339.211  2278.8267 2217.7434
   2156.8062 2096.809  2038.4545]]

 [[2457.774  2377.0132 2297.9678 2221.618  2148.8408 2080.376  2016.7875
   1958.4424 1905.4991 1857.9182]
  [2470.7595 2392.158  2314.9172 2239.9805 2168.196  2100.2798 2036.7822
   1978.0673 1924.307  1875.4983]
  [2485.5762 2409.8994 2335.0474 2261.8828 2191.2026 2123.7056 2059.9575
   2000.3739 1945.2072 1894.5596]
  [2501.71   2429.5918 2357.5933 2286.461  2216.9326 2149.7053 2085.4048
   2024.5533 1967.5475 1914.6478]
  [2518.5527 2450.413  2381.5615 2312.6172 2244.262  2177.2183 2112.2068
   2049.9014 1990.8767 1935.5795]
  [2535.424  2471.4067 2405.7983 2339.101  2271.9612 2205.146  2139.4907
   2075.8264 2014.908  1957.3564]
  [2551.5774 2491.5344 2429.0703 2364.6057 2298.7756 2232.4004 2166.4155
   2101.7808 2039.3907 1980.0034]
  [2566.207  2509.736  2450.161  2387.8682 2323.5034 2257.9277 2192.1377
   2127.162  2063.9692 2003.3921]
  [2578.482  2525.0095 2467.975  2407.7751 2345.0747 2280.75   2215.8035
   2151.2627 2088.094  2027.138 ]
  [2587.6194 2536.5115 2481.648  2423.4636 2362.6387 2300.033  2236.6018
   2173.3057 2111.0415 2050.5928]]

 [[2468.9426 2390.7341 2314.2832 2240.5037 2170.209  2104.0703 2042.5889
   1986.0712 1934.626  1888.1787]
  [2484.741  2408.78   2334.1196 2261.6182 2192.0493 2126.067  2064.176
   2006.7123 1953.8394 1905.5619]
  [2502.424  2429.326  2356.869  2285.8223 2216.916  2150.808  2088.054
   2029.0852 1974.1909 1923.5195]
  [2521.3203 2451.5466 2381.5774 2312.0781 2243.7407 2177.2612 2113.299
   2052.439  1995.1516 1941.77  ]
  [2540.6475 2474.4575 2407.1233 2339.208  2271.3887 2204.4292 2139.1309
   2076.2642 2016.5028 1960.375 ]
  [2559.5588 2496.9834 2432.3003 2365.993  2298.745  2231.4072 2164.9253
   2100.2505 2038.2432 1979.6061]
  [2577.1768 2518.0295 2455.9062 2391.2466 2324.7568 2257.3647 2190.1338
   2124.148  2060.405  1999.7386]
  [2592.6245 2536.5461 2476.819  2413.8748 2348.4448 2281.5054 2214.1785
   2147.6104 2082.8665 2020.8508]
  [2605.0784 2551.6077 2494.0771 2432.936  2368.9336 2303.0503 2236.3984
   2170.1106 2105.2422 2042.7042]
  [2613.8384 2562.4897 2506.9539 2447.71   2385.5054 2321.282  2256.083
   2190.959  2126.8892 2064.7295]]

 [[2478.8667 2403.4653 2329.895  2258.9907 2191.482  2127.9536 2068.8208
   2014.3121 1964.4756 1919.2   ]
  [2497.3145 2424.2078 2352.3657 2282.5552 2215.462  2151.6643 2091.6055
   2035.5801 1983.7339 1936.0758]
  [2517.5989 2447.2383 2377.365  2308.6553 2241.7646 2177.301  2115.7974
   2057.6858 2003.2784 1952.76  ]
  [2538.916  2471.5972 2403.8152 2336.1577 2269.2742 2203.8472 2140.5544
   2080.0205 2022.7671 1969.1809]
  [2560.3677 2496.2102 2430.5488 2363.9019 2296.939  2230.453  2165.2979
   2102.3096 2042.2277 1985.6368]
  [2581.0112 2519.9666 2456.3977 2390.7795 2323.826  2256.4473 2189.666
   2124.5112 2061.9106 2002.6193]
  [2599.9077 2541.7854 2480.2527 2415.7715 2349.1033 2281.255  2213.3745
   2146.6245 2082.0693 2020.5886]
  [2616.1638 2560.674  2501.1147 2437.9575 2372.0005 2304.2998 2236.0593
   2168.502  2102.7554 2039.77  ]
  [2628.9863 2575.7856 2518.1401 2456.54   2391.7937 2324.9531 2257.2024
   2189.746  2123.7007 2060.0278]
  [2637.7456 2586.4905 2530.7026 2470.892  2407.8486 2342.5688 2276.1567
   2209.7268 2144.3218 2080.8545]]

 [[2487.5322 2415.1255 2344.6401 2276.8218 2212.2996 2151.5562 2094.9055
   2042.4897 1994.294  1950.1752]
  [2508.4229 2438.2966 2369.4163 2302.4495 2237.9878 2176.5237 2118.4312
   2063.9573 2013.2267 1966.2537]
  [2531.0156 2463.4614 2396.2642 2330.0107 2265.2822 2202.6326 2142.5635
   2085.498  2031.7604 1981.5634]
  [2554.4197 2489.581  2424.0552 2358.3645 2293.1157 2228.9744 2166.6233
   2106.7073 2049.7778 1996.2574]
  [2577.676  2515.5627 2451.6577 2386.4453 2320.591  2254.9033 2190.2666
   2127.5527 2067.537  2010.8374]
  [2599.8088 2540.3274 2478.0015 2413.3083 2346.987  2279.987  2213.3755
   2148.2214 2085.4875 2025.9551]
  [2619.872  2562.856  2502.107  2438.1145 2371.6846 2303.8735 2235.877
   2168.8994 2104.0354 2042.1869]
  [2636.9875 2582.23   2523.0974 2460.1    2394.0833 2326.1548 2257.5645
   2189.5742 2123.3423 2059.8428]
  [2650.3997 2597.6775 2540.2275 2478.574  2413.5686 2346.3062 2278.0132
   2209.9321 2143.2153 2078.853 ]
  [2659.5322 2608.629  2552.928  2492.9617 2429.549  2363.7183 2296.6099
   2229.3796 2163.1096 2098.754 ]]]
"""
