raw_data = """
[[[1748.6868 1674.4022 1603.8873 1537.8866 1476.9712 1421.536  1371.8091
   1327.8694 1289.6697 1257.0615]
  [1722.8936 1648.1056 1577.3357 1511.4425 1451.0776 1396.6726 1348.4436
   1306.4153 1270.4536 1240.3062]
  [1698.169  1623.7288 1553.5033 1488.4381 1429.2452 1376.376  1330.023
   1290.1484 1256.5288 1228.8081]
  [1675.0505 1601.8932 1533.098  1469.6562 1412.304  1361.4862 1317.3561
   1279.8074 1248.5293 1223.072 ]
  [1654.3163 1583.3912 1516.9257 1455.9039 1401.0413 1352.7441 1311.1074
   1275.9529 1246.892  1223.4008]
  [1636.9529 1569.1411 1505.8246 1447.9271 1396.0974 1350.6702 1311.6666
   1278.8389 1251.7388 1229.7966]
  [1624.0363 1560.0615 1500.536  1446.2765 1397.8271 1355.4277 1319.0209
   1288.3005 1262.7842 1241.8928]
  [1616.545  1556.8916 1501.5342 1451.1516 1406.1642 1366.711  1332.6666
   1303.6907 1279.2997 1258.9419]
  [1615.1448 1559.9918 1508.8546 1462.2661 1420.5272 1383.6942 1351.6008
   1323.907  1300.1632 1279.8752]
  [1619.9983 1569.1843 1521.977  1478.7828 1439.8124 1405.0775 1374.4115
   1347.5112 1323.9883 1303.422 ]]

 [[1797.7148 1721.8495 1649.677  1582.032  1519.5721 1462.7681 1411.9088
   1367.1162 1328.3634 1295.4983]
  [1772.6685 1696.3002 1623.8691 1556.3351 1494.4451 1438.7112 1389.4103
   1346.6013 1310.1572 1279.8036]
  [1748.9161 1672.9325 1601.067  1534.3738 1473.6672 1419.4835 1372.0742
   1331.4281 1297.3148 1269.3416]
  [1727.0441 1652.4249 1582.0397 1516.9915 1458.1237 1405.9683 1360.735
   1322.3373 1290.4492 1264.5752]
  [1707.8708 1635.607  1567.6265 1505.0236 1448.6206 1398.9108 1356.0438
   1319.8595 1289.9531 1265.7568]
  [1692.3925 1623.3905 1558.6437 1499.1783 1445.7451 1398.764  1358.3135
   1324.1682 1295.8728 1272.8302]
  [1681.6406 1616.6172 1555.7252 1499.8724 1449.6998 1405.5315 1367.3739
   1334.9581 1307.8151 1285.3629]
  [1676.4666 1615.8549 1559.1344 1507.0668 1460.1649 1418.6584 1382.4987
   1351.4032 1324.9281 1302.5471]
  [1677.3136 1621.1941 1568.6022 1520.1517 1476.2407 1437.0275 1402.4408
   1372.2205 1345.9796 1323.2706]
  [1684.0398 1632.122  1583.2605 1537.951  1496.5145 1459.0793 1425.5903
   1395.84   1369.5145 1346.2479]]

 [[1851.2563 1774.4042 1701.1003 1632.2593 1568.6196 1510.7314 1458.9508
   1413.448  1374.2201 1341.1112]
  [1827.7565 1750.435  1676.8877 1608.1609 1545.0907 1488.2721 1438.048
   1394.5189 1357.5684 1326.9025]
  [1805.7782 1728.8962 1655.9355 1588.042  1526.1246 1470.8058 1422.4023
   1380.937  1346.181  1317.7104]
  [1785.919  1710.4763 1639.0212 1572.7491 1512.601  1459.1968 1412.8109
   1373.3885 1340.6012 1313.9214]
  [1768.9855 1695.9866 1626.9579 1563.0824 1505.2797 1454.1323 1409.8572
   1372.3293 1341.1486 1315.7273]
  [1755.924  1686.2681 1620.4729 1559.6462 1504.6339 1455.9471 1413.7388
   1377.8319 1347.7947 1323.0333]
  [1747.6553 1682.0187 1620.0289 1562.6681 1510.6702 1464.4572 1424.1232
   1389.4691 1360.0757 1335.3942]
  [1744.8405 1683.5759 1625.6304 1571.8362 1522.8038 1478.8713 1440.0958
   1406.2894 1377.0846 1352.0144]
  [1747.6542 1690.731  1636.6936 1586.2334 1539.8556 1497.8419 1460.2444
   1426.9163 1397.5646 1371.8158]
  [1755.6473 1702.6569 1652.0504 1604.4161 1560.1959 1519.6537 1482.867
   1449.746  1420.0757 1393.5654]]

 [[1909.2893 1832.1041 1758.2643 1688.7476 1624.3671 1565.7478 1513.313
   1467.2806 1427.6696 1394.314 ]
  [1888.179  1810.6051 1736.5682 1667.1791 1603.3507 1545.7559 1494.8015
   1450.63   1413.1366 1382.006 ]
  [1868.8126 1791.7587 1718.337  1649.7576 1587.0077 1530.7878 1481.4784
   1439.141  1403.5535 1374.27  ]
  [1851.7443 1776.2015 1704.2864 1637.2561 1576.1288 1521.6049 1474.0248
   1433.3754 1399.3411 1371.3844]
  [1837.7053 1764.6519 1695.1222 1630.3544 1571.3457 1518.7616 1472.8936
   1433.6715 1400.7264 1373.4845]
  [1827.5182 1757.8048 1691.4069 1629.4824 1572.9552 1522.4279 1478.1427
   1440.0006 1407.6293 1380.4796]
  [1821.9219 1756.1459 1693.3729 1634.633  1580.7439 1532.2319 1489.3022
   1451.8606 1419.5793 1391.9845]
  [1821.3334 1759.7435 1700.7463 1645.2281 1593.8944 1547.2045 1505.3479
   1468.266  1435.7073 1407.3002]
  [1825.6467 1768.1007 1712.6683 1660.1094 1611.0394 1565.8755 1524.8165
   1487.8567 1454.8291 1425.4644]
  [1834.1464 1780.15   1727.7732 1677.6906 1630.4667 1586.5068 1546.0348
   1509.0985 1475.6029 1445.3563]]

 [[1971.6713 1894.8354 1821.101  1751.4886 1686.8711 1627.9376 1575.1683
   1528.8195 1488.9192 1455.2819]
  [1953.7886 1876.7018 1802.8551 1733.3984 1669.3003 1611.2941 1559.8411
   1515.1158 1477.0189 1445.2151]
  [1937.8452 1861.3907 1788.2001 1719.5137 1656.3699 1599.5286 1549.423
   1506.1504 1469.5007 1439.0205]
  [1924.2927 1849.4137 1777.7029 1710.4382 1648.685  1593.2041 1544.396
   1502.2965 1466.6229 1436.8557]
  [1913.7103 1841.3148 1771.8752 1706.6443 1646.6646 1592.6708 1545.0312
   1503.7496 1468.5216 1438.827 ]
  [1906.7228 1837.5642 1771.0408 1708.3213 1650.382  1597.9097 1551.2488
   1510.4073 1475.1139 1444.9093]
  [1903.8234 1838.384  1775.166  1715.2158 1659.4167 1608.4012 1562.5051
   1521.7727 1486.0092 1454.8585]
  [1905.1582 1843.5695 1783.7227 1726.5359 1672.7992 1623.0991 1577.7781
   1536.9374 1500.477  1468.1577]
  [1910.3657 1852.3931 1795.6663 1740.9978 1689.1061 1640.5482 1595.6837
   1554.6716 1517.4987 1484.0273]
  [1918.5526 1863.6636 1809.5707 1757.0206 1706.6892 1659.1208 1614.6912
   1573.6002 1535.8939 1501.502 ]]

 [[2038.1139 1962.308  1889.3369 1820.2443 1755.9401 1697.1565 1644.4086
   1597.9674 1557.8513 1523.8419]
  [2024.2319 1948.3693 1875.411  1806.514  1742.6729 1684.6561 1632.9536
   1587.7549 1548.9565 1516.2054]
  [2012.4291 1937.337  1865.0801 1796.8906 1733.8204 1676.6589 1625.872
   1581.5833 1543.6017 1511.4863]
  [2002.9858 1929.5178 1858.6765 1791.7158 1729.7083 1673.447  1623.3806
   1579.5988 1541.8737 1509.7408]
  [1996.2614 1925.2041 1856.4359 1791.1764 1730.4777 1675.1213 1625.5509
   1581.863  1543.8525 1511.0979]
  [1992.6161 1924.5822 1858.3943 1795.1902 1735.969  1681.4894 1632.2065
   1588.2618 1549.5249 1515.6705]
  [1992.2607 1927.5917 1864.257  1803.2882 1745.6129 1691.9652 1642.824
   1598.4009 1558.6699 1523.4303]
  [1995.0789 1933.792  1873.3109 1814.5618 1758.4045 1705.5509 1656.5076
   1611.5582 1570.7834 1534.1046]
  [2000.5195 1942.3225 1884.4474 1827.7401 1773.0072 1720.9412 1672.0686
   1626.7279 1585.0796 1547.141 ]
  [2007.6226 1951.9989 1896.3214 1841.3868 1787.9642 1736.7273 1688.2034
   1642.7538 1600.5806 1561.7537]]

 [[2108.17   2034.036  1962.4711 1894.5155 1831.0886 1772.9323 1720.5609
   1674.229  1633.9203 1599.3741]
  [2098.9346 2024.9822 1953.579  1885.8547 1822.7942 1765.1608 1713.4406
   1667.8145 1628.1665 1594.1346]
  [2091.8203 2018.7853 1948.1168 1880.9949 1818.4447 1761.2461 1709.871
   1664.4604 1624.8512 1590.6434]
  [2086.8794 2015.4797 1946.1055 1879.9398 1818.0209 1761.1418 1709.7831
   1664.094  1623.927  1588.9114]
  [2084.1924 2015.0497 1947.4556 1882.5536 1821.3687 1764.7056 1713.0802
   1666.6981 1625.4858 1589.1614]
  [2083.8208 2017.375  1951.9106 1888.4999 1828.1359 1771.6356 1719.5686
   1672.2305 1629.6627 1591.7091]
  [2085.6929 2022.1373 1958.9669 1897.1705 1837.7013 1781.386  1728.8518
   1680.4939 1636.4801 1596.7909]
  [2089.477  2028.7368 1967.8265 1907.6599 1849.151  1793.1274 1740.2621
   1691.0323 1645.714  1604.4076]
  [2094.5225 2036.2906 1977.4429 1918.8384 1861.3544 1805.8077 1752.8881
   1703.1184 1656.8435 1614.2473]
  [2099.912  2043.7383 1986.6641 1929.5133 1873.1289 1818.2971 1765.693
   1715.84   1669.1039 1625.7059]]

 [[2181.2297 2109.3386 2039.7665 1973.5234 1911.5011 1854.4093 1802.72
   1756.6323 1716.0771 1680.7496]
  [2177.098  2105.641  2036.3741 1970.3643 1908.5417 1851.6249 1800.0585
   1753.9913 1713.2941 1677.6149]
  [2174.9897 2104.5735 2036.0295 1970.4473 1908.78   1851.762  1799.8457
   1753.1833 1711.6544 1674.9305]
  [2174.6836 2105.8516 2038.4016 1973.4099 1911.8413 1854.461  1801.7699
   1753.9834 1711.0571 1672.7491]
  [2175.959  2109.1355 2043.0748 1978.8131 1917.3191 1859.4034 1805.6505
   1756.3867 1711.6941 1671.4587]
  [2178.583  2114.0251 2049.5493 1986.1383 1924.7601 1866.2783 1811.376
   1760.5117 1713.9158 1671.6198]
  [2182.2415 2120.0103 2057.2012 1994.744  1933.6024 1874.685  1818.7643
   1766.4208 1718.0238 1673.7437]
  [2186.463  2126.4282 2065.2583 2003.8402 1943.1265 1884.0494 1827.4384
   1773.9592 1724.0844 1678.0961]
  [2190.5874 2132.4744 2072.8354 2012.5269 1952.4802 1893.621  1836.7902
   1782.6863 1731.8353 1684.5884]
  [2193.8286 2137.2913 2079.0386 2019.9042 1960.7842 1902.5645 1846.0521
   1791.9259 1740.7125 1692.7834]]

 [[2256.5364 2187.353  2120.2607 2056.2085 1996.0198 1940.3273 1889.5177
   1843.708  1802.7638 1766.3506]
  [2257.7227 2189.2002 2122.5078 2058.6162 1998.3619 1942.3767 1891.036
   1844.4446 1802.4668 1764.7869]
  [2260.6606 2193.2378 2127.1763 2063.4414 2002.8816 1946.157  1893.6852
   1845.6312 1801.9352 1762.37  ]
  [2264.838  2198.8564 2133.5916 2069.9858 2008.9087 1951.0801 1897.0165
   1847.0066 1801.1277 1759.2881]
  [2269.7473 2205.4272 2141.071  2077.5908 2015.887  1956.7671 1900.8817
   1848.6823 1800.4158 1756.1472]
  [2274.9077 2212.3408 2148.9636 2085.6646 2023.3782 1963.0073 1905.3428
   1851.0018 1800.4011 1753.7599]
  [2279.838  2218.9888 2156.6338 2093.641  2030.9779 1969.6237 1910.4824
   1854.3077 1801.658  1752.8856]
  [2284.0093 2224.7395 2163.4263 2100.9263 2038.221  1976.3308 1916.2225
   1858.7317 1804.511  1754.0109]
  [2286.833  2228.9382 2168.6743 2106.8882 2044.5511 1982.6776 1922.2385
   1864.0891 1808.919  1757.2318]
  [2287.7034 2230.964  2171.7583 2110.9165 2049.3735 1988.0942 1927.9994
   1869.9061 1814.4852 1762.2495]]

 [[2333.213  2267.0635 2202.7927 2141.255  2083.1687 2029.0505 1979.171
   1933.5531 1892.0039 1854.1842]
  [2339.6572 2274.3208 2210.4502 2148.8896 2090.3525 2035.3585 1984.1997
   1936.9404 1893.4553 1853.4937]
  [2347.3882 2283.1086 2219.6653 2157.8804 2098.482  2042.0422 1988.9445
   1939.3766 1893.3547 1850.7732]
  [2355.6228 2292.5322 2229.4873 2167.2915 2106.712  2048.4248 1992.9628
   1940.6953 1891.8274 1846.4238]
  [2363.6191 2301.755  2239.0723 2176.3674 2114.4736 2054.1973 1996.2521
   1941.2117 1889.4788 1841.2899]
  [2370.7288 2310.0571 2247.7349 2184.5652 2121.454  2059.3398 1999.1086
   1941.5197 1887.1565 1836.4064]
  [2376.3928 2316.8352 2254.9248 2191.48   2127.4692 2063.9316 2001.8817
   1942.2188 1885.6628 1832.7239]
  [2380.1064 2321.5605 2260.1646 2196.7498 2132.3188 2067.9614 2004.755
   1943.6743 1885.5209 1830.8885]
  [2381.402  2323.7646 2263.0203 2200.0034 2135.7139 2071.2334 2007.635
   1945.9    1886.8523 1831.126 ]
  [2379.8723 2323.059  2263.1206 2200.8794 2137.294  2073.3887 2010.1731
   1948.575  1889.3866 1833.2379]]]
"""
