raw_data = """
[[[2022.228  1958.4624 1897.3689 1839.6447 1785.8403 1736.3522 1691.4235
   1651.1548 1615.5225 1584.4037]
  [2005.3608 1942.2122 1881.9257 1825.2727 1772.8506 1725.0614 1682.1094
   1644.0172 1610.6553 1581.7864]
  [1989.2556 1927.5974 1868.9576 1814.1467 1763.7758 1718.2233 1677.6311
   1641.9258 1610.8663 1584.1063]
  [1974.3402 1915.0928 1858.9856 1806.8195 1759.1726 1716.3623 1678.4397
   1645.2244 1616.3694 1591.4434]
  [1961.2854 1905.3352 1852.604  1803.8263 1759.4952 1719.8246 1684.7533
   1653.9937 1627.1163 1603.642 ]
  [1950.9741 1899.0807 1850.4198 1805.6055 1764.9977 1728.676  1696.4589
   1667.9697 1642.7316 1620.2651]
  [1944.3776 1897.0785 1852.9285 1812.3784 1775.6268 1742.6106 1713.0435
   1686.494  1662.4849 1640.5826]
  [1942.3591 1899.8875 1860.3505 1824.019  1790.9304 1760.9019 1733.5819
   1708.5334 1685.3262 1663.6064]
  [1945.4426 1907.6736 1872.4753 1839.9531 1810.0192 1782.4215 1756.8014
   1732.7703 1709.9799 1688.1733]
  [1953.6273 1920.066  1888.5748 1859.14   1831.6125 1805.7385 1781.2157
   1757.7463 1735.0847 1713.0636]]

 [[2057.1855 1993.1577 1931.7731 1873.7737 1819.7511 1770.1339 1725.1876
   1685.0238 1649.6193 1618.8405]
  [2041.8457 1978.5209 1918.0054 1861.1152 1808.4878 1760.5552 1717.5414
   1679.474  1646.2186 1617.5219]
  [2027.6078 1965.8761 1907.0665 1852.0304 1801.4152 1755.6283 1714.8286
   1678.9479 1647.7411 1620.8503]
  [2014.9077 1955.7018 1899.4734 1847.0553 1799.0577 1755.825  1717.429
   1683.7026 1654.3075 1628.8171]
  [2004.3907 1948.5942 1895.7631 1846.6515 1801.7792 1761.3896 1725.4539
   1693.7174 1665.7847 1641.211 ]
  [1996.8636 1945.2042 1896.4111 1851.1047 1809.6692 1772.2244 1738.6422
   1708.6119 1681.7269 1657.579 ]
  [1993.1548 1946.0977 1901.6954 1860.3987 1822.4357 1787.8042 1756.3047
   1727.6108 1701.3572 1677.2147]
  [1993.9036 1951.5652 1911.5399 1874.1023 1839.3395 1807.1599 1777.3384
   1749.583  1723.6062 1699.182 ]
  [1999.3373 1961.4448 1925.396  1891.3208 1859.2134 1828.9503 1800.3358
   1773.1533 1747.2131 1722.389 ]
  [2009.1198 1975.0303 1942.2249 1910.7521 1880.5809 1851.6229 1823.7594
   1796.8718 1770.8677 1745.6937]]

 [[2094.6626 2030.9431 1969.8005 1912.0059 1858.1797 1808.7762 1764.0806
   1724.2163 1689.1617 1658.7742]
  [2081.5122 2018.6117 1958.4153 1901.7623 1849.3137 1801.5248 1758.6359
   1720.6842 1687.5371 1658.9326]
  [2069.8032 2008.6067 1950.1642 1895.3413 1844.8042 1798.9808 1758.0486
   1721.9548 1690.4648 1663.2269]
  [2059.9365 2001.3583 1945.4991 1893.1957 1845.0719 1801.4948 1762.565
   1728.1484 1697.941  1671.5492]
  [2052.4753 1997.3573 1944.8313 1895.6432 1850.3247 1809.1528 1772.1493
   1739.1244 1709.7527 1683.6582]
  [2048.083  1997.0802 1948.4366 1902.7568 1860.4436 1821.671  1786.3967
   1754.4152 1725.4338 1699.1499]
  [2047.3757 2000.8451 1956.3247 1914.2516 1874.8917 1838.329  1804.4913
   1773.2014 1744.2451 1717.4265]
  [2050.714  2008.637  1968.108  1929.4073 1892.6898 1857.9897 1825.248
   1794.3551 1765.1976 1737.693 ]
  [2058.0098 2019.9742 1982.941  1947.0804 1912.4916 1879.2128 1847.2401
   1816.553  1787.136  1758.9973]
  [2068.63   2033.8856 1999.5762 1965.8297 1932.7568 1900.4509 1868.9899
   1838.4402 1808.8629 1780.3185]]

 [[2134.4502 2071.6025 2011.2389 1954.1389 1900.9398 1852.1115 1807.9535
   1768.5984 1734.0244 1704.0773]
  [2124.1187 2062.2393 2002.9149 1946.9835 1895.1128 1847.7689 1805.2046
   1767.4684 1734.4315 1705.8319]
  [2115.5469 2055.4893 1997.9537 1943.7908 1893.6654 1848.015  1807.0353
   1770.6974 1738.7916 1710.9889]
  [2109.0493 2051.6719 1996.6703 1944.8524 1896.8362 1853.0054 1813.4971
   1778.2295 1746.9576 1719.3463]
  [2105.044  2051.1047 1999.2778 1950.2717 1904.6162 1862.6239 1824.3861
   1789.8069 1758.664  1730.6804]
  [2103.9841 2054.024  2005.7958 1959.8674 1916.6565 1876.405  1839.1838
   1804.9283 1773.4932 1744.7076]
  [2106.2168 2060.4563 2015.9425 1973.0905 1932.2109 1893.4967 1857.0331
   1822.8254 1790.8368 1761.0232]
  [2111.7974 2070.0813 2029.0507 1988.9944 1950.151  1912.7034 1876.7831
   1842.4847 1809.8829 1779.0475]
  [2120.348  2082.1553 2044.0676 2006.3032 1969.0822 1932.6171 1897.1067
   1862.7323 1829.6553 1798.022 ]
  [2131.0195 2095.557  2059.6719 2023.5798 1987.535  1951.8105 1916.6746
   1882.3717 1849.1117 1817.0687]]

 [[2176.2632 2114.8186 2055.747  1999.8226 1947.681  1899.7982 1856.478
   1817.8531 1783.8927 1754.4235]
  [2169.3052 2109.0073 2051.082  1996.3439 1945.4469 1898.855  1856.8242
   1819.4098 1786.4883 1757.7988]
  [2164.3745 2106.016  2049.8962 1996.8234 1947.4395 1902.1779 1861.2491
   1824.653  1792.2145 1763.642 ]
  [2161.6465 2105.9907 2052.2976 2001.3179 1953.6445 1909.669  1869.5701
   1833.3324 1800.7908 1771.6898]
  [2161.3335 2109.0117 2058.2395 2009.6633 1963.7981 1920.9929 1881.4219
   1845.1046 1811.9471 1781.7925]
  [2163.6262 2115.0312 2067.4558 2021.4149 1977.3379 1935.5437 1896.2345
   1859.5095 1825.3918 1793.8584]
  [2168.5725 2123.7776 2079.3928 2035.8081 1993.3828 1952.4316 1913.2129
   1875.9291 1840.7336 1807.7415]
  [2175.938  2134.6675 2093.1782 2051.772  2010.7759 1970.527  1931.3546
   1893.5603 1857.4099 1823.1263]
  [2185.1172 2146.793  2107.6746 2068.0322 2028.2036 1988.5709 1949.5276
   1911.4496 1874.6713 1839.4764]
  [2195.1611 2159.0107 2121.6182 2083.2783 2044.3729 2005.3354 1966.6052
   1928.5918 1891.6481 1856.0647]]

 [[2219.7422 2160.174  2102.8652 2048.5664 1997.8986 1951.3263 1909.1431
   1871.4645 1838.236  1809.2555]
  [2216.5996 2158.3755 2102.3237 2049.2114 1999.6619 1954.1185 1912.8275
   1875.8401 1843.0328 1814.1486]
  [2215.6675 2159.4883 2105.2295 2053.6328 2005.2958 1960.6335 1919.8636
   1883.0125 1849.9474 1820.4243]
  [2216.933  2163.4292 2111.4268 2061.597  2014.4884 1970.4927 1929.8302
   1892.5593 1858.607  1827.8132]
  [2220.3608 2170.002  2120.5781 2072.6553 2026.7234 1983.1661 1942.2467
   1904.1107 1868.8048 1836.3044]
  [2225.8535 2178.8657 2132.141  2086.134  2041.2815 1997.982  1956.5759
   1917.3318 1880.4467 1846.052 ]
  [2233.1685 2189.4834 2145.353  2101.1384 2057.2495 2014.1206 1972.1836
   1931.8351 1893.4175 1857.2028]
  [2241.8318 2201.0908 2159.2407 2116.5933 2073.5598 2030.6254 1988.3027
   1947.0918 1907.4404 1869.7223]
  [2251.1035 2212.7256 2172.6987 2131.3374 2089.082  2046.4641 2004.0525
   1962.4017 1922.0105 1883.2983]
  [2260.0408 2223.331  2184.622  2144.2683 2102.7542 2060.644  2018.5247
   1976.9548 1936.4265 1897.3489]]

 [[2264.4668 2207.1729 2152.0342 2099.7632 2050.9492 2006.026  1965.2523
   1928.7053 1896.2883 1867.7589]
  [2265.437  2209.686  2155.9014 2104.786  2056.9102 2012.6777 1972.3068
   1935.831  1903.1198 1873.9199]
  [2268.6855 2215.0554 2163.0098 2113.2031 2066.1694 2022.2919 1981.7822
   1944.6901 1910.9258 1880.3027]
  [2273.9768 2222.9343 2172.9082 2124.4724 2078.1182 2034.2291 1993.062
   1954.7498 1919.3167 1886.7069]
  [2281.01   2232.8433 2184.977  2137.8884 2092.0356 2047.8324 2005.6288
   1965.6958 1928.2216 1893.3165]
  [2289.4106 2244.1787 2198.4531 2152.624  2107.1348 2062.459  2019.0668
   1977.3907 1937.7942 1900.559 ]
  [2298.6926 2256.2114 2212.455  2167.7588 2122.5762 2077.4526 2032.9769
   1989.7267 1948.2175 1908.8716]
  [2308.2183 2268.0906 2226.016  2182.315  2137.4724 2092.0986 2046.8716
   2002.4668 1959.499  1918.4835]
  [2317.2046 2278.8936 2238.1506 2195.321  2150.9277 2105.625  2060.1318
   2015.1613 1971.3627 1929.2867]
  [2324.7952 2287.7207 2247.9614 2205.9092 2162.1216 2117.2664 2072.0547
   2027.1785 1983.2607 1940.8304]]

 [[2309.9707 2255.2632 2202.625  2152.7163 2106.0742 2063.0774 2023.9246
   1988.6298 1957.0376 1928.8597]
  [2315.1904 2262.203  2210.9785 2162.1401 2116.187  2073.4622 2034.1368
   1998.2124 1965.547  1935.8962]
  [2322.6182 2271.7773 2222.1785 2174.3752 2128.8257 2085.8638 2045.6877
   2008.3635 1973.8466 1942.0128]
  [2331.782  2283.372  2235.4873 2188.598  2143.1313 2099.454  2057.855
   2018.5371 1981.6213 1947.1571]
  [2342.1309 2296.256  2250.0557 2203.919  2158.2693 2113.5474 2070.181
   2028.5587 1989.0013 1951.7483]
  [2353.06   2309.6326 2264.9868 2219.456  2173.4883 2127.6226 2082.4463
   2038.5364 1996.4083 1956.4789]
  [2363.9102 2322.667  2279.3801 2234.3623 2188.1055 2141.2498 2094.5198
   2048.6484 2004.3041 1962.0421]
  [2373.9622 2334.511  2292.3567 2247.8257 2201.4614 2153.979  2106.1929
   2058.9282 2012.9453 1968.8859]
  [2382.4604 2344.3452 2303.1006 2259.091  2212.9014 2165.285  2117.0825
   2069.143  2022.2483 1977.069 ]
  [2388.6792 2351.4507 2310.924  2267.511  2221.8198 2174.5981 2126.6584
   2078.809  2031.7925 1986.2502]]

 [[2355.7722 2303.871  2253.9714 2206.666  2162.4185 2121.5273 2084.1064
   2050.0881 2019.2502 1991.2648]
  [2365.2117 2315.1562 2266.666  2220.27   2176.379  2135.259  2097.0193
   2061.623  2028.9169 1998.6755]
  [2376.6416 2328.6885 2281.6343 2235.9258 2191.935  2149.9414 2110.122
   2072.558  2037.2509 2004.1456]
  [2389.367  2343.6133 2297.9023 2252.6008 2208.0737 2164.669  2122.7026
   2082.4443 2044.1046 2007.836 ]
  [2402.632  2359.0146 2314.475  2269.3242 2223.9565 2178.8345 2134.4575
   2091.316  2049.8481 2010.4095]
  [2415.6692 2373.9885 2330.423  2285.2617 2238.9585 2192.111  2145.4048
   2099.5396 2055.157  2012.7905]
  [2427.7268 2387.6838 2344.9119 2299.71   2252.6052 2204.3162 2155.6782
   2107.5488 2060.7234 2015.8674]
  [2438.075  2399.3193 2357.2012 2312.0537 2264.4692 2215.246  2165.3064
   2115.596  2066.9932 2020.2454]
  [2446.03   2408.2085 2366.6526 2321.7422 2274.109  2224.5815 2174.0977
   2123.6152 2074.0264 2026.102 ]
  [2451.0056 2413.802  2372.7625 2328.3093 2281.0864 2231.9014 2181.649
   2131.2317 2081.495  2033.179 ]]

 [[2401.3994 2352.4272 2305.3958 2260.8154 2219.0566 2180.3164 2144.6086
   2111.7778 2081.5408 2053.5452]
  [2414.869  2367.7883 2322.0723 2278.146  2236.3223 2196.7803 2159.5652
   2124.6045 2091.7427 2060.7866]
  [2429.9712 2384.8608 2340.3047 2296.6448 2254.1677 2213.0994 2173.5994
   2135.767  2099.6528 2065.274 ]
  [2445.8274 2402.6091 2358.966  2315.1758 2271.5479 2228.417  2186.1277
   2145.0103 2105.3591 2067.417 ]
  [2461.5388 2420.0159 2377.0183 2332.7964 2287.7266 2242.2964 2197.067
   2152.6152 2109.4783 2068.1064]
  [2476.2563 2436.1606 2393.5894 2348.8032 2302.271  2254.6426 2206.6826
   2159.1875 2112.8984 2068.44  ]
  [2489.2073 2450.2466 2407.9705 2362.6768 2314.9275 2265.5054 2215.3313
   2165.3582 2116.474  2069.43  ]
  [2499.7021 2461.5994 2419.5806 2373.9941 2325.4739 2274.8828 2223.2246
   2171.5327 2120.773  2071.7715]
  [2507.153  2469.6672 2427.9426 2382.3757 2333.6355 2282.6074 2230.3013
   2177.755  2125.9429 2075.7124]
  [2511.104  2474.0452 2432.697  2387.4895 2339.0923 2288.358  2236.2417
   2183.7197 2131.7158 2081.0474]]]
"""
