raw_data = """
[[[2408.4253 2317.8682 2229.081  2143.1384 2060.9966 1983.4626 1911.168
   1844.5518 1783.8541 1729.1256]
  [2407.676  2318.5903 2231.3286 2147.0137 2066.6274 1990.9681 1920.6221
   1855.9484 1797.0865 1743.9847]
  [2406.4285 2319.961  2235.3694 2153.7747 2076.1338 2003.189  1935.4379
   1873.1279 1816.284  1764.7563]
  [2404.7683 2322.086  2241.3315 2163.563  2089.648  2020.2137 1955.6229
   1895.9877 1841.2172 1791.0887]
  [2403.0813 2325.2642 2249.4185 2176.4697 2107.128  2041.8477 1980.8203
   1924.0122 1871.2377 1822.2462]
  [2402.0544 2329.9795 2259.8809 2192.4868 2128.2944 2067.5444 2010.2446
   1956.2316 1905.2645 1857.1173]
  [2402.564  2336.793  2272.9167 2211.4248 2152.5706 2096.3784 2042.6925
   1991.2633 1941.8483 1894.2942]
  [2405.466  2346.154  2288.5225 2232.812  2179.0488 2127.076  2076.6313
   2027.4426 1979.3176 1932.2079]
  [2411.3325 2358.1797 2306.3374 2255.8286 2206.5076 2158.1138 2110.359
   2063.0112 2015.9686 1969.2917]
  [2420.2317 2372.4985 2325.5662 2279.312  2233.5068 2187.8813 2142.199
   2096.3218 2050.2515 2004.1351]]

 [[2421.1013 2330.1277 2240.9128 2154.5776 2072.122  1994.389  1922.0366
   1855.5181 1795.0751 1740.7485]
  [2422.0452 2332.624  2244.977  2160.269  2079.5215 2003.5681 1933.0192
   1868.2499 1809.4034 1756.4225]
  [2422.9648 2336.2588 2251.3154 2169.2896 2091.1729 2017.7401 1949.5175
   1886.7754 1829.5558 1777.7207]
  [2423.9304 2341.1133 2260.0212 2181.7305 2107.1387 2036.9064 1971.435
   1910.879  1855.1919 1804.1953]
  [2425.256  2347.3955 2271.1838 2197.5508 2127.229  2060.7153 1998.2617
   1939.9103 1885.5621 1835.055 ]
  [2427.4888 2355.4128 2284.8472 2216.5117 2150.9277 2088.396  2029.0199
   1972.7595 1919.5123 1869.1884]
  [2431.2874 2365.4612 2300.9092 2238.1082 2177.3506 2118.753  2062.3013
   2007.9226 1955.5627 1905.2426]
  [2437.2083 2377.6462 2318.9985 2261.506  2205.2632 2150.2515 2096.4004
   2043.6602 1992.0615 1941.747 ]
  [2445.469  2391.709  2338.3828 2285.5483 2233.1729 2181.1824 2129.5215
   2078.2085 2027.3707 1977.2511]
  [2455.7766 2406.9338 2357.9705 2308.8467 2259.4976 2209.878  2160.005
   2109.989  2060.0405 2010.4592]]

 [[2433.8303 2343.0583 2254.019  2167.8564 2085.5945 2008.0985 1936.044
   1869.8955 1809.8987 1756.0878]
  [2436.8987 2347.7798 2260.3545 2175.8018 2095.1628 2019.2894 1948.8124
   1884.1232 1825.3778 1772.526 ]
  [2440.4185 2354.103  2269.3867 2187.4263 2109.2266 2035.584  1967.0522
   1903.9364 1846.3132 1794.0787]
  [2444.406  2362.038  2281.1165 2202.7073 2127.7158 2056.8342 1990.5122
   1928.9708 1872.2378 1820.2094]
  [2449.051  2371.6416 2295.4595 2221.41   2150.2397 2082.4946 2018.5128
   1958.4493 1902.3315 1850.1184]
  [2454.6953 2382.981  2312.1934 2243.025  2176.024  2111.5757 2049.9185
   1991.1827 1935.446  1882.7806]
  [2461.7124 2396.0327 2330.8828 2266.7231 2203.9043 2142.6733 2083.2065
   2025.6543 1970.1837 1917.004 ]
  [2470.3171 2410.5393 2350.8008 2291.3572 2232.4043 2174.1055 2116.6284
   2060.1804 2005.0308 1951.5116]
  [2480.3704 2425.898  2370.9148 2315.5396 2259.891  2204.1191 2148.431
   2093.109  2038.5072 1985.0372]
  [2491.2842 2441.1516 2389.9675 2337.8047 2284.7893 2231.1206 2177.0767
   2123.0063 2069.3123 2016.4249]]

 [[2446.3247 2356.3477 2268.0708 2182.6384 2101.079  2024.2654 1952.8802
   1887.3939 1828.0535 1774.8896]
  [2451.8635 2363.6553 2277.041  2193.186  2113.1265 2037.72   1967.609
   1903.2014 1844.6727 1791.9888]
  [2458.3003 2372.9688 2289.0356 2207.6309 2129.7483 2056.1938 1987.5494
   1924.1625 1866.1614 1813.4944]
  [2465.5562 2384.1758 2303.9072 2225.7769 2150.6812 2079.338  2012.2579
   1949.7468 1891.9316 1838.8053]
  [2473.6448 2397.1267 2321.3416 2247.1492 2175.3008 2106.4014 2040.8964
   1979.0847 1921.146  1867.1793]
  [2482.651  2411.6047 2340.8213 2270.9565 2202.5916 2136.2192 2072.2434
   2010.9955 1952.7545 1897.7644]
  [2492.6252 2427.2478 2361.5864 2296.0903 2231.1875 2167.2852 2104.7812
   2044.0718 1985.5535 1929.6182]
  [2503.4346 2443.4644 2382.6204 2321.1892 2259.4954 2197.9097 2136.857
   2076.8076 2018.2637 1961.7279]
  [2514.635  2459.394  2402.7073 2344.776  2285.8887 2226.4314 2166.8748
   2107.7517 2049.6245 1993.0486]
  [2525.448  2473.9683 2420.5686 2365.446  2308.9211 2251.4277 2193.4832
   2135.6504 2078.4976 2022.567 ]]

 [[2458.2847 2369.647  2282.6826 2198.5151 2118.1577 2042.474  1972.1421
   1907.6287 1849.176  1796.8075]
  [2466.527  2379.7842 2294.528  2211.8862 2132.87   2058.3262 1988.8983
   1925.0082 1866.8492 1814.4105]
  [2476.0513 2392.2349 2309.5967 2229.2134 2152.0483 2078.9053 2010.3907
   1946.8989 1888.6179 1835.5577]
  [2486.6448 2406.7207 2327.5437 2250.0767 2175.1943 2103.6353 2035.9768
   1972.6215 1913.8069 1859.632 ]
  [2498.1094 2422.8525 2347.7983 2273.748  2201.4531 2131.5835 2064.7058
   2001.2743 1941.6309 1886.0164]
  [2510.2449 2440.1157 2369.5574 2299.188  2229.6294 2161.4941 2095.366
   2031.7844 1971.2285 1914.1028]
  [2522.7798 2457.8386 2391.7954 2325.0986 2258.268  2191.8838 2126.5698
   2062.963  2001.6741 1943.2562]
  [2535.2766 2475.1704 2413.3118 2350.034  2285.7993 2221.1887 2156.8735
   2093.5698 2031.983  1972.7616]
  [2547.0725 2491.1074 2432.8394 2372.5588 2310.7236 2247.9387 2184.9126
   2122.3987 2061.1365 2001.8037]
  [2557.3127 2504.593  2449.1934 2391.429  2331.7935 2270.9224 2209.5356
   2148.3757 2088.1514 2029.5004]]

 [[2469.4194 2382.6018 2297.4482 2215.0425 2136.3662 2062.2551 1993.3666
   1930.1475 1872.8239 1821.404 ]
  [2480.4746 2395.677  2312.2678 2231.316  2153.788  2080.5032 2012.0941
   1948.9855 1891.3857 1839.3018]
  [2493.1025 2411.2505 2330.357  2251.4248 2175.3716 2102.987  2034.8932
   1971.5277 1913.1372 1859.7946]
  [2506.931  2428.8486 2351.1458 2274.709  2200.38   2128.9143 2060.9517
   1996.99   1937.3756 1882.3096]
  [2521.5356 2447.8374 2373.8164 2300.2114 2227.7725 2157.234  2089.2817
   2024.5199 1963.442  1906.4166]
  [2536.4426 2467.436  2397.3347 2326.7231 2256.2698 2186.7048 2118.7852
   2053.2417 1990.7313 1931.7948]
  [2551.1008 2486.7344 2420.5056 2352.8735 2284.4512 2215.985  2148.305
   2082.2583 2018.6394 1958.1318]
  [2564.8416 2504.7224 2442.064  2377.2542 2310.8862 2243.731  2176.6733
   2110.6348 2046.4906 1985.0073]
  [2576.881  2520.3594 2460.7957 2398.5657 2334.2734 2268.7092 2202.7778
   2137.4136 2073.501  2011.8202]
  [2586.3809 2532.6843 2475.6738 2415.7605 2353.5745 2289.9102 2225.648
   2161.675  2098.8184 2037.8031]]

 [[2479.4746 2394.8875 2311.983  2231.7903 2155.2407 2083.1248 2016.0555
   1954.4432 1898.4799 1848.148 ]
  [2493.3347 2410.8801 2329.7356 2250.8967 2175.2695 2103.627  2036.5742
   1974.5244 1917.688  1866.0872]
  [2508.9465 2429.4167 2350.644  2273.546  2198.9807 2127.7095 2060.3596
   1997.399  1939.1234 1885.6605]
  [2525.77   2449.8267 2373.92   2298.8545 2225.4316 2154.4155 2086.497
   2022.2546 1962.1294 1906.4086]
  [2543.1719 2471.261  2398.5454 2325.7021 2253.4785 2182.666  2114.0527
   2048.3699 1986.2375 1928.1288]
  [2560.4492 2492.7405 2423.342  2352.8132 2281.8662 2211.337  2142.128
   2075.127  2011.1329 1950.7938]
  [2576.8406 2513.208  2447.0542 2378.8564 2309.313  2239.311  2169.85
   2101.9453 2036.5319 1974.3932]
  [2591.5347 2531.5923 2468.4507 2402.5496 2334.5938 2265.5073 2196.3457
   2128.1892 2062.0435 1998.7666]
  [2603.7039 2546.892  2486.432  2422.7683 2356.6218 2288.9258 2220.7349
   2153.1226 2087.0889 2023.4983]
  [2612.5781 2558.2722 2500.1353 2438.6477 2374.5386 2308.7178 2242.1863
   2175.9453 2110.9204 2047.9158]]

 [[2488.2659 2406.2485 2325.9646 2248.378  2174.351  2104.6067 2039.6934
   1979.96   1925.5487 1876.409 ]
  [2504.8267 2425.0264 2346.4875 2270.1191 2196.7515 2127.0947 2061.7085
   2000.9756 1945.0979 1894.1045]
  [2523.2031 2446.262  2369.907  2294.9631 2222.2202 2152.399  2086.1147
   2023.8502 1965.935  1912.5421]
  [2542.7026 2469.1099 2395.255  2321.8596 2249.682  2179.483  2111.9863
   2047.8309 1987.5273 1931.4336]
  [2562.522  2492.5654 2421.3894 2349.6152 2277.9863 2207.336  2138.5295
   2072.3926 2009.6388 1950.8193]
  [2581.7974 2515.5354 2447.0854 2376.9897 2305.998  2235.03   2165.0957
   2097.1992 2032.2399 1970.9417]
  [2599.6382 2536.908  2471.1216 2402.775  2332.6392 2261.7087 2191.107
   2121.9688 2055.3289 1992.0406]
  [2615.1628 2555.625  2492.3623 2425.859  2356.9082 2286.5476 2215.9546
   2146.3228 2078.7507 2014.1632]
  [2627.5496 2570.757  2509.8362 2445.286  2377.91   2308.7437 2238.9502
   2169.7036 2102.09   2037.0396]
  [2636.1082 2581.587  2522.819  2460.33   2394.9146 2327.562  2259.3613
   2191.398  2124.6782 2060.0767]]

 [[2495.705  2416.5254 2339.1633 2264.5015 2193.3179 2126.246  2063.7476
   2006.0928 1953.3619 1905.4675]
  [2514.7947 2437.8765 2362.197  2288.5728 2217.745  2150.3464 2086.873
   2027.6659 1972.9058 1922.6255]
  [2535.6633 2461.4858 2387.757  2315.2075 2244.5522 2176.4614 2111.5234
   2050.2205 1992.9004 1939.771 ]
  [2557.4944 2486.3818 2414.757  2343.267  2272.623  2203.5732 2136.856
   2073.1455 2012.9998 1956.8251]
  [2579.3735 2511.4749 2442.0176 2371.5784 2300.8938 2230.8223 2162.2798
   2096.1514 2033.2112 1974.0614]
  [2600.3457 2535.6414 2468.3542 2399.0186 2328.414  2257.517  2187.4102
   2119.1697 2053.7563 1991.9418]
  [2619.4614 2557.7864 2492.642  2424.5479 2354.3296 2283.0566 2211.933
   2142.1685 2074.856  2010.8925]
  [2635.8213 2576.9058 2513.8657 2447.226  2377.8445 2306.836  2235.455
   2164.9675 2096.5288 2031.1064]
  [2648.6316 2592.1494 2531.172  2466.2397 2398.2146 2328.1995 2257.4275
   2187.1387 2118.4775 2052.419 ]
  [2657.2693 2602.887  2543.9297 2480.9504 2414.7878 2346.4827 2277.1797
   2208.027  2140.0913 2074.2996]]

 [[2501.8088 2425.6672 2351.4456 2279.935  2211.8115 2147.6045 2087.6733
   2032.1989 1981.1982 1934.5505]
  [2523.2183 2449.324  2376.6643 2305.956  2237.8442 2172.8738 2111.4688
   2053.92   2000.3845 1950.8972]
  [2546.2888 2474.9617 2403.9702 2333.956  2265.559  2199.3901 2136.0054
   2075.8733 2019.3492 1966.6647]
  [2570.122  2501.5347 2432.2322 2362.7947 2293.8909 2226.2485 2160.6057
   2097.6514 2037.9675 1981.9929]
  [2593.7502 2527.9429 2460.311  2391.3992 2321.9363 2252.7935 2184.9104
   2119.2036 2056.4766 1997.3591]
  [2616.1877 2553.0955 2487.1245 2418.8108 2348.956  2278.5725 2208.7812
   2140.692  2075.295  2013.3827]
  [2636.4785 2575.9617 2511.6772 2444.1707 2374.3088 2303.208  2232.1138
   2162.2705 2094.7974 2030.6073]
  [2653.7383 2595.611  2533.0757 2466.6938 2397.369  2326.2627 2254.6716
   2183.8948 2115.1138 2049.313 ]
  [2667.208  2611.2632 2550.559  2485.6702 2417.4976 2347.1846 2276.001
   2205.2222 2136.022  2069.4023]
  [2676.3108 2622.3425 2563.5503 2500.509  2434.0818 2365.34   2295.4622
   2225.6313 2156.9521 2090.3892]]]
"""
