raw_data = """
[[[1759.1964 1685.2434 1615.0101 1549.2411 1488.5084 1433.2089 1383.5734
   1339.6841 1301.4971 1268.8667]
  [1733.5853 1659.1552 1588.69   1523.0475 1462.8802 1408.6215 1360.4902
   1318.5137 1282.5618 1252.3838]
  [1709.0311 1634.9746 1565.0773 1500.2831 1441.3037 1388.5918 1342.3428
   1302.5206 1268.9053 1241.1434]
  [1686.0692 1613.321  1544.8776 1481.7269 1424.6042 1373.955  1329.9337
   1292.4365 1261.1553 1235.6436]
  [1665.4783 1594.9865 1528.8947 1468.183  1413.565  1365.4456 1323.9209
   1288.8141 1259.74   1236.1797]
  [1648.2452 1580.8867 1517.9631 1460.3922 1408.8188 1363.5758 1324.6846
   1291.8988 1264.7739 1242.7466]
  [1635.4451 1571.9395 1512.8208 1458.8988 1410.7128 1368.4995 1332.2014
   1301.5146 1275.9619 1254.9714]
  [1628.056  1568.8799 1513.936  1463.895  1419.171  1379.9005 1345.9578
   1317.006  1292.568  1272.1017]
  [1626.7386 1572.0632 1521.3369 1475.0851 1433.6025 1396.9431 1364.9417
   1337.2632 1313.4653 1293.0646]
  [1631.6499 1581.3032 1534.495  1491.6237 1452.8956 1418.3208 1387.7361
   1360.8441 1337.2653 1316.5891]]

 [[1808.007  1732.5303 1660.6958 1593.3367 1531.109  1474.4844 1423.753
   1379.0397 1340.3198 1307.4457]
  [1783.1802 1707.2292 1635.1611 1567.9326 1506.2885 1450.7417 1401.5707
   1358.8364 1322.4153 1292.0372]
  [1759.6377 1684.0995 1612.6212 1546.2523 1485.8048 1431.8148 1384.535
   1343.9567 1309.853  1281.8357]
  [1737.9635 1663.8158 1593.8402 1529.1338 1470.5364 1418.579  1373.4722
   1335.1321 1303.2367 1277.2966]
  [1718.9727 1647.203  1579.6516 1517.4048 1461.2808 1411.77   1369.0234
   1332.8832 1302.9502 1278.6647]
  [1703.659  1635.1686 1570.8649 1511.765  1458.6144 1411.8296 1371.4895
   1337.3729 1309.0316 1285.8777]
  [1693.0507 1628.5486 1568.1063 1512.622  1462.7289 1418.7489 1380.6896
   1348.2867 1321.0804 1298.5002]
  [1687.9935 1627.9036 1571.6304 1519.925  1473.2937 1431.9634 1395.8878
   1364.7915 1338.241  1315.7218]
  [1688.9238 1633.3164 1581.1592 1533.0565 1489.4003 1450.348  1415.8323
   1385.6013 1359.2795 1336.4312]
  [1695.692  1644.2655 1595.817  1550.8335 1509.6316 1472.3411 1438.9124
   1409.147  1382.7426 1359.345 ]]

 [[1861.274  1784.8694 1711.9635 1643.4651 1580.1113 1522.4498 1470.8373
   1425.4448 1386.273  1353.1694]
  [1838.029  1761.187  1688.0645 1619.7008 1556.9286 1500.3413 1450.2815
   1406.8518 1369.9393 1339.2549]
  [1816.2994 1739.9265 1667.4149 1599.9022 1538.2927 1483.2063 1434.9595
   1393.578  1358.8373 1330.32  ]
  [1796.6769 1721.7697 1650.7844 1584.9073 1525.0726 1471.8973 1425.6562
   1386.2974 1353.4987 1326.7412]
  [1779.9623 1707.5197 1638.9761 1575.5039 1518.0153 1467.0884 1422.9413
   1385.4539 1354.2336 1328.7045]
  [1767.0961 1698.0088 1632.7065 1572.2843 1517.5798 1469.1005 1427.0007
   1391.1101 1361.0073 1336.1119]
  [1758.991  1693.9254 1632.4266 1575.4631 1523.7603 1477.737  1437.4912
   1402.832  1373.3523 1348.519 ]
  [1756.2994 1695.5974 1638.1304 1584.717  1535.9612 1492.1991 1453.4932
   1419.6652 1390.3622 1365.1318]
  [1759.1875 1702.8068 1649.225  1599.1221 1552.9983 1511.1357 1473.5934
   1440.2355 1410.783  1384.8777]
  [1767.198  1714.7196 1664.5383 1617.2329 1573.2432 1532.8353 1496.095
   1462.9441 1433.1807 1406.528 ]]

 [[1918.9674 1842.2872 1768.9043 1699.7894 1635.7499 1577.4069 1525.1823
   1479.2943 1439.7643 1406.4312]
  [1898.1434 1821.1094 1747.558  1678.5907 1615.1141 1557.7963 1507.043
   1462.9976 1425.5588 1394.4183]
  [1879.0585 1802.5758 1729.6642 1661.5228 1599.1304 1543.1826 1494.0587
   1451.8226 1416.2578 1386.9275]
  [1862.26   1787.3142 1715.9279 1649.3452 1588.5746 1534.3112 1486.8948
   1446.3168 1412.2699 1384.2279]
  [1848.4695 1776.0309 1707.0405 1642.722  1584.0615 1531.7197 1485.9891
   1446.8062 1413.813  1386.4503]
  [1838.5002 1769.408  1703.5497 1642.0665 1585.8717 1535.5636 1491.3876
   1453.2537 1420.8037 1393.5054]
  [1833.0786 1767.9187 1705.6737 1647.3578 1593.7788 1545.4603 1502.6133
   1465.1549 1432.7732 1405.0125]
  [1832.6115 1771.6189 1713.1271 1658.0077 1606.9575 1560.4365 1518.6417
   1481.5271 1448.8575 1420.2803]
  [1836.9823 1780.0042 1725.0454 1672.8542 1624.041  1579.0254 1538.0146
   1501.0166 1467.8807 1438.3538]
  [1845.4706 1792.0037 1740.0635 1690.3168 1643.325  1599.4982 1559.0697
   1522.1    1488.5088 1458.1185]]

 [[1980.9354 1904.6586 1831.4375 1762.2836 1698.0614 1639.4543 1586.9386
   1540.7697 1500.978  1467.3834]
  [1963.3624 1886.8715 1813.5681 1744.59   1680.8959 1623.2128 1571.9983
   1527.4274 1489.4052 1457.6041]
  [1947.7256 1871.8988 1799.2751 1731.0809 1668.3428 1611.8131 1561.9229
   1518.7717 1482.1566 1451.6351]
  [1934.466  1860.2393 1789.1113 1722.3435 1660.9883 1605.7992 1557.176
   1515.16   1479.4785 1449.6263]
  [1924.152  1852.422  1783.5703 1718.8304 1659.2319 1605.5029 1558.0137
   1516.7762 1481.5002 1451.6826]
  [1917.3939 1848.9014 1782.958  1720.7129 1663.1299 1610.8914 1564.3462
   1523.5138 1488.14   1457.7849]
  [1914.6709 1849.8843 1787.2256 1727.7236 1672.2509 1621.438  1575.6279
   1534.8788 1499.0143 1467.6982]
  [1916.1168 1855.1538 1795.8353 1739.0645 1685.6229 1636.0981 1590.842
   1549.9707 1513.4021 1480.9164]
  [1921.3618 1863.9773 1807.7412 1753.4539 1701.8284 1653.4258 1608.6156
   1567.571  1530.2961 1496.6698]
  [1929.5101 1875.1659 1821.5236 1769.3215 1719.233  1671.8079 1627.4314
   1586.3177 1548.5258 1514.0009]]

 [[2046.8839 1971.6833 1899.2765 1830.6943 1766.8368 1708.4275 1655.9758
   1609.7515 1569.7748 1535.8328]
  [2033.3247 1958.1055 1885.7411 1817.3734 1753.9855 1696.3356 1644.9089
   1599.8951 1561.1962 1528.4666]
  [2021.8406 1947.4236 1875.7833 1808.1338 1745.5134 1688.7015 1638.1608
   1594.0177 1556.0891 1523.947 ]
  [2012.7015 1939.9305 1869.7177 1803.2965 1741.7246 1685.7865 1635.9291
   1592.249  1554.5304 1522.3252]
  [2006.2522 1935.901  1867.7596 1803.027  1742.7401 1687.6731 1638.272
   1594.6432 1556.5973 1523.7322]
  [2002.8367 1935.5027 1869.927  1807.2261 1748.385  1694.1587 1645.0073
   1601.0856 1562.2816 1528.2914]
  [2002.6506 1938.6609 1875.9113 1815.4128 1758.0835 1704.6555 1655.6157
   1611.1908 1571.3745 1535.9865]
  [2005.5656 1944.9249 1884.9924 1826.6779 1770.8334 1718.1722 1669.2107
   1624.2484 1583.3842 1546.5587]
  [2011.0254 1953.433  1896.066  1839.7576 1785.3094 1733.4177 1684.6191
   1639.2666 1597.5378 1559.4664]
  [2018.0709 1963.0072 1907.7976 1853.2299 1800.0714 1748.9998 1700.5516
   1655.1024 1612.8672 1573.93  ]]

 [[2116.3616 2042.8706 1971.9116 1904.5111 1841.5759 1783.8378 1731.8041
   1685.7266 1645.5914 1611.1431]
  [2107.4492 2034.1772 1963.4088 1896.257  1833.6914 1776.465  1725.0577
   1679.6499 1640.1309 1606.1483]
  [2100.653  2028.3285 1958.3143 1891.772  1829.7091 1772.8958 1721.7992
   1676.5638 1637.0352 1602.8267]
  [2096.0132 2025.3428 1956.6305 1891.0387 1829.5884 1773.0629 1721.942
   1676.3821 1636.2482 1601.1868]
  [2093.595  2025.1855 1958.2472 1893.9008 1833.1558 1776.8093 1725.3801
   1679.0841 1637.8643 1601.4585]
  [2093.4434 2027.7196 1962.8907 1900.0073 1840.0485 1783.8273 1731.9188
   1684.6324 1642.0278 1603.9697]
  [2095.4722 2032.613  1970.0471 1908.743  1849.6436 1793.574  1741.1699
   1692.8412 1648.7749 1608.9716]
  [2099.3396 2039.26   1978.9163 1919.2058 1861.0342 1805.2316 1752.4794
   1703.2694 1657.8962 1616.4783]
  [2104.3923 2046.7799 1988.459  1930.2764 1873.1044 1817.7627 1764.9504
   1715.2036 1668.883  1626.1887]
  [2109.7188 2054.122  1997.537  1940.7792 1884.6882 1830.055  1777.5613
   1727.7433 1680.98   1637.5055]]

 [[2188.7588 2117.537  2048.6025 1982.9493 1921.4562 1864.8208 1813.5073
   1767.7129 1727.3687 1692.1759]
  [2184.9368 2114.1855 2045.5825 1980.1772 1918.8843 1862.4097 1811.192
   1765.3795 1724.848  1689.2544]
  [2183.1323 2113.4485 2045.5852 1980.6108 1919.4623 1862.8619 1811.2582
   1764.8063 1723.395  1686.7095]
  [2183.1118 2115.0264 2048.2607 1983.8678 1922.7959 1865.8002 1813.3807
   1765.7595 1722.9062 1684.5944]
  [2184.6387 2118.5627 2053.1758 1989.4918 1928.4637 1870.8956 1817.3741
   1768.2358 1723.5782 1683.3069]
  [2187.4663 2123.641  2059.8167 1996.9536 1936.0072 1877.8368 1823.1309
   1772.3607 1725.7738 1683.4213]
  [2191.2673 2129.7424 2067.5527 2005.6097 1944.8661 1886.2296 1830.4797
   1778.2108 1729.809  1685.4635]
  [2195.5635 2136.2004 2075.614  2014.6761 1954.3314 1895.513  1839.0576
   1785.645  1735.7632 1689.7114]
  [2199.6958 2142.2156 2083.124  2023.265  1963.5653 1904.9508 1848.2709
   1794.2358 1743.3861 1696.0865]
  [2202.8848 2146.9414 2089.2026 2030.4927 1971.7031 1913.7225 1857.3639
   1803.3167 1752.1193 1704.1561]]

 [[2263.3237 2194.8242 2128.3892 2064.9517 2005.3208 1950.1172 1899.7192
   1854.2411 1813.549  1777.314 ]
  [2264.7947 2196.99   2130.979  2067.7134 2008.0144 1952.5022 1901.545
   1855.2477 1813.4781 1775.9303]
  [2268.0107 2201.3293 2135.962  2072.8535 2012.8367 1956.5594 1904.4362
   1856.6344 1813.1024 1773.6254]
  [2272.4482 2207.2188 2142.649  2079.6587 2019.1014 1961.6887 1907.9349
   1858.1362 1812.3807 1770.5918]
  [2277.586  2214.016  2150.3423 2087.4565 2026.2438 1967.505  1911.8931
   1859.8689 1811.6929 1767.4465]
  [2282.9312 2221.099  2158.3828 2095.6501 2033.8236 1973.8016 1916.3795
   1862.1862 1811.6526 1765.0155]
  [2287.9932 2227.8545 2166.1309 2103.6746 2041.4414 1980.4093 1921.4884
   1865.4435 1812.8478 1764.0702]
  [2292.2402 2233.65   2172.9365 2110.9434 2048.6426 1987.0552 1927.1536
   1869.7849 1815.6147 1765.1089]
  [2295.085  2237.8362 2178.141  2116.8352 2054.8833 1993.3002 1933.0626
   1875.0354 1819.92   1768.2344]
  [2295.9282 2239.802  2181.1367 2120.753  2059.5806 1998.5854 1938.6931
   1880.7284 1825.3735 1773.1514]]

 [[2339.1877 2273.727  2210.1228 2149.2144 2091.7063 2038.1029 1988.6681
   1943.42   1902.1682 1864.575 ]
  [2345.8845 2281.2666 2218.083  2157.161  2099.1978 2044.7026 1993.9614
   1947.0375 1903.8094 1864.033 ]
  [2353.8608 2290.3198 2227.574  2166.4268 2107.5889 2051.6243 1998.9124
   1949.6421 1903.8378 1861.4037]
  [2362.3247 2299.982  2237.6338 2176.0635 2116.025  2058.184  2003.074
   1951.0686 1902.3832 1857.0941]
  [2370.5247 2309.4053 2247.4082 2185.3103 2123.932  2064.0723 2006.4475
   1951.6378 1900.0583 1851.9587]
  [2377.8037 2317.864  2256.208  2193.621  2130.9985 2069.2742 2009.3363
   1951.9543 1897.7233 1847.0446]
  [2383.5967 2324.75   2263.482  2200.5947 2137.0474 2073.876  2012.1002
   1952.6277 1896.1907 1843.3127]
  [2387.3965 2329.5366 2268.7568 2205.875  2141.886  2077.878  2014.9324
   1954.0332 1895.9923 1841.4172]
  [2388.7383 2331.7593 2271.6055 2209.0996 2145.2349 2081.0916 2017.7477
   1956.1913 1897.2563 1841.589 ]
  [2387.2195 2331.0369 2271.665  2209.9153 2146.7412 2083.166  2020.2026
   1958.785  1899.715  1843.6318]]]
"""
