raw_data = """
[[[2521.4768 2417.3445 2314.812  2215.1492 2119.5127 2028.9026 1944.1224
   1865.7539 1794.14   1729.3932]
  [2524.5361 2421.8257 2320.7114 2222.5168 2128.4302 2039.4525 1956.352
   1879.6405 1809.571  1746.1616]
  [2526.626  2426.578  2328.1277 2232.5967 2141.1514 2054.7393 1974.0474
   1899.484  1831.1959 1769.1139]
  [2527.7297 2431.6042 2337.0894 2245.4375 2157.7222 2074.7764 1997.1525
   1925.1288 1858.7445 1797.8685]
  [2528.1543 2437.1187 2347.71   2261.037  2178.0093 2099.2778 2025.2234
   1955.9801 1891.4984 1831.628 ]
  [2528.5422 2443.5464 2360.1675 2279.304  2201.6372 2127.5962 2057.3716
   1990.9662 1928.2794 1869.1941]
  [2529.7632 2451.4233 2374.6143 2299.979  2227.9421 2158.704  2092.2817
   2028.589  1967.5258 1909.0527]
  [2532.6978 2461.199  2391.02   2322.5415 2255.9438 2191.2344 2128.316
   2067.0737 2007.4558 1949.5282]
  [2537.9597 2473.0098 2409.0198 2346.1406 2284.3687 2223.5972 2163.6924
   2104.5735 2046.2728 1988.9614]
  [2545.6633 2486.5105 2427.8264 2369.606  2311.7544 2254.1458 2196.6895
   2139.3877 2082.3667 2025.8773]]

 [[2529.5708 2424.8408 2321.7021 2221.4766 2125.371  2034.4264 1949.4789
   1871.1272 1799.7196 1735.359 ]
  [2534.3123 2431.068  2329.3696 2230.5884 2135.9604 2046.5276 1963.0919
   1886.186  1816.0712 1752.763 ]
  [2538.5867 2438.0876 2339.0671 2242.8882 2150.7598 2063.6733 1982.3529
   1907.2397 1838.504  1776.0929]
  [2542.3572 2445.873  2350.7842 2258.3716 2169.747  2085.79   2007.1053
   1934.0254 1866.6431 1804.877 ]
  [2545.85   2454.537  2364.5117 2276.896  2192.6333 2112.433  2036.7526
   1965.8162 1899.6729 1838.2671]
  [2549.5554 2464.3171 2380.209  2298.1294 2218.7988 2142.724  2070.2095
   2001.3987 1936.3423 1875.0651]
  [2554.1099 2475.4678 2397.7114 2321.483  2247.2607 2175.3564 2105.9512
   2039.1517 1975.0588 1913.813 ]
  [2560.08   2488.0803 2416.6094 2346.0608 2276.7012 2208.6973 2142.163
   2077.2231 2014.0587 1952.9308]
  [2567.7126 2501.903  2436.1553 2370.669  2305.5732 2240.967  2176.968
   2113.7585 2051.6091 1990.8751]
  [2576.7566 2516.2456 2455.267  2393.9148 2332.2756 2270.4653 2208.6626
   2147.127  2086.1987 2026.2819]]

 [[2537.1626 2432.4956 2329.4004 2229.2266 2133.207  2042.4099 1957.6912
   1879.6654 1808.6852 1744.8486]
  [2543.9658 2440.8677 2339.239  2240.4697 2145.8188 2056.355  1972.9037
   1896.0208 1825.9843 1762.8191]
  [2550.8088 2450.527  2351.5615 2255.2808 2162.914  2075.482  1993.7466
   1918.1906 1849.0265 1786.2388]
  [2557.5964 2461.3733 2366.2632 2273.541  2184.337  2099.5715 2019.9127
   1945.7692 1877.317  1814.553 ]
  [2564.4216 2473.3599 2383.1533 2294.9094 2209.5952 2127.9858 2050.6392
   1977.9072 1909.9744 1846.9103]
  [2571.558  2486.4707 2401.9148 2318.7732 2237.8062 2159.624  2084.684
   2013.3148 1945.7572 1882.2009]
  [2579.3428 2500.6274 2422.0374 2344.211  2267.7007 2192.9697 2120.4072
   2050.3594 1983.1562 1919.1277]
  [2587.9863 2515.5457 2442.7449 2370.0054 2297.7144 2226.2393 2155.951
   2087.2441 2020.5454 1956.3047]
  [2597.3706 2530.6243 2462.9866 2394.7327 2326.1604 2257.6108 2189.4814
   2122.227  2056.35   1992.3713]
  [2606.9485 2544.9336 2481.519  2416.9258 2351.4487 2285.4634 2219.4187
   2153.8218 2089.205  2026.0994]]

 [[2543.96   2439.9907 2337.5737 2238.059  2142.686  2052.5298 1968.4565
   1891.0872 1820.7789 1757.6265]
  [2553.1099 2450.8086 2349.887  2251.7239 2157.5767 2068.521  1985.4004
   1908.7904 1838.9918 1776.049 ]
  [2562.777  2463.3474 2365.0413 2269.2021 2177.0542 2089.6343 2007.74
   1931.9031 1862.3931 1799.2485]
  [2572.7688 2477.3845 2382.7822 2290.2026 2200.775  2115.4563 2034.9844
   1959.864  1890.3755 1826.6138]
  [2582.9966 2492.6614 2402.6877 2314.145  2228.0151 2145.1465 2066.2188
   1991.7374 1922.0459 1857.3535]
  [2593.4668 2508.8704 2424.1394 2340.13   2257.6504 2177.4336 2100.119
   2026.2471 1956.2651 1890.5325]
  [2604.1824 2525.5835 2446.2937 2366.9531 2288.208  2210.6995 2135.0542
   2061.873  1991.7206 1925.1036]
  [2614.9963 2542.1753 2468.0813 2393.1826 2318.0098 2243.157  2169.2646
   2097.0005 2027.0223 1959.9468]
  [2625.483  2557.7861 2488.2698 2417.3054 2345.3777 2273.0776 2201.0762
   2130.086  2060.814  1993.9207]
  [2634.9065 2571.3804 2505.6    2437.9243 2368.855  2299.0127 2229.0945
   2159.8215 2091.891  2025.9374]]

 [[2549.6702 2446.9856 2345.8457 2247.5767 2153.4019 2064.3862 1981.3901
   1905.0323 1835.6655 1773.3799]
  [2561.333  2460.4255 2360.8093 2263.8232 2170.7017 2082.5093 2000.0941
   1924.0476 1854.6927 1792.096 ]
  [2573.9258 2475.9229 2378.8384 2283.966  2192.5024 2105.4868 2023.7455
   1947.8627 1878.1702 1814.7687]
  [2587.1238 2493.0894 2399.4866 2307.497  2218.235  2132.687  2051.665
   1975.7754 1905.4125 1840.7751]
  [2600.6257 2511.4292 2422.0774 2333.5874 2246.9536 2163.0986 2082.8345
   2006.8273 1935.5842 1869.4512]
  [2614.1475 2530.3333 2445.7058 2361.0935 2277.3586 2195.3672 2115.9482
   2039.8569 1967.7389 1900.1066]
  [2627.3652 2549.0615 2469.2642 2388.6248 2307.8953 2227.9036 2149.5125
   2073.5679 2000.8447 1932.0016]
  [2639.8228 2566.7278 2491.4998 2414.6667 2336.912  2259.0513 2181.981
   2106.6133 2033.8073 1964.3148]
  [2650.8748 2582.3293 2511.1313 2437.7534 2362.8613 2287.2754 2211.9094
   2137.6956 2065.5127 1996.1332]
  [2659.7153 2594.8499 2526.999  2456.6497 2384.4856 2311.335  2238.1
   2165.6792 2094.9043 2026.4967]]

 [[2554.0234 2453.1497 2353.835  2257.3628 2164.9194 2077.5413 1996.0643
   1921.0873 1852.9481 1791.7228]
  [2568.2415 2469.2537 2371.4834 2276.2102 2184.621  2097.754  2016.4445
   1941.2885 1872.6235 1810.5365]
  [2583.7065 2487.625  2392.2686 2298.858  2208.5452 2122.357  2041.1387
   1965.5183 1895.8857 1832.4026]
  [2599.942  2507.6897 2415.529  2324.5688 2235.8953 2150.5166 2069.311
   1992.9812 1922.0281 1856.7461]
  [2616.425  2528.7131 2440.3503 2352.2966 2265.5537 2181.116  2099.9185
   2022.777  1950.3453 1883.0883]
  [2632.6    2549.826  2465.6042 2380.7388 2296.149  2212.8271 2131.7783
   2053.9478 1980.1508 1911.0245]
  [2647.863  2570.0513 2490.019  2408.44   2326.17   2244.211  2163.6338
   2085.4932 2010.7362 1940.1398]
  [2661.5288 2588.3464 2512.282  2433.928  2354.1091 2273.8354 2194.2192
   2116.3735 2041.3169 1969.9055]
  [2672.8313 2603.6758 2531.1677 2455.8748 2378.6165 2300.4019 2222.3403
   2145.539  2071.0127 1999.6233]
  [2680.9846 2615.1184 2545.6733 2473.2388 2398.6392 2322.8643 2246.9722
   2172.0015 2098.8923 2028.4443]]

 [[2556.8076 2458.2004 2361.1997 2267.03   2176.822  2091.56   2012.0344
   1938.804  1872.1724 1812.1925]
  [2573.5088 2476.8865 2381.4373 2288.3623 2198.7852 2113.6958 2033.899
   1959.9779 1892.2708 1830.8774]
  [2591.6643 2497.9136 2404.7234 2313.2283 2224.521  2139.599  2059.3108
   1984.3132 1915.04   1851.7026]
  [2610.6423 2520.524  2430.1956 2340.6865 2253.0452 2168.289  2087.3457
   2010.9948 1939.823  1874.2028]
  [2629.7205 2543.7815 2456.7544 2369.544  2283.1528 2198.6353 2117.0251
   2039.2596 1966.1073 1898.124 ]
  [2648.1235 2566.6292 2483.141  2398.4463 2313.5122 2229.4395 2147.3752
   2068.4128 1993.4958 1923.353 ]
  [2665.0435 2587.952  2508.0334 2425.987  2342.7603 2259.4958 2177.4304
   2097.7742 2021.6023 1949.776 ]
  [2679.654  2606.65   2530.157  2450.826  2369.5986 2287.6377 2206.2192
   2126.6042 2049.9287 1977.1251]
  [2691.1465 2621.7256 2548.3975 2471.8064 2392.8887 2312.7942 2232.7769
   2154.0718 2077.7979 2004.8873]
  [2698.8005 2632.3792 2561.9124 2488.0598 2411.7458 2334.0713 2256.209
   2179.3018 2104.379  2032.3083]]

 [[2557.8967 2461.9429 2367.681  2276.2627 2188.744  2106.035  2028.8556
   1957.7007 1892.8237 1834.2426]
  [2576.927  2483.034  2390.3042 2299.8506 2212.7148 2129.82   2051.9194
   1979.5623 1913.0732 1852.5555]
  [2597.509  2506.4119 2415.751  2326.5674 2239.8835 2156.6506 2077.7014
   2003.699  1935.1034 1872.1622]
  [2618.8733 2531.1636 2442.998  2355.3257 2269.1506 2185.483  2105.2769
   2029.361  1958.3795 1892.7621]
  [2640.1462 2556.216  2470.842  2384.8782 2299.3228 2215.2678 2133.816
   2055.9841 1982.6193 1914.3392]
  [2660.4043 2580.413  2497.994  2413.9219 2329.2024 2245.0134 2162.6006
   2083.1572 2007.7092 1937.0452]
  [2678.7175 2602.5945 2523.1755 2441.183  2357.6367 2273.7808 2190.9639
   2110.5005 2033.5468 1961.0172]
  [2694.192  2621.675  2545.2083 2465.4917 2383.552  2300.6594 2218.1995
   2137.5327 2059.8706 1986.1959]
  [2706.0217 2636.7256 2563.1035 2485.854  2405.9941 2324.7698 2243.5303
   2163.599  2086.166  2012.2177]
  [2713.5574 2647.0522 2576.1404 2501.5256 2424.1943 2345.319  2266.15
   2187.9045 2111.6812 2038.4062]]

 [[2557.2812 2464.2979 2373.1287 2284.838  2200.3882 2120.5942 2046.082
   1977.2625 1914.3243 1857.2474]
  [2578.4392 2487.5566 2397.8625 2310.3706 2226.0293 2145.675  2069.9912
   1999.4763 1934.4275 1874.945 ]
  [2601.1519 2512.945  2425.0925 2338.54   2254.2275 2173.0508 2095.8042
   2023.1382 1955.5204 1893.2213]
  [2624.5483 2539.4443 2453.7004 2368.1882 2283.8613 2201.7087 2122.686
   2047.6405 1977.2488 1911.9736]
  [2647.662  2565.9192 2482.465  2398.1091 2313.8389 2230.7617 2150.013
   2072.6523 1999.568  1931.412 ]
  [2669.4932 2591.1965 2510.1523 2427.129  2343.1565 2259.4578 2177.335
   2098.0303 2022.6145 1951.9048]
  [2689.0608 2614.141  2535.5886 2454.1484 2370.8892 2287.1187 2204.2476
   2123.6453 2046.5076 1973.7751]
  [2705.4517 2633.7214 2557.714  2478.1682 2396.1687 2313.0508 2230.2617
   2149.2148 2071.162  1997.1134]
  [2717.8809 2649.0774 2575.6467 2498.3252 2418.1812 2336.517  2254.7368
   2174.2148 2096.1846 2021.6656]
  [2725.7522 2659.5876 2588.7432 2513.9482 2436.2231 2356.782  2276.9204
   2197.9043 2120.8804 2046.8201]]

 [[2555.075  2465.3103 2377.5063 2292.626  2211.5225 2134.8972 2063.2659
   1996.9442 1936.051  1880.529 ]
  [2578.1428 2490.47   2404.0342 2319.7437 2238.4429 2160.8716 2087.6304
   2019.1565 1955.7126 1897.3921]
  [2602.7002 2517.5332 2432.673  2348.9695 2267.2803 2188.4312 2113.1694
   2042.1158 1975.7303 1914.2946]
  [2627.8142 2545.4333 2462.2825 2379.1633 2296.9785 2216.6821 2139.212
   2065.411  1995.9609 1931.3414]
  [2652.4844 2573.0398 2491.6975 2409.232  2326.6133 2244.9443 2165.3667
   2088.9468 2016.5814 1948.9352]
  [2675.693  2599.226  2519.7983 2438.1743 2355.3975 2272.7095 2191.4268
   2112.8062 2037.9235 1967.6014]
  [2696.4578 2622.9253 2545.5417 2465.074  2382.6216 2299.519  2217.2007
   2137.0474 2060.2607 1987.7823]
  [2713.8765 2643.1746 2567.9863 2489.082  2407.581  2324.849  2242.355
   2161.5269 2083.6245 2009.6627]
  [2727.1853 2659.171  2586.331  2509.4292 2429.563  2348.0586 2266.3425
   2185.8066 2107.7007 2033.0586]
  [2735.8223 2670.3333 2599.9702 2525.4766 2447.8887 2368.4373 2288.438
   2209.1807 2131.838  2057.4097]]]
"""
