raw_data = """
[[[1840.7616 1770.0013 1702.5846 1639.2438 1580.5492 1526.9044 1478.5509
   1435.5853 1397.981  1365.6112]
  [1816.8934 1745.9056 1678.4844 1615.468  1557.5013 1505.0197 1458.2496
   1417.2303 1381.8452 1351.862 ]
  [1793.9966 1723.631  1657.009  1595.0444 1538.4327 1487.6221 1442.8087
   1403.9646 1370.8798 1343.219 ]
  [1772.5935 1703.776  1638.834  1578.7134 1524.1222 1475.4905 1432.9669
   1396.4478 1365.6344 1340.1033]
  [1753.4528 1687.1111 1624.7294 1567.2325 1515.2926 1469.2881 1429.2988
   1395.1442 1366.4504 1342.7291]
  [1737.5505 1674.5292 1615.4915 1561.2865 1512.5046 1469.4392 1432.0884
   1400.2012 1373.3501 1351.0156]
  [1725.9502 1666.919  1611.8107 1561.3538 1516.021  1476.0012 1441.2108
   1411.3448 1385.9543 1364.5262]
  [1719.6053 1664.9773 1614.0995 1567.5526 1525.6785 1488.5635 1456.0591
   1427.8375 1403.4626 1382.4633]
  [1719.1382 1669.0059 1622.3195 1579.5117 1540.8062 1506.2123 1475.5535
   1448.5159 1424.7108 1403.7339]
  [1724.6504 1678.7563 1635.8756 1596.3206 1560.2345 1527.597  1498.247
   1471.9232 1448.3079 1427.0723]]

 [[1887.07   1815.24   1746.6797 1682.1945 1622.4235 1567.8301 1518.7063
   1475.1825 1437.2484 1404.7754]
  [1864.2637 1792.2334 1723.6844 1659.5342 1600.5032 1547.0913 1499.573
   1458.0154 1422.3077 1392.202 ]
  [1842.6816 1771.3304 1703.6104 1640.5194 1582.8333 1531.0669 1485.4651
   1446.022  1412.5254 1384.6149]
  [1822.8815 1753.1672 1687.1718 1625.9248 1570.2177 1520.5493 1477.1163
   1439.8368 1408.4076 1382.3782]
  [1805.6477 1738.5244 1675.1415 1616.5034 1563.3639 1516.1724 1475.0597
   1439.8726 1410.2396 1385.6554]
  [1791.939  1728.257  1668.2588 1612.8649 1562.744  1518.2633 1479.4808
   1446.1853 1417.9702 1394.3203]
  [1782.741  1723.1412 1667.0714 1615.3214 1568.4415 1526.7015 1490.0917
   1458.3695 1431.1323 1407.8983]
  [1778.8483 1723.6709 1671.7516 1623.7299 1580.0288 1540.8281 1506.0759
   1475.5317 1448.8334 1425.566 ]
  [1780.6355 1729.8575 1681.9457 1637.3964 1596.5277 1559.463  1526.1437
   1496.3667 1469.8379 1446.2238]
  [1787.887  1741.1162 1696.7208 1655.0945 1616.4954 1581.0375 1548.6957
   1519.3307 1492.7242 1468.6206]]

 [[1937.3367 1865.0369 1795.8757 1730.7173 1670.2632 1615.0366 1565.3807
   1521.4647 1483.2976 1450.7488]
  [1916.3665 1843.9291 1774.814  1710.002  1650.2787 1596.2058 1548.1091
   1506.0891 1470.046  1439.7191]
  [1896.8768 1825.1912 1756.9336 1693.1644 1634.7279 1582.2039 1535.8873
   1495.8047 1461.7513 1433.351 ]
  [1879.4169 1809.4471 1742.9288 1680.9517 1624.3751 1573.7671 1529.3784
   1491.1631 1458.8307 1431.9222]
  [1864.7332 1797.4274 1733.5104 1674.0413 1619.8429 1571.4375 1529.0203
   1492.4862 1461.4927 1435.5449]
  [1853.7023 1789.8798 1729.2909 1672.9038 1621.4579 1575.4015 1534.8738
   1499.7334 1469.6287 1444.0818]
  [1847.1633 1787.4008 1730.6129 1677.634  1629.0902 1585.3474 1546.4995
   1512.4015 1482.735  1457.0842]
  [1845.6897 1790.2277 1737.3718 1687.8102 1642.0549 1600.402  1562.9266
   1529.5132 1499.908  1473.7828]
  [1849.3711 1798.0654 1748.9044 1702.4497 1659.1273 1619.1974 1582.7483
   1549.7175 1519.9304 1493.148 ]
  [1857.6875 1810.0316 1764.0099 1720.1036 1678.7006 1640.0652 1604.3253
   1571.4816 1541.4313 1514.006 ]]

 [[1991.464  1919.3292 1850.1548 1784.8468 1724.1576 1668.6649 1618.7606
   1574.6506 1536.3615 1503.7545]
  [1973.122  1900.9565 1831.8927 1766.9491 1706.9618 1652.5464 1604.0765
   1561.6855 1525.2866 1494.6077]
  [1956.5055 1885.1875 1817.0125 1753.0745 1694.2667 1641.2224 1594.288
   1553.5244 1518.7438 1489.5651]
  [1942.1018 1872.5692 1806.1162 1743.861  1686.7104 1635.2906 1589.9108
   1550.5721 1517.016  1488.7976]
  [1930.5542 1863.7063 1799.7714 1739.8298 1684.7535 1635.1321 1591.236
   1553.03   1520.2294 1492.3824]
  [1922.5822 1859.1648 1798.3905 1741.2452 1688.5242 1640.7596 1598.1906
   1560.776  1528.2548 1500.224 ]
  [1918.8096 1859.2997 1802.0626 1747.9556 1697.6744 1651.6914 1610.2288
   1573.2733 1540.6276 1511.9769]
  [1919.5448 1864.065  1810.4034 1759.2858 1711.3145 1666.9161 1626.3187
   1589.5608 1556.5292 1527.0111]
  [1924.591  1872.8867 1822.4989 1774.0509 1728.0809 1684.9983 1645.0558
   1608.3516 1574.8541 1544.4409]
  [1933.1833 1884.6759 1836.9966 1790.7134 1746.3422 1704.3002 1664.8748
   1628.2168 1594.353  1563.2194]]

 [[2049.2422 1977.912  1909.3323 1844.431  1783.997  1728.6498 1678.8209
   1634.7413 1596.4437 1563.7725]
  [2034.288  1963.0848 1894.7128 1830.2031 1770.4214 1716.0208 1667.4113
   1624.7516 1587.9622 1556.7601]
  [2021.2699 1951.0331 1883.585  1820.0215 1761.2576 1707.9635 1660.5251
   1619.0386 1583.3378 1553.0518]
  [2010.5535 1942.1543 1876.3752 1814.3241 1756.9266 1704.8502 1658.4587
   1617.8096 1582.695  1552.7114]
  [2002.6057 1936.8506 1873.4264 1813.3955 1757.6531 1706.8448 1661.3213
   1621.1364 1586.093  1555.8182]
  [1997.9193 1935.4371 1874.8888 1817.246  1763.3395 1713.7831 1668.9271
   1628.8586 1593.4417 1562.3845]
  [1996.8506 1937.9875 1880.5802 1825.4839 1773.4535 1725.0706 1680.702
   1640.4944 1604.4032 1572.2478]
  [1999.4275 1944.1862 1889.8787 1837.2534 1786.9967 1739.6707 1695.6694
   1655.2085 1618.3392 1584.991 ]
  [2005.2101 1953.2535 1901.7231 1851.2915 1802.6034 1756.2147 1712.5494
   1671.8804 1634.3359 1599.9297]
  [2013.2848 1964.0189 1914.7498 1866.1178 1818.7524 1773.2146 1729.9482
   1689.2588 1651.3158 1616.1764]]

 [[2110.336  2040.4236 1973.0372 1909.108  1849.4415 1794.6796 1745.2712
   1701.4528 1663.2424 1630.455 ]
  [2099.4424 2029.86   1962.8076 1899.3015 1840.2096 1786.1981 1737.692
   1694.859  1657.6178 1625.6763]
  [2090.6284 2022.146  1956.0488 1893.3984 1835.1008 1781.8362 1734.0131
   1691.755  1654.9236 1623.1746]
  [2084.0757 2017.457  1952.9299 1891.5535 1834.2391 1781.6729 1734.2633
   1692.1292 1655.1318 1622.9393]
  [2080.0127 2015.9254 1953.503  1893.755  1837.5696 1785.6324 1738.3733
   1695.9506 1658.2828 1625.109 ]
  [2078.652  2017.5696 1957.6268 1899.749  1844.7812 1793.4089 1746.1011
   1703.0914 1664.3977 1629.8716]
  [2080.0596 2022.1841 1964.8722 1908.9558 1855.232  1804.3882 1756.9424
   1713.2181 1673.3481 1637.3097]
  [2084.0073 2029.2361 1974.4637 1920.4446 1867.9364 1817.6304 1770.09
   1725.7177 1684.7476 1647.2684]
  [2089.8901 2037.846  1985.3174 1933.0095 1881.6572 1831.9525 1784.4869
   1739.7114 1697.9263 1659.2957]
  [2096.7605 2046.8888 1996.1879 1945.3477 1895.0901 1846.1014 1798.9735
   1754.1678 1712.0049 1672.6779]]

 [[2174.2778 2106.3394 2040.7075 1978.2954 1919.9005 1866.158  1817.5042
   1774.1498 1736.0758 1703.055 ]
  [2167.976  2100.601  2035.4424 1973.4713 1915.528  1862.2595 1814.077
   1771.1345 1733.3408 1700.4   ]
  [2163.7927 2097.6467 2033.4509 1972.1987 1914.752  1861.7697 1813.662
   1770.5703 1732.3896 1698.8237]
  [2161.6716 2097.37   2034.5853 1974.2914 1917.3535 1864.4507 1816.0233
   1772.2548 1733.093  1698.305 ]
  [2161.559  2099.5938 2038.5756 1979.4275 1923.004  1870.0139 1820.9613
   1776.1194 1735.5424 1699.1106]
  [2163.3682 2104.0386 2045.0061 1987.1271 1931.2393 1878.0891 1828.2631
   1782.1515 1739.9436 1701.6567]
  [2166.892  2110.259  2053.2683 1996.7103 1941.4093 1888.1469 1837.5912
   1790.2463 1746.4336 1706.3042]
  [2171.7075 2117.593  2062.539  2007.2894 1952.6571 1899.4493 1848.3917
   1800.0725 1754.9135 1713.1729]
  [2177.1343 2125.1692 2071.8264 2017.8265 1963.9729 1911.078  1859.8881
   1811.0284 1764.9735 1722.0449]
  [2182.2954 2132.009  2080.0957 2027.2715 1974.3263 1922.0524 1871.1768
   1822.3126 1775.9341 1732.3776]]

 [[2240.4736 2174.982  2111.5962 2051.1882 1994.5176 1942.1782 1894.5546
   1851.7991 1813.8348 1780.3905]
  [2239.107  2174.414  2111.6228 2051.6326 1995.2208 1942.981  1895.2786
   1852.235  1813.7435 1779.5183]
  [2239.7534 2176.3855 2114.5146 2055.0369 1998.7366 1946.2239 1897.8882
   1853.8824 1814.1449 1778.4484]
  [2242.0874 2180.4775 2119.7825 2060.8647 2004.5161 1951.3884 1901.9427
   1856.4294 1814.8976 1777.2357]
  [2245.7607 2186.2058 2126.8545 2068.5251 2012.0194 1958.0553 1907.2056
   1859.862  1816.227  1776.3374]
  [2250.4094 2193.0337 2135.1052 2077.3962 2020.7263 1965.8899 1913.5854
   1864.3584 1818.5745 1776.4235]
  [2255.6074 2200.3574 2143.8438 2086.8062 2030.0842 1974.541  1920.9825
   1870.0869 1822.36   1778.1271]
  [2260.8154 2207.4788 2152.3013 2096.0073 2039.4498 1983.5354 1929.1354
   1877.0112 1827.7655 1781.8209]
  [2265.3672 2213.624  2159.6602 2104.1965 2048.0886 1992.2468 1937.5555
   1884.8011 1834.6229 1787.4963]
  [2268.5261 2218.0205 2165.1382 2110.6025 2055.2515 1999.9625 1945.5834
   1892.8663 1842.4335 1794.7622]]

 [[2308.224  2245.5454 2184.793  2126.7747 2072.1787 2021.5183 1975.0918
   1932.9663 1894.9976 1860.8776]
  [2311.9102 2250.229  2190.137  2132.4365 2077.8105 2026.768  1979.6045
   1936.397  1897.0292 1861.2445]
  [2317.335  2257.0059 2197.7112 2140.226  2085.235  2033.2775 1984.71
   1939.6979 1898.2327 1860.1781]
  [2323.8965 2265.1528 2206.7104 2149.308  2093.6492 2040.3466 1989.8788
   1942.5646 1898.563  1857.8973]
  [2330.981  2273.9248 2216.3335 2158.9146 2102.411  2047.5427 1994.9478
   1945.1328 1898.4479 1855.0883]
  [2338.004  2282.6118 2225.8452 2168.3945 2111.0564 2054.667  2000.025
   1947.8198 1898.5825 1852.6677]
  [2344.4004 2290.544  2234.5735 2177.1807 2119.2134 2061.6038 2005.2781
   1951.068  1899.6473 1851.5   ]
  [2349.597  2297.0735 2241.8828 2184.7275 2126.4907 2068.159  2010.7273
   1955.108  1902.0609 1852.1597]
  [2353.0078 2301.58   2247.1685 2190.4873 2132.4275 2073.979  2016.1406
   1959.8375 1905.8534 1854.802 ]
  [2354.0728 2303.514  2249.8992 2193.9463 2136.5254 2078.5825 2021.0631
   1964.8422 1910.6732 1859.16  ]]

 [[2376.7544 2317.126  2259.258  2203.8677 2151.5415 2102.681  2057.4722
   2015.8875 1977.7203 1942.6488]
  [2385.3682 2326.8567 2269.6194 2214.3394 2161.5835 2111.7573 2065.0771
   2021.5782 1981.1489 1943.5837]
  [2395.2676 2338.0352 2281.3672 2225.9077 2172.2295 2120.7969 2071.9346
   2025.8264 1982.5308 1942.0126]
  [2405.6025 2349.6843 2293.459  2237.5415 2182.5493 2129.0579 2077.5652
   2028.4608 1982.0145 1938.383 ]
  [2415.5542 2360.8845 2304.9717 2248.4229 2191.93   2136.2168 2081.9814
   2029.837  1980.2688 1933.6165]
  [2424.4014 2370.8538 2315.1724 2257.9817 2200.0608 2142.2825 2085.5315
   2030.621  1978.2235 1928.8362]
  [2431.526  2378.947  2323.495  2265.8252 2206.794  2147.3906 2088.637
   2031.4917 1976.7648 1925.0741]
  [2436.3936 2384.631  2329.4814 2271.6316 2211.9868 2151.5972 2091.5532
   2032.8861 1976.4836 1923.0403]
  [2438.538  2387.46   2332.7397 2275.0854 2215.4126 2154.771  2094.2466
   2034.8715 1977.5475 1923.0002]
  [2437.5803 2387.0908 2332.9558 2275.8862 2216.7708 2156.605  2096.4116
   2037.1597 1979.7102 1924.7726]]]
"""
