raw_data = """
[[[1800.5149 1728.0498 1659.1104 1594.4379 1534.6051 1480.0144 1430.9048
   1387.3678 1349.3694 1316.7756]
  [1775.704  1702.8768 1633.8094 1569.352  1510.1565 1456.6594 1409.0867
   1367.4744 1331.7006 1301.5264]
  [1751.9037 1679.5658 1611.1721 1547.6553 1489.7216 1437.8252 1392.1656
   1352.714  1319.2574 1291.4543]
  [1729.6458 1658.7275 1591.8918 1530.1096 1474.1061 1424.3235 1380.9176
   1343.788  1312.6348 1287.0244]
  [1709.7052 1641.1456 1576.7584 1517.4999 1464.0673 1416.8578 1375.9639
   1341.2107 1312.2224 1288.4967]
  [1693.0662 1627.7278 1566.5907 1510.5428 1460.2069 1415.9017 1377.6423
   1345.184  1318.0942 1295.8333]
  [1680.8011 1619.3799 1562.1062 1509.7533 1462.8335 1421.5651 1385.8827
   1355.4868 1329.9169 1308.6318]
  [1673.8771 1616.8203 1563.7478 1515.2897 1471.8302 1433.4868 1400.1277
   1371.4244 1346.9233 1326.1183]
  [1672.938  1620.3792 1571.5115 1526.8193 1486.5673 1450.7931 1419.3309
   1391.8599 1367.9673 1347.2086]
  [1678.1129 1629.8389 1584.8357 1543.4633 1505.9022 1472.153  1442.058
   1415.341  1391.655  1370.6315]]

 [[1848.2499 1774.49   1704.1787 1638.1367 1577.0143 1521.2817 1471.2324
   1426.9965 1388.5587 1355.7834]
  [1824.3667 1750.2594 1679.8264 1614.0062 1553.5353 1498.9231 1450.4491
   1408.1809 1372.0038 1341.6609]
  [1801.7338 1728.1635 1658.4283 1593.5573 1534.347  1481.3273 1434.7507
   1394.6138 1360.7002 1332.638 ]
  [1780.9237 1708.8575 1640.7268 1577.5996 1520.2946 1469.333  1424.9221
   1386.9841 1355.2094 1329.1301]
  [1762.7382 1693.1488 1627.5284 1566.927  1512.1355 1463.6301 1421.5568
   1385.7643 1355.8713 1331.3472]
  [1748.1566 1681.921  1619.6106 1562.1989 1510.3989 1464.6088 1424.903
   1391.0698 1362.685  1339.1991]
  [1738.1882 1675.9833 1617.564  1563.779  1515.2266 1472.2087 1434.731
   1402.5442 1375.2201 1352.2334]
  [1733.6558 1675.8657 1621.6049 1571.5732 1526.2417 1485.8206 1450.2665
   1419.3257 1392.6025 1369.6334]
  [1734.9656 1681.6168 1631.4185 1584.9263 1542.5016 1504.2913 1470.2374
   1440.1171 1413.5962 1390.2914]
  [1741.9362 1692.6826 1646.0994 1602.632  1562.574  1526.0531 1493.0364
   1463.3583 1436.7604 1412.9375]]

 [[1900.2031 1825.7478 1754.6018 1687.6534 1625.624  1569.0521 1518.2899
   1473.5112 1434.7235 1401.788 ]
  [1878.0356 1803.2828 1732.04   1665.3208 1603.9365 1548.4685 1499.2545
   1456.4    1419.8019 1389.1877]
  [1857.3616 1783.2091 1712.6895 1646.9056 1586.7356 1532.783  1485.3589
   1444.4937 1409.9758 1381.4114]
  [1838.7521 1766.181  1697.2839 1633.2037 1574.8414 1522.795  1477.3326
   1438.4104 1405.7255 1378.7915]
  [1822.9838 1752.968  1686.5842 1624.9518 1568.9442 1519.1178 1475.6855
   1438.5398 1407.3164 1381.4824]
  [1810.9667 1744.3636 1681.2577 1622.6857 1569.4414 1522.011  1480.5464
   1444.898  1414.6819 1389.3706]
  [1803.5796 1741.0133 1681.7054 1626.5636 1576.2699 1531.224  1491.5281
   1457.0197 1427.3386 1402.011 ]
  [1801.439  1743.2018 1687.8743 1636.216  1588.7911 1545.9231 1507.6871
   1473.9402 1444.3818 1418.6222]
  [1804.6725 1750.6736 1699.137  1650.6892 1605.8004 1564.748  1527.6112
   1494.2949 1464.5741 1438.1508]
  [1812.7919 1762.5702 1714.3059 1668.5353 1625.6782 1586.0057 1549.6296
   1516.5143 1486.5096 1459.3926]]

 [[1956.3086 1881.8033 1810.4161 1743.0857 1680.5951 1623.5463 1572.3491
   1527.2194 1488.1842 1455.0969]
  [1936.6752 1861.9674 1790.5393 1723.4529 1661.583  1605.575  1555.8224
   1512.4679 1475.4211 1444.3953]
  [1918.7681 1844.7496 1774.0742 1707.8922 1647.1427 1592.4956 1544.3182
   1502.6781 1467.3772 1438.0096]
  [1903.106  1830.7385 1761.6765 1697.1042 1637.9846 1584.9836 1538.4321
   1498.3318 1464.4037 1436.1649]
  [1890.3728 1820.5927 1753.9785 1691.6862 1634.6509 1583.5045 1538.535
   1499.6986 1466.6782 1438.9701]
  [1881.3372 1814.9384 1751.4633 1691.9805 1637.3508 1588.1471 1544.6179
   1506.7039 1474.0985 1446.3359]
  [1876.6768 1814.1921 1754.2881 1697.9048 1645.8011 1598.483  1556.1735
   1518.8298 1486.2004 1457.9011]
  [1876.7507 1818.362  1762.12   1708.8291 1659.1461 1613.5215 1572.1742
   1535.1051 1502.1428 1473.005 ]
  [1881.4042 1826.9088 1774.0706 1723.5806 1676.0204 1631.8105 1591.1873
   1554.2078 1520.7828 1490.7251]
  [1889.8934 1838.7524 1788.7799 1740.5983 1694.7533 1651.6641 1611.5962
   1574.6583 1540.8258 1509.9783]]

 [[2016.3845 1942.4899 1871.4854 1804.3422 1741.8887 1684.7788 1633.4703
   1588.2101 1549.0334 1515.7759]
  [2000.081  1926.1327 1855.1797 1788.3079 1726.4324 1670.2471 1620.1901
   1576.4329 1538.8922 1507.2668]
  [1985.707  1912.5641 1842.4012 1776.3826 1715.4823 1660.4169 1611.6001
   1569.1348 1532.8413 1502.3163]
  [1973.6667 1902.2328 1833.6416 1769.081  1709.5449 1655.7501 1608.0847
   1566.6035 1531.0708 1501.0355]
  [1964.4786 1895.6057 1829.3206 1766.7747 1708.9364 1656.4998 1609.8319
   1568.9717 1533.68   1503.5212]
  [1958.6954 1893.07   1829.6692 1769.558  1713.6401 1662.5714 1616.7087
   1576.1111 1540.5872 1509.7731]
  [1956.7372 1894.7684 1834.5748 1777.1044 1723.1775 1673.4083 1628.1584
   1587.5358 1551.4332 1519.594 ]
  [1958.6862 1900.4353 1843.4594 1788.589  1736.5652 1687.971  1643.1852
   1602.3787 1565.5391 1532.522 ]
  [1964.1383 1909.317  1855.2701 1802.7399 1752.4119 1704.8514 1660.4615
   1619.469  1581.9427 1547.8296]
  [1972.1896 1920.2329 1868.6151 1818.0305 1769.138  1722.4976 1678.5302
   1637.4979 1599.5178 1564.5913]]

 [[2080.1125 2007.4731 1937.4786 1871.1117 1809.2263 1752.508  1701.44
   1656.2783 1617.0475 1583.5516]
  [2067.8584 1995.3646 1925.5476 1859.4872 1798.1116 1742.1371 1692.0232
   1647.9532 1609.8423 1577.3755]
  [2057.6738 1986.1216 1917.1327 1851.8473 1791.241  1736.0482 1686.7104
   1643.3584 1605.8359 1573.7604]
  [2049.7856 1979.9783 1912.4768 1848.4309 1788.8296 1734.4141 1685.6185
   1642.5568 1605.0564 1572.7302]
  [2044.4788 1977.1376 1911.7146 1849.3175 1790.9142 1737.2422 1688.746
   1645.5646 1607.5668 1574.4244]
  [2042.0338 1977.6953 1914.7863 1854.3325 1797.255  1744.2817 1695.885
   1652.2645 1613.3778 1579.0006]
  [2042.5819 1981.5121 1921.3251 1862.9485 1807.2461 1754.9354 1706.5267
   1662.3003 1622.3229 1586.4949]
  [2045.947  1988.0978 1930.5856 1874.2473 1819.8956 1768.2395 1719.8258
   1675.0107 1633.9635 1596.7006]
  [2051.5488 1996.5837 1941.4746 1886.9961 1833.9232 1782.9574 1734.6674
   1689.4607 1647.5782 1609.12  ]
  [2058.4353 2005.8188 1952.703  1899.832  1847.9567 1797.7648 1749.8258
   1704.5614 1662.2417 1623.0061]]

 [[2147.031  2076.2412 2007.8547 1942.8425 1882.0577 1826.186  1775.7035
   1730.8448 1691.5984 1657.7267]
  [2139.4077 2069.0005 2000.9355 1936.2562 1875.8698 1820.4796 1770.536
   1726.2109 1687.4082 1653.808 ]
  [2133.8943 2064.566  1997.348  1933.3208 1873.4218 1818.3704 1768.6106
   1724.291  1685.2874 1651.2615]
  [2130.4805 2062.891  1997.0188 1933.9343 1874.5846 1819.7073 1769.7684
   1724.9443 1685.1461 1650.0846]
  [2129.171  2063.8706 1999.7583 1937.8586 1879.1096 1824.2706 1773.8604
   1728.1292 1687.0815 1650.5288]
  [2129.9453 2067.2964 2005.2223 1944.6803 1886.5857 1831.7246 1780.686
   1733.8256 1691.2725 1652.9697]
  [2132.6577 2072.7812 2012.8519 1953.7546 1896.3793 1841.5369 1789.8865
   1741.8909 1697.8081 1657.7157]
  [2136.927  2079.6924 2021.8376 1964.189  1907.6117 1852.932  1800.8597
   1751.9406 1706.5356 1664.8351]
  [2142.088  2087.1567 2031.167  1974.9069 1919.2217 1864.9335 1812.7704
   1763.318  1716.9967 1674.0685]
  [2147.2478 2094.1611 2039.7543 1984.798  1930.1124 1876.4952 1824.6556
   1775.1719 1728.4731 1684.8451]]

 [[2216.5344 2148.1104 2081.8662 2018.7351 1959.5372 1904.921  1855.3143
   1810.8954 1771.596  1737.1349]
  [2213.9353 2146.1377 2080.3467 2017.5369 1958.5565 1904.0587 1854.4501
   1809.8699 1770.2075 1735.1533]
  [2213.3425 2146.732  2081.76   2019.4098 1960.545  1905.8365 1855.7085
   1810.3208 1769.5916 1733.254 ]
  [2214.4734 2149.5317 2085.6848 2023.8936 1965.0314 1909.8074 1858.7086
   1811.9773 1769.6278 1731.4951]
  [2217.0347 2154.1143 2091.6177 2030.4642 1971.5355 1915.5991 1863.2418
   1814.8341 1770.5311 1730.3069]
  [2220.7188 2160.0042 2098.99   2038.548  1979.5703 1922.8918 1869.2126
   1819.0472 1772.707  1730.3152]
  [2225.1514 2166.6396 2107.1426 2047.4901 1988.5842 1931.3174 1876.4899
   1824.743  1776.5276 1732.1028]
  [2229.824  2173.3423 2115.309  2056.5278 1997.9032 1940.3617 1884.7639
   1831.8357 1782.1257 1735.9968]
  [2234.0771 2179.3281 2122.6465 2064.8196 2006.7448 1949.346  1893.496
   1839.947  1789.2926 1741.954 ]
  [2237.1553 2183.7905 2128.3262 2071.5405 2014.3041 1957.5056 1901.9789
   1848.4501 1797.5006 1749.5634]]

 [[2287.8928 2222.2437 2158.5723 2097.749  2040.5239 1987.4658 1938.9163
   1894.9702 1855.4928 1820.1688]
  [2290.477  2225.666  2162.5269 2101.9373 2044.6509 1991.2355 1942.0273
   1897.1217 1856.3992 1819.5826]
  [2294.7915 2231.209  2168.7798 2108.3643 2050.724  1996.457  1945.9535
   1899.3855 1856.7283 1817.8096]
  [2300.2705 2238.197  2176.581  2116.254  2057.9978 2002.4796 1950.2023
   1901.4791 1856.4387 1815.0585]
  [2306.3442 2245.934  2185.18   2124.8857 2065.8691 2008.8971 1954.6212
   1903.5317 1855.939  1811.9845]
  [2312.4736 2253.7534 2193.8804 2133.637  2073.8887 2015.5093 1959.3025
   1905.9329 1855.8871 1809.4629]
  [2318.1309 2261.0151 2202.0278 2141.9453 2081.6748 2022.1791 1964.3812
   1909.086  1856.921  1808.3151]
  [2322.766  2267.0825 2208.9844 2149.249  2088.8096 2028.6763 1969.8386
   1913.1814 1859.4211 1809.0793]
  [2325.795  2271.3247 2214.1226 2154.9675 2094.7935 2034.6084 1975.4054
   1918.0826 1863.3876 1811.8871]
  [2326.643  2273.165  2216.8755 2158.5488 2099.0889 2039.4573 1980.5934
   1923.3507 1868.4498 1816.4557]]

 [[2360.2825 2297.6829 2236.8738 2178.6338 2123.6084 2072.2534 2024.7958
   1981.236  1941.3777 1904.8964]
  [2367.9502 2306.323  2246.0303 2187.8267 2132.3474 2080.0513 2031.1941
   1985.8292 1943.8446 1905.0201]
  [2376.8877 2316.4292 2256.6292 2198.2112 2141.8208 2087.9749 2037.0306
   1989.1799 1944.4686 1902.8352]
  [2386.2688 2327.0566 2267.665  2208.795  2151.1348 2095.3105 2041.8438
   1991.1213 1943.3906 1898.7723]
  [2395.3071 2337.3198 2278.2485 2218.7878 2159.6973 2101.7444 2045.6432
   1991.9952 1941.2555 1893.7229]
  [2403.3115 2346.4646 2287.6694 2227.6338 2167.2    2107.277  2048.759
   1992.4414 1938.9631 1888.7769]
  [2409.6929 2353.8672 2295.3716 2234.94   2173.4849 2112.025  2051.5864
   1993.1088 1937.3668 1884.9338]
  [2413.933  2359.     2300.8943 2240.3726 2178.3892 2116.019  2054.355
   1994.4071 1937.0306 1882.8782]
  [2415.569  2361.4133 2303.8328 2243.5967 2181.664  2119.1047 2057.0063
   1996.3826 1938.1042 1882.8597]
  [2414.216  2360.75   2303.8525 2244.2896 2182.9858 2120.9553 2059.2192
   1998.734  1940.3322 1884.6908]]]
"""
