raw_data = """
[[[2826.3572 2682.0068 2538.9126 2399.0063 2264.1128 2135.8594 2015.5936
   1904.3177 1802.6527 1710.8406]
  [2838.5676 2695.233  2552.9868 2413.8406 2279.684  2152.183  2032.6877
   1922.1652 1821.1744 1729.8865]
  [2848.4385 2707.6052 2567.7197 2430.8025 2298.7395 2173.1692 2055.386
   1946.2812 1846.3367 1755.6626]
  [2855.6746 2718.853  2582.8818 2449.7078 2321.1265 2198.6675 2083.5056
   1976.4224 1877.8162 1787.7656]
  [2860.3755 2728.9717 2598.3647 2470.3374 2346.503  2228.2026 2116.4375
   2011.8557 1914.7886 1825.3242]
  [2863.072  2738.253  2614.1875 2492.4177 2374.2993 2260.926  2153.0957
   2051.3286 1955.9177 1867.0093]
  [2864.631  2747.1868 2630.4148 2515.5603 2403.6829 2295.6138 2191.958
   2093.1367 1999.4495 1911.1365]
  [2866.015  2756.2593 2646.9968 2539.1675 2433.5461 2330.7349 2231.1958
   2135.3035 2043.403  1955.8427]
  [2867.9758 2765.693  2663.5984 2562.3643 2462.5422 2364.5828 2268.8804
   2175.8196 2085.8103 1999.2975]
  [2870.7832 2775.2546 2679.4995 2584.0034 2489.1926 2395.463  2303.2156
   2212.8838 2124.9421 2039.8927]]

 [[2823.6687 2678.2043 2534.0154 2393.1086 2257.377  2128.5078 2007.8923
   1896.5581 1795.1288 1703.8289]
  [2837.503  2693.065  2549.6863 2409.4495 2274.317  2146.0195 2025.9575
   1915.131  1814.1115 1723.0619]
  [2849.5688 2707.6694 2566.6096 2428.4773 2295.231  2168.581  2049.8855
   1940.0872 1839.6992 1748.8475]
  [2859.5361 2721.7065 2584.5105 2449.952  2319.8987 2195.9634 2079.4072
   1971.092  1871.4845 1780.7137]
  [2867.4014 2735.0498 2603.1404 2473.4998 2347.8167 2227.5325 2113.7673
   2007.2933 1908.5596 1817.7509]
  [2873.5146 2747.7717 2622.2698 2498.5837 2378.1526 2262.1985 2151.6816
   2047.3007 1949.5228 1858.6372]
  [2878.4763 2760.048  2641.6143 2524.4546 2409.7322 2298.4443 2191.4097
   2089.2834 1992.5876 1901.7411]
  [2882.9033 2771.9736 2660.7124 2550.1133 2441.0889 2334.4536 2230.933
   2131.1785 2035.7836 1945.2885]
  [2887.1548 2783.3584 2678.8274 2574.3257 2470.5881 2368.323  2268.2207
   2170.9585 2077.1958 1987.5522]
  [2891.123  2793.6172 2694.9414 2595.722  2496.6147 2398.302  2301.4878
   2206.8838 2115.1807 2027.0217]]

 [[2819.1128 2673.3247 2528.8386 2387.6985 2251.8376 2122.978  2002.5374
   1891.56   1790.6735 1700.0906]
  [2834.8257 2690.0974 2546.3914 2405.8237 2270.3965 2141.88   2021.7122
   1910.9242 1810.1062 1719.4261]
  [2849.3508 2707.1885 2565.7324 2427.0957 2293.2788 2166.0435 2046.806
   1936.5662 1835.8867 1744.9268]
  [2862.2905 2724.2053 2586.4893 2451.1624 2320.14   2195.1077 2077.4177
   1968.0312 1867.5096 1776.0562]
  [2873.4883 2740.8445 2608.2166 2477.443  2350.2722 2228.2505 2112.6372
   2004.3604 1904.0177 1811.9137]
  [2883.049  2756.8982 2630.386  2505.1016 2382.5688 2264.1587 2151.0293
   2044.0946 1944.0255 1851.2678]
  [2891.2412 2772.1763 2652.3367 2533.0352 2415.5557 2301.0977 2190.735
   2085.392  1985.8308 1892.6459]
  [2898.295  2786.3696 2673.2188 2559.904  2447.5068 2337.0945 2229.6904
   2126.2427 2027.5955 1934.4609]
  [2904.186  2798.9238 2691.9807 2584.2368 2476.6436 2370.197  2265.9004
   2164.7227 2067.5527 1975.1581]
  [2908.5083 2809.0178 2707.4507 2604.5999 2501.3691 2398.7354 2297.6987
   2199.2246 2104.192  2013.3497]]

 [[2812.3953 2667.0554 2523.0583 2382.4543 2247.1826 2118.9756 1999.2601
   1889.0857 1789.0793 1699.4465]
  [2830.1272 2685.8997 2542.6628 2402.5283 2267.5037 2139.375  2019.6029
   1909.2416 1808.9044 1718.7734]
  [2847.2227 2705.574  2564.4893 2426.07   2292.3247 2165.0474 2045.7024
   1935.3494 1834.6096 1743.6908]
  [2863.1833 2725.561  2588.0198 2452.5625 2321.1255 2195.455  2076.9966
   1966.8218 1865.6002 1773.6228]
  [2877.6577 2745.3372 2612.5713 2481.1858 2352.9744 2229.5898 2112.4424
   2002.6335 1900.9214 1807.735 ]
  [2890.4617 2764.3801 2637.299  2510.8115 2386.5254 2265.9756 2150.5352
   2041.3507 1939.2981 1844.9708]
  [2901.5022 2782.1296 2661.1936 2540.0427 2420.098  2302.7793 2189.4307
   2081.249  1979.2241 1884.1038]
  [2910.631  2797.9165 2683.0974 2567.3188 2451.85   2338.0237 2227.1619
   2120.4966 2019.0941 1923.805 ]
  [2917.5059 2810.9229 2701.7773 2591.0815 2480.0127 2369.8494 2261.89
   2157.3633 2057.3508 1962.731 ]
  [2921.54   2820.2336 2716.058  2609.9753 2503.1267 2396.757  2292.124
   2190.4062 2092.6294 1999.6218]]

 [[2803.2495 2659.0862 2516.3342 2377.0166 2243.0518 2116.1533 1997.7366
   1888.8416 1790.0874 1701.6691]
  [2823.007  2680.0254 2538.0222 2399.071  2265.1543 2138.047  2019.2134
   1909.7213 1810.202  1720.8544]
  [2842.6123 2702.2017 2562.227  2424.7432 2291.7388 2165.0151 2046.0741
   1936.0276 1835.5555 1744.9166]
  [2861.44   2724.9443 2588.2517 2453.3188 2322.081  2196.3296 2077.596
   1967.0591 1865.4944 1773.2782]
  [2878.9207 2747.489  2615.1653 2483.7417 2355.0469 2230.832  2112.6567
   2001.7865 1899.1327 1805.2338]
  [2894.5708 2769.0088 2641.8376 2514.6475 2389.1309 2266.9834 2149.787
   2038.904  1935.3925 1839.9664]
  [2907.9556 2788.6213 2666.9912 2544.4575 2422.5784 2302.9907 2187.2903
   2076.916  1973.0488 1876.5508]
  [2918.609  2805.3904 2689.2861 2571.532  2453.5808 2337.0122 2223.415
   2114.259  2010.7877 1913.9507]
  [2925.967  2818.3596 2707.4438 2594.363  2480.4998 2367.3796 2256.5474
   2149.44   2047.2866 1951.0443]
  [2929.3867 2826.6448 2720.3994 2611.762  2502.0725 2392.7917 2285.3784
   2181.174  2081.3164 1986.691 ]]

 [[2791.4622 2649.1487 2508.3513 2371.0408 2239.085  2114.1536 1997.6254
   1890.5106 1793.405  1706.4852]
  [2813.1243 2672.0688 2532.0154 2394.971  2262.8628 2137.4297 2020.1146
   1911.9824 1813.6697 1725.3856]
  [2835.0203 2696.5056 2558.3345 2422.4893 2290.9116 2165.3892 2047.437
   1938.2035 1838.4144 1748.3708]
  [2856.388  2721.6204 2586.4211 2452.6807 2322.313  2197.1353 2078.744
   1968.4038 1866.9788 1774.9136]
  [2876.447  2746.4272 2615.1282 2484.2996 2355.7915 2231.4355 2112.914
   2001.6294 1898.613  1804.487 ]
  [2894.4465 2769.848  2643.1184 2515.8452 2389.795  2266.8008 2148.6204
   2036.7876 1932.499  1836.5515]
  [2909.6738 2790.7708 2668.9644 2545.6897 2422.6304 2301.6047 2184.4146
   2072.6846 1967.7336 1870.4976]
  [2921.4333 2808.1082 2691.2717 2572.2456 2452.6404 2334.2363 2218.829
   2108.0645 2003.3105 1905.5795]
  [2929.0452 2820.8743 2708.8218 2594.1426 2478.3828 2363.2566 2250.4907
   2141.6724 2038.1343 1940.8861]
  [2931.895  2828.2861 2720.7056 2610.3774 2498.7844 2387.54   2278.2449
   2172.3555 2071.0894 1975.382 ]]

 [[2776.9138 2637.0564 2498.8684 2364.2427 2234.9717 2112.6533 1998.6005
   1893.769  1798.7112 1713.5742]
  [2800.2576 2661.7363 2524.2893 2389.8323 2260.2136 2137.1064 2021.9069
   1915.6499 1818.959  1732.0431]
  [2824.1125 2688.0762 2552.3481 2418.8154 2289.353  2165.705  2049.374
   1941.5166 1842.8816 1753.7958]
  [2847.5889 2715.0874 2581.9912 2450.1123 2321.3232 2197.441  2080.0938
   1970.5981 1869.8727 1778.4075]
  [2869.7344 2741.6133 2611.924  2482.3691 2354.8008 2231.1016 2113.0334
   2002.0884 1899.3738 1805.5613]
  [2889.5984 2766.4143 2640.7104 2514.0667 2388.3035 2265.353  2147.0908
   2035.164  1930.8516 1834.9972]
  [2906.2776 2788.2588 2666.8918 2543.6492 2420.308  2298.818  2181.1191
   2068.9546 1963.723  1866.3999]
  [2918.942  2806.0103 2689.1218 2569.6675 2449.372  2330.1543 2213.9453
   2102.5024 1997.2667 1899.2828]
  [2926.873  2818.7212 2706.2917 2590.9167 2474.2537 2358.1396 2244.417
   2134.767  2030.587  1932.9215]
  [2929.5166 2825.722  2717.6343 2606.5454 2494.0242 2381.776  2271.4883
   2164.6917 2062.6616 1966.3733]]

 [[2759.6133 2622.753  2487.7651 2356.4458 2230.4878 2111.3877 2000.3635
   1898.2887 1805.65   1722.5537]
  [2784.3606 2648.907  2514.652  2383.4053 2256.911  2136.75   2024.2407
   1920.3613 1825.6993 1740.4503]
  [2809.796  2676.7468 2544.0342 2413.44   2286.7485 2165.6353 2051.5562
   1945.6445 1848.6425 1760.8868]
  [2834.934  2705.1743 2574.7444 2445.3696 2318.8618 2197.0068 2081.4246
   1973.4409 1873.9906 1783.5831]
  [2858.7097 2732.9397 2605.4316 2477.833  2351.9792 2229.7637 2112.9773
   2003.1451 1901.4031 1808.4415]
  [2880.056  2758.741  2634.6655 2509.3982 2384.7822 2262.799  2145.3796
   2034.2179 1930.6238 1835.4524]
  [2897.9685 2781.3235 2661.0562 2538.6626 2415.9758 2295.0151 2177.7886
   2066.0908 1961.3497 1864.5481]
  [2911.5566 2799.5713 2683.358  2564.3506 2444.3418 2325.3247 2209.297
   2098.0652 1993.0985 1895.453 ]
  [2920.0981 2812.5964 2700.5723 2585.4043 2468.8086 2352.6838 2238.9292
   2129.2715 2025.1395 1927.5967]
  [2923.0938 2819.81   2712.0273 2601.0654 2488.5303 2376.1687 2265.71
   2158.7239 2056.525  1960.1196]]

 [[2739.7288 2606.3381 2475.069  2347.6038 2225.5107 2110.1592 2002.6439
   1903.7295 1813.821  1732.976 ]
  [2765.5984 2633.6672 2503.1094 2375.6133 2252.7988 2136.1296 2026.8188
   1925.7611 1833.4893 1750.1741]
  [2792.257  2662.6248 2533.4202 2406.3105 2282.9727 2164.9875 2053.7334
   1950.2878 1855.3604 1769.2798]
  [2818.669  2692.0603 2564.7925 2438.4978 2314.9111 2195.7559 2082.6045
   1976.7491 1879.1069 1790.1831]
  [2843.723  2720.7112 2595.9055 2470.8962 2347.4775 2227.5142 2112.775
   2004.7665 1904.6104 1812.9891]
  [2866.3132 2747.298  2625.4224 2502.234  2379.5706 2259.4106 2143.6802
   2034.0629 1931.8533 1837.8932]
  [2885.4036 2770.6099 2652.0735 2531.2983 2410.133  2290.6113 2174.7446
   2064.3208 1960.7549 1865.0127]
  [2900.0867 2789.5847 2674.7312 2556.9805 2438.1484 2320.245  2205.2754
   2095.045  1991.0143 1894.2295]
  [2909.6433 2803.383  2692.4807 2578.331  2462.6663 2347.397  2234.4292
   2125.4956 2022.028  1925.0938]
  [2913.599  2811.4539 2704.69   2594.628  2482.874  2371.1765 2261.27
   2154.7378 2052.9111 1956.8197]]

 [[2717.5906 2588.0715 2460.9548 2337.7922 2220.0083 2108.8218 2005.1838
   1909.7329 1822.7828 1744.3414]
  [2744.3406 2616.304  2489.851  2366.537  2247.844  2135.0964 2029.3834
   1931.4971 1841.9022 1760.7405]
  [2771.9358 2646.064  2520.7605 2397.572  2278.0547 2163.6755 2055.7104
   1955.156  1862.6711 1778.5623]
  [2799.335  2676.2075 2552.5024 2429.7578 2309.617  2193.7148 2083.544
   1980.3303 1884.9451 1797.8712]
  [2825.4414 2705.526  2583.8567 2461.9639 2341.5808 2224.5095 2112.4536
   2006.8613 1908.8062 1818.9432]
  [2849.1653 2732.8179 2613.627  2493.1118 2373.0762 2255.4534 2142.1162
   2034.6907 1934.4235 1842.1216]
  [2869.4824 2756.9531 2640.6865 2522.179  2403.2627 2285.9373 2172.1675
   2063.6902 1961.8728 1867.6478]
  [2885.489  2776.9292 2664.0137 2548.1975 2431.2832 2315.2534 2202.0747
   2093.509  1990.9803 1895.5087]
  [2896.4631 2791.9365 2682.7483 2570.2864 2456.267  2342.575  2231.0852
   2123.5015 2021.2345 1925.3411]
  [2901.9258 2801.4236 2696.2556 2587.721  2477.4014 2367.018  2258.2844
   2152.769  2051.8027 1956.4258]]]
"""
