raw_data = """
[[[2345.1128 2261.5671 2179.9043 2101.1025 2026.0187 1955.3623 1889.6759
   1829.3221 1774.4843 1725.1766]
  [2342.0967 2260.0098 2179.8896 2102.7627 2029.5087 1960.8254 1897.2054
   1838.928  1786.0706 1738.5391]
  [2338.8333 2259.2998 2181.811  2107.393  2036.902  1970.9785 1910.024
   1854.2041 1803.4766 1757.6447]
  [2335.4668 2259.602  2185.8545 2115.1917 2048.3835 1985.9581 1928.1833
   1875.0859 1826.5061 1782.1697]
  [2332.4272 2261.265  2192.2776 2126.3062 2063.9697 2005.629  1951.3828
   1901.1138 1854.5638 1811.426 ]
  [2330.4265 2264.807  2201.374  2140.7815 2083.4426 2029.5118 1978.909
   1931.3889 1886.6373 1844.3672]
  [2330.3477 2270.8071 2213.375  2158.4731 2106.2832 2056.749  2009.6337
   1964.6072 1921.3547 1879.6595]
  [2333.0354 2279.7183 2228.2937 2178.945  2131.6323 2086.1274 2042.093
   1999.1783 1957.1206 1915.8068]
  [2339.0413 2291.6514 2245.7798 2201.3994 2158.3052 2116.1719 2074.6387
   2033.4021 1992.2903 1951.3015]
  [2348.4104 2306.2227 2265.0366 2224.6826 2184.879  2145.2937 2105.6245
   2065.6646 2025.3508 1984.7731]]

 [[2360.5889 2276.7202 2194.7231 2115.62   2040.3085 1969.5299 1903.8508
   1843.6466 1789.0996 1740.2137]
  [2359.2673 2276.9468 2196.5454 2119.1284 2045.6129 1976.727  1912.9838
   1854.6746 1801.8776 1754.4918]
  [2358.156  2278.4927 2200.7659 2126.033  2055.1797 1988.8751 1927.5436
   1871.3683 1820.3192 1774.2096]
  [2357.3853 2281.501  2207.5388 2136.482  2069.1252 2006.0237 1947.4775
   1893.5485 1844.1156 1798.9437]
  [2357.3193 2286.2344 2217.0127 2150.4966 2087.3223 2027.8846 1972.3345
   1920.6218 1872.5681 1827.9497]
  [2358.5393 2293.0435 2229.2832 2167.899  2109.3218 2053.7573 2001.2106
   1951.55   1904.5917 1860.1793]
  [2361.718  2302.2517 2244.2893 2188.2368 2134.3044 2082.5198 2032.7758
   1984.9094 1938.7847 1894.3544]
  [2367.4102 2313.9775 2261.6877 2210.7188 2161.0908 2112.703  2065.3965
   2019.0355 1973.5706 1929.0763]
  [2375.8198 2327.961  2280.7593 2234.2144 2188.2266 2142.6445 2097.3306
   2052.222  2007.3704 1962.9539]
  [2386.635  2343.4775 2300.4111 2257.3423 2214.1433 2170.6968 2126.9448
   2082.9226 2038.771  1994.731 ]]

 [[2376.448  2292.8545 2211.1038 2132.2402 2057.183  1986.6956 1921.3593
   1861.5587 1807.478  1759.1145]
  [2377.2834 2295.3467 2215.249  2138.0671 2064.734  1995.9954 1932.3806
   1874.1938 1821.5236 1774.2737]
  [2378.7861 2299.604  2222.197  2147.6218 2076.7754 2010.342  1948.7711
   1892.2732 1840.8505 1794.3463]
  [2381.0361 2305.6992 2232.0117 2160.9429 2093.2905 2029.6357 1970.3204
   1915.4657 1865.0186 1818.8164]
  [2384.2766 2313.7495 2244.6719 2177.8594 2113.9546 2053.3948 1996.4078
   1943.0485 1893.2576 1846.9294]
  [2388.892  2323.8723 2260.0151 2197.9282 2138.0635 2080.7017 2025.9717
   1973.9033 1924.4852 1877.7216]
  [2395.279  2336.08   2277.6528 2220.3809 2164.5234 2110.2283 2057.568
   2006.5928 1957.3817 1910.0743]
  [2403.6572 2350.1355 2296.893  2244.115  2191.9138 2140.359  2089.519
   2039.5065 1990.5062 1942.7808]
  [2413.8816 2365.4395 2316.7183 2267.7712 2218.6392 2169.384  2120.1226
   2071.0483 2022.4369 1974.6338]
  [2425.3433 2381.0227 2335.8662 2289.8848 2243.1328 2195.7283 2147.866
   2099.816  2051.909  2004.5176]]

 [[2392.4075 2309.6626 2228.7224 2150.631  2076.313  2006.5372 1941.892
   1882.7664 1829.345  1781.6189]
  [2395.7822 2314.8193 2235.5913 2159.161  2086.4556 2018.2242 1955.006
   1897.1185 1844.6664 1797.568 ]
  [2400.2537 2322.128  2245.5754 2171.623  2101.1545 2034.8616 1973.2162
   1916.4678 1864.6656 1817.703 ]
  [2405.806  2331.5398 2258.5884 2187.8794 2120.1978 2056.145  1996.1166
   1940.3137 1888.7781 1841.4403]
  [2412.5117 2342.9683 2274.3833 2207.5215 2143.026  2081.3843 2022.9246
   1967.8369 1916.2114 1868.0801]
  [2420.502  2356.2522 2292.505  2229.8267 2168.6943 2109.4858 2052.4888
   1997.9242 1945.9796 1896.8296]
  [2429.858  2371.0713 2312.246  2253.748  2195.9062 2139.018  2083.3677
   2029.2441 1976.9534 1926.8173]
  [2440.4587 2386.858  2332.6255 2277.9712 2223.1248 2168.354  2113.976
   2060.3616 2007.9242 1957.0999]
  [2451.855  2402.756  2352.443  2301.0425 2248.7563 2195.874  2142.768
   2089.879  2037.6888 1986.6907]
  [2463.2456 2417.6821 2370.4094 2321.556  2271.3608 2220.171  2168.415
   2116.5742 2065.147  2014.6187]]

 [[2408.164  2326.7925 2247.1897 2170.38   2097.274  2028.6324 1965.0376
   1906.8748 1854.3223 1807.3622]
  [2414.3523 2334.8984 2257.0642 2181.8748 2110.2324 2042.8744 1980.3392
   1922.9564 1870.8474 1823.9497]
  [2422.0042 2345.4482 2270.2385 2197.3467 2127.6257 2061.7617 2000.2484
   1943.3776 1891.2565 1843.8383]
  [2430.9692 2358.2258 2286.4258 2216.4316 2149.003  2084.7578 2024.1522
   1967.4807 1914.893  1866.4255]
  [2441.109  2372.9036 2305.121  2238.4639 2173.5698 2110.984  2051.1504
   1994.4098 1941.0123 1891.1333]
  [2452.272  2389.025  2325.5835 2262.4707 2200.1973 2139.252  2080.096
   2023.1548 1968.8143 1917.4127]
  [2464.2214 2405.962  2346.84   2287.2144 2227.496  2168.1475 2109.6729
   2052.5981 1997.4442 1944.6971]
  [2476.5332 2422.8884 2367.725  2311.2925 2253.9492 2196.1663 2138.502
   2081.5684 2025.9855 1972.3402]
  [2488.5393 2438.803  2386.9836 2333.291  2278.088  2221.8777 2165.2654
   2108.9119 2053.478  1999.5841]
  [2499.3604 2452.6304 2403.418  2351.9624 2298.6707 2244.0862 2188.8386
   2133.589  2078.9775 2025.5917]]

 [[2423.415  2343.8767 2266.0864 2191.0303 2119.588  2052.495  1990.3134
   1933.4088 1881.9415 1835.8771]
  [2432.5671 2355.0825 2279.1062 2205.606  2135.4404 2069.3188 2007.7688
   1951.1211 1899.5093 1852.891 ]
  [2443.4578 2368.9014 2295.4573 2224.0256 2155.4106 2090.2825 2029.1492
   1972.3444 1920.0325 1872.2301]
  [2455.7732 2384.917  2314.624  2245.6772 2178.8    2114.624  2053.665
   1996.3114 1942.821  1893.3352]
  [2469.145  2402.5544 2335.8472 2269.659  2204.6206 2141.3384 2080.371
   2022.2084 1967.253  1915.8137]
  [2483.1482 2421.0867 2358.1497 2294.8218 2231.6523 2169.2444 2108.2268
   2049.2175 1992.7827 1939.4025]
  [2497.2637 2439.6448 2380.3857 2319.8496 2258.5347 2197.0625 2136.1416
   2076.5095 2018.8737 1963.8582]
  [2510.838  2457.2417 2401.322  2343.3748 2283.8845 2223.5054 2163.0095
   2103.2153 2044.9176 1988.8264]
  [2523.0796 2472.8384 2419.755  2364.1177 2306.4316 2247.3804 2187.766
   2128.432  2070.189  2013.7656]
  [2533.124  2485.454  2434.6453 2381.0293 2325.1465 2267.697  2209.4717
   2151.2778 2093.879  2037.9536]]

 [[2437.8823 2360.567  2285.002  2212.123  2142.7622 2077.6104 2017.1892
   1961.8256 1911.6462 1866.5889]
  [2450.0283 2374.8882 2301.1611 2229.7427 2161.4326 2096.8945 2036.6288
   1980.9546 1930.0087 1883.7623]
  [2464.075  2391.8525 2320.522  2250.898  2183.7244 2119.643  2059.1665
   2002.6593 1950.3364 1902.272 ]
  [2479.5337 2410.8381 2342.3418 2274.7427 2208.7227 2144.92   2083.9011
   2026.1366 1971.9818 1921.6705]
  [2495.8206 2431.0464 2365.65   2300.2012 2235.3252 2171.6824 2109.9336
   2050.6992 1994.5134 1941.795 ]
  [2512.2754 2451.5444 2389.3179 2326.0488 2262.3267 2198.8574 2136.417
   2075.7837 2017.6716 1962.6769]
  [2528.1665 2471.3125 2412.133  2351.0022 2288.4993 2225.3862 2162.541
   2100.8738 2041.2401 1984.3732]
  [2542.6946 2489.2996 2432.893  2373.817  2312.664  2250.2417 2187.492
   2125.399  2064.895  2006.7894]
  [2555.0254 2504.5063 2450.5098 2393.391  2333.7673 2272.4656 2210.441
   2148.6802 2088.1162 2029.5684]
  [2564.3655 2516.081  2464.1143 2408.863  2350.9656 2291.238  2230.5938
   2169.9595 2110.2021 2052.0864]]

 [[2451.3452 2376.568  2303.5757 2233.2385 2166.3247 2103.461  2045.1034
   1991.5209 1942.7896 1898.8127]
  [2466.4102 2393.9016 2322.7354 2253.7236 2187.5913 2124.9417 2066.2295
   2011.7474 1961.6232 1915.8372]
  [2483.4207 2413.772  2344.8188 2277.2837 2211.8425 2149.0974 2089.5503
   2033.5848 1981.4528 1933.2776]
  [2501.7244 2435.371  2368.889  2302.892  2238.0176 2174.9014 2114.146
   2056.2861 2001.7542 1950.8595]
  [2520.5583 2457.7341 2393.84   2329.3887 2264.9976 2201.3708 2139.2505
   2079.3574 2022.3278 1968.6669]
  [2539.0928 2479.805  2418.487  2355.5732 2291.6882 2227.622  2164.264
   2102.5151 2043.2002 1987.0005]
  [2556.462  2500.5024 2441.6453 2380.2812 2317.0605 2252.8528 2188.6667
   2125.5396 2064.4363 2006.169 ]
  [2571.7954 2518.7878 2462.2068 2402.437  2340.1582 2276.2927 2211.9114
   2148.1182 2085.9473 2026.2836]
  [2584.2676 2533.738  2479.2175 2421.1123 2360.1245 2297.1858 2233.3625
   2169.7505 2107.3767 2047.1332]
  [2593.1702 2544.625  2491.9524 2435.5938 2376.2534 2314.831  2252.331
   2189.771  2128.1055 2068.1726]]

 [[2463.6658 2391.6724 2321.5261 2254.0215 2189.8435 2129.5352 2073.4673
   2021.8306 1974.6415 1931.767 ]
  [2481.4958 2411.8193 2343.438  2277.0718 2213.3594 2152.829  2095.8765
   2042.7534 1993.5715 1948.318 ]
  [2501.2102 2434.2798 2367.8767 2302.6294 2239.141  2177.9646 2119.581
   2064.3772 2012.6305 1964.5045]
  [2522.02   2458.1042 2393.7734 2329.5664 2266.0752 2203.9248 2143.7393
   2086.0962 2031.4834 1980.2672]
  [2543.0396 2482.2302 2419.9724 2356.7322 2293.121  2229.8726 2167.7864
   2107.6519 2050.177  1995.927 ]
  [2563.3396 2505.5627 2445.3206 2383.035  2319.3628 2255.1558 2191.3833
   2129.0283 2068.9907 2012.0065]
  [2581.9902 2527.0334 2468.725  2407.4753 2343.9927 2279.2266 2214.2737
   2150.2563 2088.21   2028.9987]
  [2598.1045 2545.6594 2489.2007 2429.1528 2366.2627 2301.5347 2236.125
   2171.2197 2107.9192 2047.1592]
  [2610.8906 2560.6008 2505.9165 2447.2861 2385.471  2321.4766 2256.4468
   2191.5496 2127.879  2066.3809]
  [2619.7156 2571.2278 2518.2517 2461.259  2400.9995 2338.4282 2274.614
   2210.641  2147.5293 2086.1792]]

 [[2474.802  2405.7668 2338.6587 2274.1824 2212.9268 2155.331  2101.6694
   2052.046  2006.4149 1964.6128]
  [2495.1912 2428.4604 2362.9912 2299.4067 2238.2515 2179.9702 2124.8909
   2073.221  2025.0536 1980.3823]
  [2517.3157 2453.1562 2389.3772 2326.5176 2265.1067 2205.646  2148.5889
   2094.317  2043.1228 1995.2014]
  [2540.2925 2478.8203 2416.6904 2354.3745 2292.4243 2231.4512 2172.0864
   2114.933  2060.5146 2009.2377]
  [2563.169  2504.3665 2443.8054 2381.919  2319.316  2256.7485 2195.0508
   2135.055  2077.5093 2023.0178]
  [2584.9797 2528.726  2469.6648 2408.22   2345.0757 2281.1257 2217.389
   2154.896  2094.5852 2037.225 ]
  [2604.787  2550.8933 2493.3044 2432.458  2369.108  2304.2573 2239.0564
   2174.6738 2112.1802 2052.467 ]
  [2621.721  2569.9617 2513.864  2453.8904 2390.837  2325.7632 2259.8765
   2194.4058 2130.4878 2069.085 ]
  [2635.03   2585.1692 2530.6133 2471.8455 2409.672  2345.145  2279.453
   2213.8083 2149.3423 2087.0337]
  [2644.1387 2595.9507 2542.9944 2485.7651 2425.0427 2361.8174 2297.1982
   2232.311  2168.2227 2105.873 ]]]
"""
