raw_data = """
[[[2564.6462 2455.0708 2347.0393 2241.9033 2140.9038 2045.1189 1955.4233
   1872.4539 1796.594  1727.9779]
  [2569.091  2460.8994 2354.2256 2250.4775 2150.9307 2056.6692 1968.5363
   1887.1044 1812.6699 1745.2769]
  [2572.3804 2466.849  2362.8171 2261.691  2164.7263 2072.9565 1987.1467
   1907.7686 1835.0173 1768.852 ]
  [2574.4585 2472.883  2372.8044 2275.5586 2182.3071 2093.9688 2011.177
   1934.2751 1863.3541 1798.3154]
  [2575.6018 2479.1838 2384.268  2292.044  2203.5056 2119.3896 2040.155
   1966.0044 1896.9415 1832.8535]
  [2576.4365 2486.1562 2397.3616 2311.0273 2227.9158 2148.5374 2073.159
   2001.852  1934.5717 1871.2407]
  [2577.8325 2494.3276 2412.221  2332.2268 2254.844  2180.3496 2108.836
   2040.2828 1974.6471 1911.9309]
  [2580.6787 2504.1492 2428.81   2355.1057 2283.2856 2213.4312 2145.5146
   2079.486  2015.3494 1953.2135]
  [2585.6064 2515.767  2446.763  2378.8042 2311.9526 2246.169  2181.3862
   2117.5854 2054.852  1993.3997]
  [2592.7502 2528.849  2465.2996 2402.1528 2339.376  2276.9062 2214.7148
   2152.8625 2091.5244 2030.9902]]

 [[2571.0964 2460.852  2352.1445 2246.3809 2144.854  2048.6865 1958.7858
   1875.8097 1800.1454 1731.9175]
  [2577.2163 2468.4133 2361.0771 2256.6685 2156.512  2061.7383 1973.2247
   1891.5684 1817.0746 1749.7845]
  [2582.695  2476.6277 2371.9404 2270.083  2172.358  2079.8462 1993.3544
   1913.39   1840.1738 1773.682 ]
  [2587.453  2485.429  2384.6838 2286.585  2192.338  2102.912  2018.9979
   1940.9978 1869.0592 1803.1346]
  [2591.6821 2494.8938 2399.264  2305.9976 2216.13   2130.4604 2049.5312
   1973.6411 1902.8959 1837.2784]
  [2595.8533 2505.2349 2415.6091 2327.9546 2243.0781 2161.5757 2083.835
   2010.0742 1940.4038 1874.8901]
  [2600.5957 2516.6924 2433.5342 2351.8394 2272.1677 2194.9155 2120.3457
   2048.6387 1979.9552 1914.4789]
  [2606.4814 2529.3542 2452.618  2376.7366 2302.0532 2228.8145 2157.213
   2087.4438 2019.7477 1954.4287]
  [2613.7703 2542.9746 2472.1106 2401.442  2331.1704 2261.47   2192.5322
   2124.6064 2058.018  1993.1652]
  [2622.228  2556.8752 2490.9346 2424.5623 2357.912  2291.1714 2224.586
   2158.476  2093.2336 2029.2988]]

 [[2576.8413 2466.6052 2357.891  2252.1343 2150.6558 2054.6057 1964.9142
   1882.2539 1807.018  1739.3258]
  [2584.9983 2476.279  2368.9553 2264.505  2164.2795 2069.4363 1980.8815
   1899.2341 1824.8192 1757.6873]
  [2593.0315 2487.114  2382.415  2280.3936 2182.3743 2089.4712 2002.5314
   1922.1078 1848.4641 1781.6158]
  [2600.802  2498.9668 2398.1265 2299.6475 2204.7554 2114.4678 2029.5406
   1950.4579 1877.4519 1810.5553]
  [2608.367  2511.752  2415.8608 2321.888  2230.8965 2143.757  2061.1194
   1983.4136 1910.8844 1843.6405]
  [2615.9739 2525.4258 2435.2676 2346.4668 2259.8762 2176.2017 2095.9915
   2019.6537 1947.491  1879.7363]
  [2623.9497 2539.889  2455.8098 2372.4302 2290.3914 2210.2478 2132.4785
   2057.5073 1985.728  1917.5126]
  [2632.503  2554.851  2476.6975 2398.5398 2320.8484 2244.0786 2168.6865
   2095.1416 2023.9316 1955.5483]
  [2641.527  2569.7134 2496.8752 2423.3594 2349.543  2275.8494 2202.7542
   2130.7832 2060.4941 1992.4485]
  [2650.492  2583.5583 2515.1064 2445.4246 2374.8813 2303.9282 2233.0864
   2162.9248 2094.0278 2026.9607]]

 [[2581.5872 2472.0122 2363.946  2258.8247 2157.975  2062.5566 1973.5078
   1891.5103 1816.9602 1749.975 ]
  [2592.0444 2484.0789 2377.424  2273.548  2173.8018 2079.352  1991.1217
   1909.7529 1835.5944 1768.7148]
  [2602.8655 2497.751  2393.6655 2292.046  2194.214  2101.3018 2014.1942
   1933.4961 1859.5295 1792.3641]
  [2613.8147 2512.7625 2412.378  2313.994  2218.8394 2127.9712 2042.2207
   1962.1694 1888.1564 1820.3116]
  [2624.7656 2528.8171 2433.0996 2338.7732 2246.921  2158.4917 2074.2617
   1994.8184 1920.5665 1851.7542]
  [2635.695  2545.5728 2455.1753 2365.4478 2277.2964 2191.5562 2108.9614
   2030.1375 1955.5942 1885.7317]
  [2646.59   2562.5796 2477.7346 2392.781  2308.459  2225.509  2144.6516
   2066.57   1991.8915 1921.1637]
  [2657.3013 2579.2021 2499.6912 2419.317  2338.701  2258.5308 2179.5366
   2102.4639 2028.0311 1956.8937]
  [2667.4104 2594.583  2519.8079 2443.5327 2366.3271 2288.87   2211.9148
   2136.245  2062.6235 1991.7465]
  [2676.2002 2607.701  2536.8352 2464.0342 2389.879  2315.0688 2240.3755
   2166.5835 2094.4385 2024.6075]]

 [[2585.0452 2476.7368 2369.937  2266.059  2166.4126 2072.1455 1984.1914
   1903.2277 1829.6487 1763.5653]
  [2597.944  2491.3481 2385.982  2283.2751 2184.5542 2090.976  2003.4689
   1922.691  1849.0127 1782.5269]
  [2611.6301 2507.9111 2405.0247 2304.3574 2207.2046 2114.7026 2027.7675
   1947.0564 1872.9545 1805.5935]
  [2625.7368 2525.9976 2426.5825 2328.7678 2233.7695 2142.6772 2056.3975
   1975.6172 1900.7885 1832.1438]
  [2639.9226 2545.071  2449.9397 2355.6409 2263.272  2173.862  2088.321
   2007.3997 1931.6661 1861.5018]
  [2653.8748 2564.4888 2474.1567 2383.7976 2294.3784 2206.8704 2122.203
   2041.215  1964.6152 1892.9524]
  [2667.2495 2583.4873 2498.0957 2411.8154 2325.4995 2240.0786 2156.513
   2075.7314 1998.5693 1925.7223]
  [2679.5864 2601.1692 2520.4888 2438.1584 2354.957  2271.7983 2189.671
   2109.5645 2032.3966 1958.9531]
  [2690.249  2616.5356 2540.0508 2461.3494 2381.1863 2300.472  2220.2046
   2141.3867 2064.9492 1991.6975]
  [2698.452  2628.5854 2555.6338 2480.1592 2402.9275 2324.8486 2246.8984
   2170.038  2095.1436 2022.9673]]

 [[2586.9536 2480.4568 2375.493  2273.4316 2175.544  2082.9468 1996.5494
   1917.0089 1844.7026 1779.7294]
  [2602.3115 2497.6306 2394.117  2293.1387 2195.9766 2103.7578 2017.3988
   1937.5626 1864.6332 1798.7233]
  [2618.7847 2516.976  2415.8188 2316.626  2220.6484 2129.0107 2042.6478
   1962.261  1888.2933 1820.9343]
  [2635.8555 2537.882  2439.9055 2343.1294 2248.7437 2157.861  2071.455
   1990.3087 1914.9789 1845.7905]
  [2652.9634 2559.576  2465.4265 2371.5713 2279.1184 2189.1702 2102.7615
   2020.7917 1943.9728 1872.8005]
  [2669.5242 2581.1558 2491.2202 2400.6165 2310.3699 2221.5815 2135.3584
   2052.7273 1974.5629 1901.5339]
  [2684.9148 2601.6228 2515.9895 2428.7805 2340.9565 2253.6248 2167.9546
   2085.0806 2006.0067 1931.5409]
  [2698.4458 2619.924  2538.4055 2454.5713 2369.3452 2283.8376 2199.252
   2116.7761 2037.482  1962.2563]
  [2709.36   2635.0276 2557.2402 2476.6506 2394.1694 2310.897  2228.0264
   2146.731  2068.0747 1992.9476]
  [2716.8936 2646.0295 2571.5027 2493.981  2414.3716 2333.745  2253.2324
   2173.9312 2096.8242 2022.7358]]

 [[2587.1145 2482.9043 2380.287  2280.5708 2184.9683 2094.5435 2010.1572
   1932.4247 1861.6902 1798.0281]
  [2604.8372 2502.538  2401.3743 2302.6367 2207.5396 2117.1606 2032.3845
   1953.859  1881.9694 1816.8391]
  [2623.8926 2524.427  2425.4626 2328.2273 2233.9114 2143.6094 2058.2585
   1978.5865 1905.0786 1837.972 ]
  [2643.6123 2547.781  2451.6614 2356.3787 2263.0854 2172.9033 2086.8542
   2005.795  1930.3654 1860.9641]
  [2663.2405 2571.6313 2478.8416 2385.8733 2293.8376 2203.896  2117.1812
   2034.7101 1957.3046 1885.5466]
  [2681.976  2594.8928 2505.7156 2415.329  2324.8096 2235.3652 2148.2422
   2064.6128 1985.4739 1911.5793]
  [2698.9944 2616.4304 2530.9395 2443.3152 2354.6113 2266.0757 2179.0396
   2094.79   2014.4526 1938.9131]
  [2713.4656 2635.136  2553.2236 2468.4714 2381.9197 2294.8308 2208.5688
   2124.4658 2043.7056 1967.2437]
  [2724.59   2650.0151 2571.4524 2489.6304 2405.5784 2320.5352 2235.835
   2152.7764 2072.521  1996.024 ]
  [2731.6692 2660.2844 2584.79   2505.9248 2424.694  2342.2783 2259.92
   2178.8174 2100.0376 2024.4692]]

 [[2585.4243 2483.9067 2384.0828 2287.183  2194.3438 2106.5513 2024.5931
   1949.0197 1880.1232 1817.943 ]
  [2605.339  2505.8064 2407.4167 2311.3691 2218.7942 2130.7    2047.9177
   1971.059  1900.4921 1836.3429]
  [2626.6956 2529.919  2433.5388 2338.6875 2246.484  2157.974  2074.0764
   1995.522  1922.818  1856.2347]
  [2648.6948 2555.306  2461.4045 2368.036  2276.3066 2187.3286 2102.1475
   2021.6638 1946.5702 1877.3174]
  [2670.435  2580.8677 2489.7886 2398.1492 2307.0557 2217.704  2131.2915
   2048.9097 1971.4521 1899.5573]
  [2690.971  2605.4265 2517.3796 2427.7031 2337.5112 2248.087  2160.7695
   2076.8247 1997.325  1923.0775]
  [2709.3604 2627.805  2542.8792 2455.4019 2366.497  2277.5112 2189.8833
   2104.9966 2024.051  1947.9795]
  [2724.7056 2646.9104 2565.0967 2480.0562 2392.9148 2305.038  2217.894
   2132.9077 2051.3325 1974.1691]
  [2736.2095 2661.8152 2583.0374 2500.66   2415.79   2329.7593 2243.9917
   2159.8699 2078.6206 2001.2479]
  [2743.2407 2671.838  2595.9849 2516.464  2434.3398 2350.8623 2267.3455
   2185.058  2105.1318 2028.5106]]

 [[2581.9001 2483.4133 2386.7578 2293.0742 2203.4014 2118.6265 2039.4412
   1966.3086 1899.4546 1838.8792]
  [2603.794  2507.3323 2412.0579 2319.0674 2229.3958 2143.9614 2063.521
   1988.6324 1919.6329 1856.6431]
  [2627.148  2533.3225 2439.8335 2347.7163 2258.0068 2171.6885 2089.6387
   2012.5712 1940.9945 1875.1975]
  [2651.0676 2560.3467 2468.9543 2377.8577 2288.1106 2200.7993 2116.9648
   2037.5208 1963.1843 1894.4347]
  [2674.567  2587.2512 2498.1836 2408.2725 2318.608  2230.398  2144.8667
   2063.1392 1986.1427 1914.5441]
  [2696.6292 2612.8464 2526.2717 2437.7703 2348.4768 2259.7158 2172.873
   2089.2583 2009.9784 1935.8638]
  [2716.2625 2635.9834 2552.026  2465.232  2376.7708 2288.0457 2200.5508
   2115.7168 2034.7765 1958.6819]
  [2732.5525 2655.6223 2574.3748 2489.639  2402.5942 2314.6655 2227.377
   2142.1982 2060.4167 1983.0546]
  [2744.7178 2670.902  2592.4268 2510.112  2425.112  2338.809  2252.6777
   2168.143  2086.4712 2008.6948]
  [2752.178  2681.2083 2605.5376 2525.9702 2443.6013 2359.7168 2275.6724
   2192.7798 2112.2153 2034.9637]]

 [[2576.69   2481.5024 2388.3093 2298.147  2211.9412 2130.462  2054.2856
   1983.7781 1919.0923 1860.1902]
  [2600.343  2507.1736 2415.2615 2325.595  2239.1    2156.5947 2078.7485
   2006.0529 1938.8058 1877.1185]
  [2625.4077 2534.7092 2444.3242 2355.1902 2268.2554 2184.4314 2104.539
   2029.2573 1959.0815 1894.3062]
  [2650.9397 2563.0317 2474.351  2385.7925 2298.354  2213.0823 2130.9912
   2052.9822 1979.7722 1911.8494]
  [2675.9216 2590.9988 2504.1692 2416.302  2328.4668 2241.8613 2157.704
   2077.1194 2001.0364 1930.1271]
  [2699.327  2617.4736 2532.6458 2445.7046 2357.7915 2270.2417 2184.4492
   2101.7253 2023.1768 1949.6329]
  [2720.1636 2641.3755 2558.722  2473.0635 2385.5947 2297.7402 2211.0063
   2126.8274 2046.4342 1970.7754]
  [2737.5254 2661.7324 2581.442  2497.5107 2411.1477 2323.8008 2237.0085
   2152.247  2070.8057 1993.7058]
  [2750.651  2677.7373 2599.9905 2518.2554 2433.7087 2347.753  2261.875
   2177.5137 2095.9443 2018.2113]
  [2758.9858 2688.8079 2613.7559 2534.6443 2452.5796 2368.859  2284.8525
   2201.89   2121.171  2043.7056]]]
"""
