raw_data = """
[[[2264.9744 2189.399  2115.871  2045.261  1978.3138 1915.6288 1857.6439
   1804.6334 1756.7097 1713.8411]
  [2258.914  2184.726  2112.7043 2043.7694 1978.6881 1918.0471 1862.2312
   1811.4264 1765.6353 1724.712 ]
  [2252.9097 2181.1392 2111.641  2045.3419 1982.988  1925.1094 1872.0007
   1823.7317 1780.1816 1741.0975]
  [2247.1772 2178.8765 2112.9438 2050.2527 1991.4713 1937.0221 1887.0696
   1841.5459 1800.2098 1762.7256]
  [2242.2036 2178.3525 2116.9414 2058.727  2004.2383 1953.7373 1907.227
   1864.4978 1825.2096 1788.9884]
  [2238.7356 2180.1333 2123.9893 2070.886  2021.1582 1974.8744 1931.8654
   1891.798  1854.2767 1818.9432]
  [2237.667  2184.8257 2134.3652 2086.651  2041.7976 1999.6758 1959.9672
   1922.2606 1886.1588 1851.3702]
  [2239.8315 2192.8909 2148.1143 2105.6392 2065.3713 2027.0197 1990.1731
   1954.4043 1919.3693 1884.8793]
  [2245.7593 2204.4375 2164.9019 2127.0886 2090.748  2055.4978 2020.9116
   1986.6117 1952.3494 1918.0461]
  [2255.4697 2219.0713 2183.9355 2149.8628 2116.5308 2083.5576 2050.5767
   2017.3147 1983.634  1949.5521]]

 [[2284.3386 2208.5437 2134.7852 2063.9756 1996.8976 1934.1796 1876.2798
   1823.4812 1775.8945 1733.4757]
  [2279.9685 2205.6577 2133.4688 2064.3594 1999.1301 1938.3933 1882.5508
   1831.7946 1786.1255 1745.3875]
  [2276.0874 2204.3047 2134.6948 2068.21   2005.6254 1947.4924 1894.1234
   1845.599  1801.8055 1762.4937]
  [2272.9026 2204.7068 2138.6953 2075.7554 2016.5753 1961.5983 1911.0123
   1864.7769 1822.6807 1784.4215]
  [2270.8428 2207.1992 2145.7004 2087.102  2031.9434 1980.5143 1932.8588
   1888.8237 1848.1385 1810.5046]
  [2270.5342 2212.1924 2155.879  2102.1587 2051.378  2003.6471 1958.87
   1916.814  1877.2023 1839.7981]
  [2272.6724 2220.0503 2169.229  2120.5522 2074.1565 2029.9835 1987.8328
   1947.4441 1908.5885 1871.1354]
  [2277.8152 2230.913  2185.4507 2141.5542 2099.1797 2058.149  2018.2185
   1979.159  1940.8296 1903.2213]
  [2286.154  2244.5269 2203.8481 2164.0737 2125.0476 2086.5488 2048.3604
   2010.3317 1972.4282 1934.7463]
  [2297.356  2260.1577 2223.331  2186.7434 2150.2146 2113.5642 2076.66
   2039.4569 2002.0165 1964.5035]]

 [[2304.5322 2229.0952 2155.6619 2085.1675 2018.4144 1956.0503 1898.5468
   1846.194  1799.1022 1757.2185]
  [2302.3555 2228.5205 2156.726  2087.942  2022.9823 1962.4734 1906.83
   1856.2533 1810.7496 1770.1646]
  [2301.101  2229.9004 2160.7144 2094.4946 2032.0219 1973.8606 1920.3414
   1871.5665 1827.4478 1787.762 ]
  [2300.9272 2233.3906 2167.772  2104.9438 2045.5944 1990.1846 1938.9379
   1891.8627 1848.8096 1809.5405]
  [2302.1504 2239.1865 2177.9648 2119.212  2063.469  2011.0581 1962.0907
   1916.5073 1874.1466 1834.8219]
  [2305.209  2247.476  2191.213  2136.9504 2085.046  2035.674  1988.851
   1944.4924 1902.4836 1862.742 ]
  [2310.5352 2258.3245 2207.1997 2157.477  2109.3325 2062.816  2017.8909
   1974.4988 1932.6149 1892.2892]
  [2318.3628 2271.5261 2225.2827 2179.759  2134.9922 2090.9614 2047.6351
   2005.0212 1963.2039 1922.3572]
  [2328.5405 2286.492  2244.4702 2202.4756 2160.481  2118.4653 2076.4526
   2034.5388 1992.9065 1951.8171]
  [2340.4392 2302.2412 2263.4966 2224.168  2184.2456 2143.7725 2102.8584
   2061.6858 2020.5017 1979.602 ]]

 [[2325.2817 2250.7554 2178.189  2108.516  2042.545  1980.929  1924.145
   1872.486  1826.0608 1784.8073]
  [2325.7307 2252.9436 2182.0884 2114.1194 2049.8472 1989.8971 1934.691
   1884.4415 1839.1656 1798.721 ]
  [2327.5073 2257.4502 2189.2026 2123.6873 2061.67   2003.7178 1950.1791
   1901.1887 1856.701  1816.5375]
  [2330.6768 2264.31   2199.529  2137.1614 2077.879  2022.1569 1970.2643
   1922.2825 1878.1486 1837.7144]
  [2335.388  2273.5215 2212.9102 2154.228  2098.0083 2044.6168 1994.2538
   1946.9858 1902.7933 1861.623 ]
  [2341.8347 2284.999  2228.98   2174.2617 2121.2192 2070.1133 2021.1044
   1974.2917 1929.751  1887.5665]
  [2350.1423 2298.483  2247.107  2196.3064 2146.3154 2097.3208 2049.486
   2002.9808 1958.0004 1914.7759]
  [2360.2117 2313.4434 2266.3638 2219.1152 2171.8403 2124.704  2077.9102
   2031.7169 1986.432  1942.4039]
  [2371.5903 2329.0352 2285.5732 2241.2698 2196.247  2150.6997 2104.8962
   2059.1733 2013.918  1969.5396]
  [2383.4531 2344.1562 2303.436  2261.3633 2218.103  2173.9167 2129.141
   2084.1658 2039.4019 1995.263 ]]

 [[2346.2815 2273.1724 2201.976  2133.6084 2068.8647 2008.3907 1952.658
   1901.9539 1856.3787 1815.8589]
  [2349.6865 2278.4653 2209.0508 2142.361  2079.1804 2020.1227 1965.6073
   1915.8545 1870.896  1830.6044]
  [2354.7642 2286.3481 2219.5066 2155.1064 2093.8809 2036.388  1982.9935
   1933.8711 1889.0272 1848.3413]
  [2361.4434 2296.6863 2233.1372 2171.5571 2112.5864 2056.713  2004.259
   1955.3927 1910.1553 1868.5026]
  [2369.662  2309.2366 2249.526  2191.137  2134.591  2080.3044 2028.5833
   1979.6383 1933.6068 1890.5776]
  [2379.3367 2323.62   2268.0195 2212.9685 2158.8662 2106.075  2054.9194
   2005.6959 1958.6755 1914.1084]
  [2390.277  2339.272  2287.7207 2235.9004 2184.1167 2132.7104 2082.0557
   2032.552  1984.61   1938.6273]
  [2402.0847 2355.4036 2307.5159 2258.5942 2208.9001 2158.79   2108.702
   2059.1292 2010.5878 1963.5803]
  [2414.0889 2371.0217 2326.168  2279.6665 2231.79   2182.9365 2133.603
   2084.3433 2035.7229 1988.2854]
  [2425.3813 2385.0298 2342.4663 2297.8643 2251.5493 2203.9712 2155.6636
   2107.1936 2059.1191 2011.958 ]]

 [[2367.2131 2295.9624 2226.588  2159.9702 2096.8765 2037.9293 1983.5792
   1934.0947 1889.5554 1849.8682]
  [2373.7815 2304.5684 2237.0352 2172.0442 2110.3364 2052.4976 1998.9347
   1949.8678 1905.3383 1865.2358]
  [2382.2766 2315.915  2250.879  2187.9617 2127.8477 2071.0762 2018.0242
   1968.9039 1923.7772 1882.5854]
  [2392.4575 2329.6602 2267.6733 2207.1772 2148.7725 2092.9543 2040.1012
   1990.4712 1944.2136 1901.3893]
  [2404.0303 2345.3062 2286.7407 2228.8691 2172.1992 2117.2004 2064.2893
   2013.8224 1966.0907 1921.319 ]
  [2416.6328 2362.2004 2307.1846 2251.9734 2196.9968 2142.722  2089.6377
   2038.229  1988.9504 1942.1998]
  [2429.7942 2379.533  2327.9287 2275.253  2221.89   2168.331  2115.1504
   2062.9583 2012.3552 1963.884 ]
  [2442.8838 2396.3516 2347.7864 2297.398  2245.5645 2192.8184 2139.8071
   2087.2324 2035.7882 1986.1083]
  [2455.106  2411.624  2365.571  2317.158  2266.7908 2215.044  2162.6072
   2110.2183 2058.5986 2008.4064]
  [2465.568  2424.3462 2380.2312 2333.482  2284.5503 2234.04   2182.644
   2131.079  2080.0303 2030.1138]]

 [[2387.7668 2318.7427 2251.5789 2187.107  2126.0503 2068.9895 2016.3356
   1968.3176 1924.9802 1886.2007]
  [2397.5803 2330.73   2265.444  2202.513  2142.6191 2086.3047 2033.949
   1985.7592 1941.7786 1901.9097]
  [2409.4607 2345.4675 2282.5562 2221.433  2162.7212 2106.9302 2054.4407
   2005.4946 1960.2053 1918.5737]
  [2422.9824 2362.3948 2302.2283 2243.0735 2185.4866 2129.9658 2076.939
   2026.7472 1979.6398 1935.7745]
  [2437.6257 2380.7803 2323.5586 2266.424  2209.874  2154.4272 2100.602
   2048.8867 1999.7089 1953.4126]
  [2452.7869 2399.754  2345.4854 2290.331  2234.754  2179.3193 2124.662
   2071.4324 2020.2394 1971.6058]
  [2467.775  2418.3474 2366.8577 2313.58   2258.9734 2203.665  2148.398
   2093.961  2041.1095 1990.507 ]
  [2481.8127 2435.5427 2386.516  2334.982  2281.42   2226.5125 2171.0786
   2115.9902 2062.0862 2010.1111]
  [2494.0625 2450.3472 2403.3918 2353.466  2301.084  2246.9614 2191.9421
   2136.9133 2082.7256 2030.1378]
  [2503.7036 2461.8914 2416.6094 2368.1775 2317.1426 2264.2236 2210.2383
   2156.0269 2102.3855 2050.023 ]]

 [[2407.671  2341.1675 2276.534  2214.543  2155.8562 2100.9917 2050.2993
   2003.9484 1961.9325 1924.0923]
  [2420.6953 2356.4717 2293.7144 2233.1318 2175.3337 2120.803  2069.874
   2022.7281 1979.4016 1939.8059]
  [2435.8054 2374.3938 2313.8362 2254.746  2197.6772 2143.1    2091.3853
   2042.7963 1997.4873 1955.5133]
  [2452.398  2394.1716 2336.002  2278.393  2221.8523 2166.876  2113.9297
   2063.4233 2015.6895 1970.9711]
  [2469.7583 2414.8894 2359.156  2302.959  2246.7847 2191.1938 2136.7896
   2084.1675 2033.8668 1986.3285]
  [2487.1035 2435.5417 2382.1675 2327.3027 2271.4426 2215.2366 2159.4368
   2104.8242 2052.13   2001.974 ]
  [2503.602  2455.093  2403.904  2350.3203 2294.8667 2238.2798 2181.4375
   2125.2646 2070.638  2018.3113]
  [2518.403  2472.534  2423.3008 2370.9905 2316.1665 2259.6284 2202.3271
   2145.2642 2089.3916 2035.5398]
  [2530.6824 2486.9536 2439.4282 2388.4238 2334.537  2278.5894 2221.5425
   2164.3992 2108.113  2053.526 ]
  [2539.7136 2497.6172 2451.5679 2401.9263 2349.3047 2294.5073 2238.4482
   2182.0645 2126.246  2071.7866]]

 [[2426.7197 2362.9556 2301.0986 2241.8462 2185.7827 2133.3445 2084.7974
   2040.2347 1999.5906 1962.668 ]
  [2442.825  2381.3997 2321.361  2263.3267 2207.8223 2155.2568 2105.9087
   2059.9214 2017.3176 1978.0203]
  [2460.921  2402.203  2344.1309 2287.225  2231.9658 2178.776  2128.0093
   2079.9395 2034.7512 1992.5483]
  [2480.2502 2424.442  2368.3599 2312.4282 2257.1099 2202.8926 2150.2676
   2099.6978 2051.581  2006.2279]
  [2499.9602 2447.089  2392.9246 2337.8171 2282.2456 2226.8047 2172.1602
   2118.9902 2067.9153 2019.4506]
  [2519.1555 2469.086  2416.7136 2362.3472 2306.5115 2249.9219 2193.419
   2137.8784 2084.1182 2032.8282]
  [2536.9368 2489.4036 2438.6826 2385.0767 2329.1658 2271.772  2213.87
   2156.4824 2100.5686 2046.948 ]
  [2552.4377 2507.0918 2457.8923 2405.1614 2349.5295 2291.8828 2233.267
   2174.7756 2117.44   2062.1528]
  [2564.8743 2521.3325 2473.5454 2421.8687 2366.961  2309.7212 2251.1948
   2192.4683 2134.5718 2078.41  ]
  [2573.6077 2531.501  2485.0408 2434.6167 2380.8877 2324.7183 2267.0918
   2209.0205 2151.4692 2095.2983]]

 [[2444.788  2383.9106 2324.9902 2268.6387 2215.3467 2165.4504 2119.121
   2076.3687 2037.0662 2000.9893]
  [2463.7712 2405.225  2347.9949 2292.6025 2239.4814 2188.961  2141.256
   2096.4707 2054.6147 2015.6255]
  [2484.5532 2428.542  2372.9854 2318.313  2264.933  2213.2217 2163.5105
   2116.0767 2071.1318 2028.8195]
  [2506.264  2452.835  2398.838  2344.6287 2290.6304 2237.3223 2185.214
   2134.8047 2086.5408 2040.7843]
  [2527.9692 2477.037  2424.4463 2370.5107 2315.7085 2260.6602 2206.0781
   2152.6948 2101.1877 2052.122 ]
  [2548.7285 2500.1094 2448.7874 2395.0706 2339.5137 2282.8823 2226.0786
   2170.0396 2115.6377 2063.6064]
  [2567.631  2521.0815 2470.9434 2417.545  2361.5156 2303.7388 2245.2551
   2187.1453 2130.4204 2075.9385]
  [2583.833  2539.0854 2490.1055 2437.253  2381.213  2322.9314 2263.517
   2204.1196 2145.8179 2089.5425]
  [2596.6013 2553.3909 2505.5881 2453.583  2398.0818 2340.0366 2280.5486
   2220.7568 2161.7402 2104.4453]
  [2605.3684 2563.4548 2516.8677 2466.0215 2411.6084 2354.534  2295.8281
   2236.5554 2177.732  2120.2676]]]
"""
